***********************************
Experiment parameters:
Experiment results:
Permutations:
I U RANK QCV rand PATH 
1 248 121 2 47 2 
2 224 2 188 186 56 
3 136 33 136 180 256 
4 121 53 9 273 249 
5 238 262 238 176 238 
6 14 248 14 14 15 
7 69 227 69 135 69 
8 189 240 189 167 189 
9 88 152 88 267 88 
10 203 153 203 142 203 
11 225 150 225 234 225 
12 22 160 211 72 211 
13 171 23 171 245 171 
14 41 270 41 57 41 
15 75 168 253 66 75 
16 124 55 124 125 124 
17 31 117 31 207 31 
18 140 254 15 254 22 
19 158 258 158 171 158 
20 72 224 217 104 38 
21 29 59 29 5 29 
22 15 72 22 93 39 
23 279 162 279 65 279 
24 102 51 102 76 102 
25 247 126 247 15 247 
26 132 192 132 52 132 
27 78 190 78 151 78 
28 253 228 75 42 253 
29 52 273 52 185 52 
30 155 137 155 159 155 
31 64 138 64 274 64 
32 23 144 23 265 23 
33 89 196 89 100 89 
34 59 242 148 48 50 
35 168 133 168 217 168 
36 137 65 137 188 137 
37 255 206 255 107 255 
38 125 269 125 13 125 
39 173 194 173 55 173 
40 16 176 16 213 16 
41 5 129 5 199 5 
42 35 169 35 123 35 
43 44 8 44 221 44 
44 256 27 256 191 136 
45 120 101 120 153 120 
46 206 32 206 124 206 
47 161 233 161 183 161 
48 68 68 68 233 68 
49 85 9 242 204 53 
50 251 54 251 215 251 
51 183 156 183 237 183 
52 115 277 115 212 115 
53 259 211 259 37 259 
54 174 239 174 109 174 
55 229 226 229 7 229 
56 57 57 57 249 57 
57 38 188 38 219 60 
58 54 56 54 277 54 
59 32 271 32 43 32 
60 84 84 84 88 84 
61 100 165 100 130 100 
62 18 18 18 252 18 
63 63 230 63 182 63 
64 95 78 95 211 95 
65 204 11 204 268 204 
66 246 113 246 146 246 
67 103 103 103 270 103 
68 114 80 114 114 114 
69 9 234 39 260 72 
70 230 88 230 192 230 
71 67 41 67 132 67 
72 1 20 1 226 1 
73 263 244 263 34 263 
74 270 95 270 129 270 
75 212 43 212 209 212 
76 62 109 62 102 62 
77 45 182 45 184 45 
78 77 247 77 6 77 
79 176 125 176 246 176 
80 260 255 260 33 260 
81 129 83 129 269 129 
82 112 38 50 210 85 
83 4 62 4 115 4 
84 26 40 26 122 26 
85 237 213 237 240 237 
86 43 108 43 143 43 
87 195 245 195 111 195 
88 184 111 184 117 184 
89 66 24 66 152 66 
90 113 123 113 3 113 
91 213 266 213 164 213 
92 205 205 205 63 205 
93 207 174 207 131 207 
94 145 81 145 231 145 
95 76 181 76 44 76 
96 164 253 164 51 164 
97 157 157 157 49 157 
98 104 179 104 189 104 
99 135 148 53 61 90 
100 147 243 147 73 147 
101 47 3 47 62 47 
102 133 1 244 2 133 
103 193 195 193 18 193 
104 257 222 257 106 257 
105 39 14 234 92 94 
106 82 82 82 1 82 
107 70 70 70 36 70 
108 127 15 60 250 112 
109 107 231 107 154 107 
110 278 264 278 29 278 
111 46 64 46 27 46 
112 227 276 227 83 227 
113 81 215 81 258 81 
114 56 178 56 12 9 
115 134 6 134 162 134 
116 275 19 275 181 275 
117 17 79 17 272 17 
118 166 250 166 243 166 
119 8 17 8 256 8 
120 87 48 87 41 87 
121 138 46 138 119 138 
122 249 5 249 179 14 
123 170 198 170 157 170 
124 228 136 143 97 228 
125 208 235 208 60 208 
126 40 87 40 247 40 
127 98 71 98 222 98 
128 42 98 42 145 42 
129 139 102 139 165 139 
130 244 118 133 89 244 
131 143 164 228 136 143 
132 149 175 149 196 149 
133 219 69 219 82 219 
134 201 52 201 224 201 
135 50 217 72 218 121 
136 27 256 27 168 27 
137 86 274 86 4 86 
138 152 220 152 230 152 
139 30 21 30 173 30 
140 167 232 167 170 167 
141 185 76 185 241 185 
142 105 92 105 275 105 
143 79 191 79 225 79 
144 243 26 243 197 243 
145 108 197 108 84 108 
146 187 139 187 94 187 
147 93 241 93 38 93 
148 216 216 216 81 216 
149 20 110 20 149 20 
150 97 58 97 194 97 
151 141 257 141 193 141 
152 33 120 33 150 33 
153 265 186 265 96 265 
154 119 237 119 105 119 
155 266 225 266 187 266 
156 180 154 180 251 180 
157 131 73 131 59 131 
158 74 267 74 195 74 
159 58 63 58 21 58 
160 160 67 160 139 160 
161 51 142 51 244 51 
162 116 208 116 208 116 
163 181 185 181 227 181 
164 194 132 194 175 194 
165 128 28 128 110 128 
166 83 207 83 24 83 
167 13 13 13 239 13 
168 146 30 146 54 146 
169 154 10 154 172 154 
170 215 145 215 140 215 
171 169 170 169 10 169 
172 144 199 144 22 144 
173 151 272 151 17 151 
174 130 130 130 238 130 
175 80 278 80 113 80 
176 94 39 224 202 127 
177 90 127 85 266 135 
178 182 34 182 78 182 
179 163 268 163 116 163 
180 37 147 37 190 37 
181 73 209 73 216 73 
182 96 89 96 70 96 
183 12 74 12 264 12 
184 196 96 196 23 196 
185 210 155 210 261 210 
186 271 260 271 259 271 
187 24 200 24 201 24 
188 192 99 192 137 192 
189 36 44 36 95 36 
190 91 143 91 108 91 
191 122 184 122 118 122 
192 6 141 6 9 6 
193 177 104 177 67 177 
194 142 187 142 121 142 
195 99 86 99 77 99 
196 3 275 3 163 3 
197 190 7 190 271 190 
198 101 193 101 28 101 
199 274 172 274 166 274 
200 218 246 218 75 218 
201 126 161 126 198 126 
202 159 163 159 127 159 
203 267 119 267 158 267 
204 211 212 258 86 258 
205 150 36 150 98 150 
206 252 229 252 90 252 
207 202 210 202 232 202 
208 272 151 272 71 272 
209 123 47 123 19 123 
210 61 146 61 101 61 
211 179 158 179 255 179 
212 268 159 268 144 268 
213 232 167 232 134 232 
214 10 180 10 223 10 
215 65 77 65 35 65 
216 226 16 226 80 226 
217 92 105 92 161 92 
218 241 93 241 220 241 
219 34 279 34 40 34 
220 261 251 261 112 261 
221 71 37 71 236 71 
222 11 45 11 11 11 
223 162 204 162 228 162 
224 245 75 245 39 245 
225 222 134 222 155 222 
226 117 112 90 91 148 
227 60 135 94 32 188 
228 156 238 156 99 156 
229 186 265 186 53 186 
230 48 42 48 206 48 
231 235 128 235 68 235 
232 118 263 118 235 118 
233 214 116 214 128 214 
234 53 25 220 248 59 
235 276 177 276 20 276 
236 233 149 233 69 233 
237 188 259 59 257 220 
238 148 201 117 120 117 
239 217 90 112 31 217 
240 172 173 172 26 172 
241 277 97 277 253 277 
242 234 22 121 25 224 
243 49 223 49 174 49 
244 239 261 239 156 239 
245 55 107 55 178 55 
246 220 60 127 160 234 
247 236 236 236 16 236 
248 269 115 269 30 269 
249 198 219 198 74 198 
250 197 122 197 278 197 
251 153 203 153 141 153 
252 165 140 165 263 165 
253 28 214 28 169 28 
254 191 12 191 229 191 
255 221 221 221 148 221 
256 209 131 209 242 209 
257 25 29 25 50 25 
258 250 166 250 87 250 
259 106 106 106 8 106 
260 2 50 135 56 242 
261 262 4 262 58 262 
262 21 61 21 103 21 
263 200 66 200 126 200 
264 110 91 110 45 110 
265 19 171 19 138 19 
266 273 31 273 214 273 
267 242 85 254 85 248 
268 223 49 223 177 223 
269 264 124 264 205 264 
270 178 249 178 200 178 
271 7 252 7 147 7 
272 258 100 140 203 140 
273 254 94 248 276 254 
274 175 183 175 133 175 
275 111 189 111 64 111 
276 240 114 240 262 240 
277 231 35 231 79 231 
278 199 218 199 46 199 
279 109 202 109 279 109 
