***********************************
Experiment parameters:
Experiment results:
Permutations:
I U RANK QCV rand PATH 
1 260 117 1 47 70 
2 195 161 2 186 92 
3 80 49 3 180 24 
4 18 201 4 273 119 
5 275 218 5 176 120 
6 172 263 6 14 8 
7 207 143 7 135 176 
8 10 277 8 167 19 
9 143 102 9 267 46 
10 241 1 10 142 100 
11 15 2 11 234 202 
12 106 81 12 72 2 
13 46 125 13 245 77 
14 147 47 14 57 107 
15 59 184 15 66 35 
16 221 57 16 125 22 
17 33 206 17 207 122 
18 2 247 18 254 104 
19 145 192 19 171 162 
20 105 68 20 104 143 
21 99 151 21 5 225 
22 199 196 22 93 123 
23 50 43 23 65 3 
24 217 209 24 76 1 
25 263 4 25 15 45 
26 107 86 26 52 207 
27 73 99 27 151 200 
28 87 8 28 42 214 
29 109 162 29 185 33 
30 173 172 30 159 177 
31 274 75 31 274 75 
32 240 131 32 265 82 
33 6 177 33 100 197 
34 213 82 34 48 101 
35 167 197 35 217 218 
36 111 169 36 188 228 
37 176 243 37 107 54 
38 20 188 38 13 188 
39 110 11 39 55 148 
40 158 51 40 213 269 
41 131 12 41 199 39 
42 74 244 42 123 56 
43 30 142 43 221 30 
44 226 5 44 191 153 
45 12 219 45 153 73 
46 78 74 46 124 195 
47 223 28 47 183 40 
48 118 113 48 233 17 
49 190 231 49 204 190 
50 51 240 50 215 215 
51 271 145 51 237 222 
52 49 257 52 212 68 
53 83 10 53 37 252 
54 165 105 54 109 165 
55 48 167 55 7 4 
56 17 96 56 249 95 
57 142 225 57 219 142 
58 161 265 58 277 173 
59 117 182 59 43 118 
60 67 242 60 88 224 
61 168 91 61 130 34 
62 103 190 62 252 276 
63 39 65 63 182 233 
64 54 202 64 211 16 
65 128 90 65 268 168 
66 238 278 66 146 79 
67 220 46 67 270 26 
68 4 138 68 114 139 
69 209 269 69 260 229 
70 139 19 70 192 208 
71 98 268 71 132 268 
72 21 252 72 226 87 
73 89 37 73 34 111 
74 1 178 74 129 37 
75 60 153 75 209 88 
76 44 194 76 102 147 
77 252 245 77 184 146 
78 202 207 78 6 27 
79 253 258 79 246 31 
80 35 88 80 33 113 
81 266 95 81 269 232 
82 232 212 82 210 51 
83 77 140 83 115 134 
84 88 193 84 122 278 
85 152 121 85 240 244 
86 151 69 86 143 209 
87 259 53 87 111 151 
88 144 70 88 117 251 
89 116 18 89 152 21 
90 272 104 90 3 247 
91 62 255 91 164 255 
92 204 215 92 63 133 
93 55 118 93 131 141 
94 26 217 94 231 258 
95 3 120 95 44 156 
96 134 208 96 51 212 
97 227 83 97 49 185 
98 11 139 98 189 99 
99 192 45 99 61 59 
100 47 254 100 73 163 
101 24 166 101 62 50 
102 239 213 102 2 112 
103 53 127 103 18 249 
104 133 32 104 106 32 
105 237 230 105 92 178 
106 187 259 106 1 117 
107 250 187 107 36 166 
108 212 276 108 250 204 
109 235 156 109 154 78 
110 22 29 110 29 13 
111 76 77 111 27 235 
112 200 122 112 83 103 
113 246 179 113 258 184 
114 163 189 114 12 250 
115 75 170 115 162 72 
116 124 241 116 181 279 
117 184 17 117 272 234 
118 108 109 118 243 219 
119 182 233 119 256 182 
120 236 158 120 41 144 
121 127 228 121 119 41 
122 31 133 122 179 227 
123 255 92 123 157 161 
124 61 21 124 97 248 
125 210 129 125 60 76 
126 130 165 126 247 217 
127 279 224 127 222 242 
128 222 279 128 145 127 
129 92 210 129 165 246 
130 160 89 130 89 192 
131 214 214 131 136 69 
132 125 132 132 196 130 
133 166 80 133 82 9 
134 115 205 134 224 230 
135 141 67 135 218 67 
136 122 250 136 168 189 
137 194 235 137 4 220 
138 208 186 138 230 191 
139 84 176 139 173 239 
140 112 185 140 170 63 
141 72 126 141 241 126 
142 156 211 142 275 265 
143 119 101 143 225 170 
144 231 149 144 197 57 
145 205 220 145 84 71 
146 28 84 146 94 273 
147 37 85 147 38 85 
148 243 273 148 81 164 
149 97 24 149 149 49 
150 36 62 150 194 25 
151 135 60 151 193 80 
152 57 25 152 150 62 
153 14 271 153 96 275 
154 159 20 154 105 266 
155 203 63 155 187 10 
156 29 6 156 251 158 
157 225 174 157 59 15 
158 65 236 158 195 115 
159 188 134 159 21 140 
160 149 237 160 139 237 
161 38 26 161 244 84 
162 114 239 162 208 260 
163 32 66 163 227 254 
164 95 73 164 175 187 
165 262 52 165 110 180 
166 251 27 166 24 94 
167 169 198 167 239 183 
168 201 103 168 54 243 
169 230 163 169 172 193 
170 90 152 170 140 264 
171 179 30 171 10 106 
172 206 119 172 22 61 
173 180 31 173 17 223 
174 233 262 174 238 145 
175 218 100 175 113 213 
176 171 261 176 202 261 
177 219 97 177 266 226 
178 177 180 178 78 89 
179 146 147 179 116 5 
180 58 112 180 190 42 
181 56 146 181 216 137 
182 102 253 182 70 270 
183 257 164 183 264 93 
184 191 33 184 23 121 
185 132 246 185 261 81 
186 150 35 186 259 105 
187 270 108 187 201 47 
188 244 238 188 137 216 
189 276 148 189 95 52 
190 189 38 190 108 257 
191 34 76 191 118 263 
192 198 39 192 9 55 
193 148 227 193 67 98 
194 154 114 194 121 11 
195 9 41 195 77 199 
196 13 42 196 163 108 
197 170 159 197 271 159 
198 93 40 198 28 28 
199 254 181 199 166 149 
200 268 204 200 75 14 
201 41 44 201 198 138 
202 113 23 202 127 20 
203 101 221 203 158 53 
204 43 249 204 86 128 
205 129 266 205 98 201 
206 157 94 206 90 152 
207 155 191 207 232 96 
208 104 50 208 71 150 
209 19 226 209 19 240 
210 234 173 210 101 211 
211 248 135 211 255 135 
212 278 160 212 144 58 
213 7 107 213 134 172 
214 123 251 214 223 155 
215 181 260 215 35 206 
216 121 56 216 80 160 
217 126 14 217 161 198 
218 277 78 218 220 23 
219 94 54 219 40 66 
220 5 55 220 112 210 
221 66 124 221 236 36 
222 273 123 222 11 18 
223 186 168 223 228 181 
224 265 229 224 39 277 
225 8 58 225 155 74 
226 196 136 226 91 231 
227 215 9 227 32 129 
228 79 157 228 99 157 
229 264 141 229 53 171 
230 91 275 230 206 109 
231 52 270 231 68 267 
232 42 154 232 235 102 
233 81 223 233 128 169 
234 249 61 234 248 43 
235 86 248 235 20 253 
236 247 116 236 69 241 
237 197 195 237 257 65 
238 267 64 238 120 110 
239 120 106 239 31 179 
240 71 144 240 26 196 
241 138 155 241 253 272 
242 69 128 242 25 64 
243 68 59 243 174 125 
244 63 216 244 156 238 
245 224 272 245 178 131 
246 178 264 246 160 132 
247 164 72 247 16 48 
248 140 267 248 30 175 
249 25 93 249 74 262 
250 193 274 250 278 44 
251 27 110 251 141 116 
252 174 200 252 263 12 
253 211 79 253 169 60 
254 258 22 254 229 186 
255 261 111 255 148 245 
256 245 98 256 242 97 
257 153 7 257 50 7 
258 82 256 258 87 256 
259 137 13 259 8 124 
260 242 130 260 56 259 
261 45 48 261 58 83 
262 269 234 262 103 194 
263 162 87 263 126 6 
264 183 199 264 45 136 
265 70 222 265 138 86 
266 23 34 266 214 91 
267 136 183 267 85 271 
268 216 203 268 177 205 
269 16 232 269 205 90 
270 185 15 270 200 174 
271 100 16 271 147 114 
272 96 150 272 203 154 
273 40 171 273 276 274 
274 64 137 274 133 167 
275 85 175 275 64 38 
276 256 115 276 262 236 
277 228 71 277 79 203 
278 229 36 278 46 29 
279 175 3 279 279 221 
