***********************************
Experiment parameters:
Experiment results:
Permutations:
I U RANK QCV rand PATH 
1 248 42 8 47 8 
2 251 170 154 186 32 
3 107 183 107 180 107 
4 195 162 210 273 35 
5 151 138 151 176 151 
6 32 80 32 14 37 
7 269 20 269 135 269 
8 133 22 133 167 133 
9 26 13 26 267 26 
10 144 124 144 142 144 
11 65 181 65 234 65 
12 8 179 84 72 84 
13 276 191 276 245 276 
14 54 199 54 57 54 
15 103 212 215 66 103 
16 98 3 98 125 98 
17 136 227 136 207 136 
18 37 45 35 254 42 
19 22 258 22 171 22 
20 42 63 37 104 45 
21 28 158 28 5 28 
22 35 154 42 93 50 
23 114 157 114 65 114 
24 129 113 129 76 129 
25 102 240 102 15 102 
26 11 192 11 52 11 
27 204 172 204 151 204 
28 215 93 103 42 215 
29 182 115 182 185 182 
30 213 259 213 159 213 
31 193 38 193 274 193 
32 138 264 138 265 138 
33 229 244 229 100 229 
34 45 8 174 48 63 
35 7 215 7 217 7 
36 125 120 125 188 125 
37 46 278 46 107 46 
38 227 104 227 13 227 
39 1 71 1 55 1 
40 36 84 36 213 36 
41 122 203 122 199 122 
42 70 269 70 123 70 
43 272 185 272 221 272 
44 230 101 230 191 230 
45 139 97 139 153 139 
46 74 74 74 124 74 
47 156 68 156 183 156 
48 143 143 143 233 143 
49 245 265 45 204 78 
50 187 59 187 215 187 
51 240 9 240 237 240 
52 34 61 34 212 34 
53 124 119 124 37 124 
54 15 142 15 109 15 
55 168 136 168 7 168 
56 206 206 206 249 206 
57 92 251 50 219 80 
58 23 187 23 277 23 
59 192 16 192 43 192 
60 89 131 89 88 89 
61 101 103 101 130 101 
62 205 60 205 252 205 
63 38 186 38 182 38 
64 73 253 73 211 73 
65 128 160 128 268 128 
66 165 153 165 146 165 
67 88 27 88 270 88 
68 127 86 127 114 127 
69 63 232 251 260 92 
70 262 254 262 192 262 
71 186 168 186 132 186 
72 60 105 60 226 60 
73 183 230 183 34 183 
74 12 182 12 129 12 
75 219 98 219 209 219 
76 2 275 2 102 2 
77 111 106 111 184 111 
78 191 213 191 6 191 
79 13 176 13 246 13 
80 126 247 126 33 126 
81 59 245 59 269 59 
82 171 174 63 210 154 
83 64 276 64 115 64 
84 110 267 110 122 110 
85 250 111 250 240 250 
86 3 17 3 143 3 
87 194 108 194 111 194 
88 79 62 79 117 79 
89 231 70 231 152 231 
90 82 75 82 3 82 
91 112 246 112 164 112 
92 270 110 270 63 270 
93 237 24 237 131 237 
94 252 220 252 231 252 
95 266 208 266 44 266 
96 44 257 44 51 44 
97 100 100 100 49 100 
98 202 52 202 189 202 
99 162 195 248 61 162 
100 236 76 236 73 236 
101 67 77 67 62 67 
102 200 268 93 2 93 
103 66 200 66 18 66 
104 6 148 6 106 6 
105 104 35 78 92 170 
106 81 81 81 1 81 
107 10 10 10 36 10 
108 78 37 80 250 171 
109 40 19 40 154 40 
110 29 243 29 29 29 
111 158 150 158 27 158 
112 5 263 5 83 5 
113 239 190 239 258 239 
114 24 15 118 12 118 
115 137 6 137 162 137 
116 51 48 51 181 51 
117 123 112 123 272 123 
118 244 56 244 243 244 
119 185 114 185 256 185 
120 273 273 273 41 273 
121 115 28 115 119 115 
122 118 122 24 179 24 
123 216 99 216 157 216 
124 257 83 257 97 91 
125 189 43 189 60 189 
126 58 129 58 247 58 
127 94 184 94 222 94 
128 76 94 76 145 76 
129 69 169 69 165 69 
130 93 44 200 89 200 
131 91 91 91 136 257 
132 275 51 275 196 275 
133 243 231 243 82 243 
134 172 34 172 224 172 
135 80 235 277 218 174 
136 90 249 90 168 90 
137 175 234 175 4 175 
138 177 36 177 230 177 
139 85 188 85 173 85 
140 161 132 161 170 161 
141 39 39 39 241 39 
142 225 225 225 275 225 
143 246 250 246 225 246 
144 184 147 184 197 184 
145 20 221 20 84 20 
146 267 167 267 94 267 
147 21 260 21 38 21 
148 72 72 72 81 72 
149 108 205 108 149 108 
150 119 47 119 194 119 
151 53 130 53 193 53 
152 268 107 268 150 268 
153 43 145 43 96 43 
154 211 271 211 105 211 
155 181 123 181 187 181 
156 87 109 87 251 87 
157 41 88 41 59 41 
158 271 149 271 195 271 
159 233 54 233 21 233 
160 47 73 47 139 47 
161 113 178 113 244 113 
162 134 189 134 208 134 
163 208 266 208 227 208 
164 247 214 247 175 247 
165 274 239 274 110 274 
166 203 118 203 24 203 
167 173 173 173 239 173 
168 238 164 238 54 238 
169 109 87 109 172 109 
170 256 274 256 140 256 
171 221 40 221 10 221 
172 259 64 259 22 259 
173 121 252 121 17 121 
174 27 41 27 238 27 
175 258 117 258 113 258 
176 154 248 265 202 195 
177 50 210 196 266 196 
178 157 163 157 78 157 
179 278 116 278 116 278 
180 55 55 55 190 55 
181 201 201 201 216 201 
182 56 197 56 70 56 
183 33 241 33 264 33 
184 178 229 178 23 178 
185 153 226 153 261 153 
186 214 126 214 259 214 
187 19 279 19 201 19 
188 16 207 16 137 16 
189 160 33 160 95 160 
190 212 146 212 108 212 
191 62 29 62 118 62 
192 148 18 148 9 148 
193 155 79 155 67 155 
194 169 236 169 121 169 
195 14 11 14 77 14 
196 75 82 75 163 75 
197 61 26 61 271 61 
198 146 66 146 28 146 
199 207 14 207 166 207 
200 264 180 264 75 264 
201 9 67 9 198 9 
202 4 46 234 127 234 
203 241 65 241 158 241 
204 135 135 135 86 135 
205 106 128 106 98 106 
206 31 31 31 90 31 
207 57 159 57 232 57 
208 190 256 190 71 190 
209 166 165 166 19 166 
210 188 238 188 101 188 
211 131 133 131 255 131 
212 222 1 222 144 222 
213 132 161 132 134 132 
214 255 255 255 223 255 
215 30 156 30 35 30 
216 179 262 179 80 179 
217 228 228 228 161 228 
218 95 21 95 220 95 
219 149 211 149 40 149 
220 84 237 245 112 245 
221 147 69 147 236 147 
222 224 96 224 11 224 
223 163 224 163 228 163 
224 249 90 249 39 249 
225 130 137 130 155 130 
226 196 171 235 91 210 
227 218 50 92 32 232 
228 120 166 120 99 120 
229 145 121 145 53 145 
230 197 270 197 206 197 
231 18 53 18 68 18 
232 97 194 97 235 97 
233 223 134 223 128 223 
234 170 4 4 248 4 
235 17 216 17 20 17 
236 77 2 77 69 77 
237 174 218 104 257 104 
238 141 12 218 120 218 
239 235 32 195 31 235 
240 116 175 116 26 116 
241 199 233 199 253 199 
242 242 277 232 25 242 
243 152 25 152 174 152 
244 261 23 261 156 261 
245 263 217 263 178 263 
246 210 78 242 160 248 
247 260 95 260 16 260 
248 254 193 254 30 254 
249 99 219 99 74 99 
250 279 198 279 278 279 
251 253 204 253 141 253 
252 105 139 105 263 105 
253 220 223 220 169 220 
254 96 272 96 229 96 
255 49 49 49 148 49 
256 209 209 209 242 209 
257 176 140 176 50 176 
258 167 58 167 87 167 
259 71 222 71 8 71 
260 232 242 171 56 251 
261 226 151 226 58 226 
262 164 85 164 103 164 
263 86 89 86 126 86 
264 83 7 83 45 83 
265 68 102 68 138 68 
266 140 144 140 214 140 
267 265 92 170 85 265 
268 25 152 25 177 25 
269 52 202 52 205 52 
270 142 261 142 200 142 
271 150 177 150 147 150 
272 234 141 141 203 141 
273 277 196 162 276 277 
274 48 30 48 133 48 
275 117 5 117 64 117 
276 198 127 198 262 198 
277 217 155 217 79 217 
278 180 125 180 46 180 
279 159 57 159 279 159 
