***********************************
Experiment parameters:
Experiment results:
Permutations:
I U RANK QCV rand PATH 
1 279 155 3 47 3 
2 235 60 14 186 14 
3 82 135 82 180 82 
4 128 3 189 273 45 
5 120 275 120 176 120 
6 115 83 205 14 47 
7 80 89 80 135 80 
8 99 94 99 167 99 
9 200 71 200 267 200 
10 3 159 142 142 142 
11 151 276 151 234 151 
12 21 95 21 72 21 
13 23 201 23 245 23 
14 54 209 54 57 54 
15 135 219 135 66 135 
16 183 55 183 125 183 
17 162 109 162 207 162 
18 45 128 206 254 49 
19 130 239 130 171 130 
20 47 157 45 104 60 
21 70 138 70 5 70 
22 14 189 47 93 65 
23 253 108 253 65 253 
24 16 164 16 76 16 
25 147 252 147 15 147 
26 37 40 37 52 37 
27 277 142 277 151 277 
28 259 6 259 42 259 
29 138 244 138 185 138 
30 196 126 196 159 196 
31 222 250 222 274 222 
32 243 199 243 265 243 
33 166 249 166 100 166 
34 49 85 49 48 83 
35 61 19 61 217 61 
36 15 120 15 188 15 
37 132 186 132 107 132 
38 255 156 255 13 255 
39 153 229 153 55 153 
40 173 198 173 213 173 
41 35 188 35 199 35 
42 202 273 202 123 202 
43 79 79 79 221 79 
44 242 177 242 191 242 
45 219 187 219 153 219 
46 124 122 124 124 124 
47 275 272 275 183 275 
48 136 136 136 233 136 
49 87 49 60 204 85 
50 53 24 53 215 53 
51 5 270 5 237 5 
52 95 162 95 212 95 
53 226 173 226 37 226 
54 76 57 76 109 76 
55 178 222 178 7 178 
56 42 42 42 249 42 
57 105 205 247 219 87 
58 101 119 101 277 101 
59 175 175 175 43 175 
60 150 58 150 88 150 
61 131 1 131 130 131 
62 17 17 17 252 17 
63 209 256 209 182 209 
64 8 277 8 211 8 
65 185 50 185 268 185 
66 254 90 254 146 254 
67 102 117 102 270 102 
68 170 207 170 114 170 
69 60 206 65 260 100 
70 213 110 213 192 213 
71 174 174 174 132 174 
72 187 44 187 226 187 
73 220 260 220 34 220 
74 104 115 104 129 104 
75 11 68 11 209 11 
76 26 232 26 102 26 
77 141 31 141 184 141 
78 232 237 232 6 232 
79 137 137 137 246 137 
80 262 262 262 33 262 
81 24 35 24 269 24 
82 83 266 235 210 127 
83 237 245 237 115 237 
84 249 267 249 122 249 
85 22 56 22 240 22 
86 94 160 94 143 94 
87 64 264 64 111 64 
88 230 86 230 117 230 
89 33 96 33 152 33 
90 248 248 248 3 248 
91 50 125 50 164 50 
92 231 144 231 63 231 
93 57 76 57 131 57 
94 182 265 182 231 182 
95 59 139 59 44 59 
96 19 64 19 51 19 
97 113 113 113 49 113 
98 86 80 86 189 86 
99 100 234 83 61 128 
100 72 148 72 73 72 
101 201 5 201 62 201 
102 6 77 62 2 6 
103 1 131 1 18 1 
104 2 51 2 106 2 
105 65 14 234 92 155 
106 9 9 9 1 9 
107 139 59 139 36 139 
108 155 279 240 250 157 
109 41 202 41 154 41 
110 192 230 192 29 192 
111 181 91 181 27 181 
112 212 103 212 83 212 
113 134 238 134 258 134 
114 188 53 216 12 216 
115 152 27 152 162 152 
116 133 163 133 181 133 
117 106 151 106 272 106 
118 154 140 154 243 154 
119 125 73 125 256 125 
120 148 154 148 41 148 
121 236 236 236 119 236 
122 216 63 188 179 188 
123 10 99 10 157 10 
124 227 227 260 97 227 
125 74 152 74 60 74 
126 146 166 146 247 146 
127 164 231 164 222 164 
128 223 208 223 145 223 
129 144 180 144 165 144 
130 62 62 6 89 62 
131 260 242 227 136 260 
132 272 169 272 196 272 
133 224 192 224 82 224 
134 110 181 110 224 110 
135 161 127 85 218 161 
136 177 278 177 168 177 
137 191 190 191 4 191 
138 210 255 210 230 210 
139 246 176 246 173 246 
140 66 221 66 170 66 
141 218 118 218 241 218 
142 203 203 203 275 203 
143 276 185 276 225 276 
144 30 223 30 197 30 
145 197 224 197 84 197 
146 180 193 180 94 180 
147 46 171 46 38 46 
148 98 98 98 81 98 
149 107 168 107 149 107 
150 156 261 156 194 156 
151 51 32 51 193 51 
152 44 259 44 150 44 
153 265 74 265 96 265 
154 97 251 97 105 97 
155 20 204 20 187 20 
156 52 217 52 251 52 
157 129 129 129 59 129 
158 108 253 108 195 108 
159 261 210 261 21 261 
160 71 18 71 139 71 
161 67 195 67 244 67 
162 4 134 4 208 4 
163 118 218 118 227 118 
164 190 124 190 175 190 
165 194 92 194 110 194 
166 119 101 119 24 119 
167 25 25 25 239 25 
168 176 39 176 54 176 
169 172 52 172 172 172 
170 36 268 36 140 36 
171 55 114 55 10 55 
172 179 69 179 22 179 
173 92 194 92 17 92 
174 78 214 78 238 78 
175 111 111 111 113 111 
176 127 161 87 202 184 
177 184 87 100 266 189 
178 204 97 204 78 204 
179 143 191 143 116 143 
180 208 16 208 190 208 
181 214 102 214 216 214 
182 267 30 267 70 267 
183 31 106 31 264 31 
184 241 241 241 23 241 
185 233 233 233 261 233 
186 84 143 84 259 84 
187 68 123 68 201 68 
188 122 132 122 137 122 
189 48 141 48 95 48 
190 264 82 264 108 264 
191 89 212 89 118 89 
192 28 2 28 9 28 
193 114 170 114 67 114 
194 140 72 140 121 140 
195 12 37 12 77 12 
196 145 254 145 163 145 
197 159 21 159 271 159 
198 77 61 77 28 77 
199 112 112 112 166 112 
200 126 147 126 75 126 
201 163 133 163 198 163 
202 29 225 229 127 229 
203 258 7 258 158 258 
204 142 183 123 86 123 
205 73 20 73 98 73 
206 38 38 38 90 38 
207 169 15 169 232 169 
208 238 4 238 71 238 
209 252 26 252 19 252 
210 39 274 39 101 39 
211 88 167 88 255 88 
212 225 84 225 144 225 
213 221 66 221 134 221 
214 217 172 217 223 217 
215 245 116 245 35 245 
216 109 226 109 80 109 
217 228 228 228 161 228 
218 171 46 171 220 171 
219 270 81 56 40 56 
220 229 105 105 112 105 
221 195 263 195 236 195 
222 7 22 7 11 7 
223 81 48 81 228 81 
224 168 220 168 39 168 
225 27 28 27 155 27 
226 205 184 127 91 205 
227 244 45 161 32 206 
228 90 145 90 99 90 
229 257 75 257 53 257 
230 193 67 193 206 193 
231 32 36 32 68 32 
232 278 271 278 235 278 
233 268 257 268 128 268 
234 123 8 29 248 215 
235 167 197 167 20 167 
236 56 158 270 69 270 
237 206 54 215 257 29 
238 85 29 244 120 244 
239 189 100 157 31 234 
240 186 12 186 26 186 
241 198 70 198 253 198 
242 234 47 128 25 235 
243 34 211 34 174 34 
244 149 216 149 156 149 
245 96 10 96 178 96 
246 215 235 155 160 240 
247 93 93 93 16 93 
248 91 178 91 30 91 
249 58 33 58 74 58 
250 103 41 103 278 103 
251 157 104 115 141 115 
252 121 269 121 263 121 
253 75 182 75 169 75 
254 251 258 251 229 251 
255 13 13 13 148 13 
256 117 78 117 242 117 
257 256 200 256 50 256 
258 263 146 263 87 263 
259 40 153 40 8 40 
260 247 65 279 56 247 
261 116 23 116 58 116 
262 274 246 274 103 274 
263 207 130 207 126 207 
264 271 107 271 45 271 
265 69 179 69 138 69 
266 18 213 18 214 18 
267 266 247 184 85 266 
268 211 34 211 177 211 
269 273 43 273 205 273 
270 63 149 63 200 63 
271 250 215 250 147 250 
272 269 121 269 203 269 
273 240 240 266 276 279 
274 165 196 165 133 165 
275 239 88 239 64 239 
276 160 150 160 262 160 
277 43 11 43 79 43 
278 199 243 199 46 199 
279 158 165 158 279 158 
