***********************************
Experiment parameters:
Experiment results:
Permutations:
I U RANK QCV rand PATH 
1 258 126 1 47 171 
2 50 136 2 186 207 
3 269 252 3 180 60 
4 79 18 4 273 17 
5 127 218 5 176 221 
6 76 278 6 14 174 
7 35 55 7 135 259 
8 266 120 8 167 126 
9 29 107 9 267 52 
10 172 93 10 142 233 
11 116 2 11 234 237 
12 33 85 12 72 151 
13 20 138 13 245 58 
14 19 192 14 57 107 
15 133 189 15 66 135 
16 70 140 16 125 42 
17 190 234 17 207 205 
18 45 75 18 254 130 
19 99 5 19 171 101 
20 89 108 20 104 223 
21 23 150 21 5 84 
22 122 270 22 93 8 
23 228 264 23 65 70 
24 203 269 24 76 62 
25 49 91 25 15 131 
26 73 129 26 52 254 
27 53 105 27 151 165 
28 36 8 28 42 261 
29 137 4 29 185 265 
30 26 185 30 159 27 
31 80 244 31 274 37 
32 39 139 32 265 175 
33 141 188 33 100 125 
34 3 86 34 48 226 
35 148 72 35 217 158 
36 199 52 36 188 78 
37 169 125 37 107 34 
38 247 160 38 13 98 
39 186 10 39 55 45 
40 120 161 40 213 275 
41 224 11 41 199 264 
42 194 243 42 123 184 
43 128 146 43 221 132 
44 251 222 44 191 201 
45 18 223 45 153 218 
46 195 132 46 124 56 
47 252 89 47 183 67 
48 90 202 48 233 15 
49 16 257 49 204 13 
50 27 251 50 215 123 
51 31 151 51 237 216 
52 156 242 52 212 258 
53 271 80 53 37 6 
54 95 109 54 109 253 
55 234 159 55 7 262 
56 61 144 56 249 25 
57 222 198 57 219 4 
58 117 213 58 277 224 
59 249 48 59 43 230 
60 161 240 60 88 194 
61 60 207 61 130 236 
62 108 194 62 252 239 
63 135 64 63 182 161 
64 255 13 64 211 277 
65 277 187 65 268 92 
66 192 209 66 146 140 
67 245 182 67 270 128 
68 131 83 68 114 271 
69 236 178 69 260 46 
70 96 60 70 192 81 
71 130 133 71 132 83 
72 274 228 72 226 191 
73 178 211 73 34 270 
74 41 200 74 129 57 
75 211 6 75 209 85 
76 216 230 76 102 213 
77 109 115 77 184 227 
78 13 15 78 6 44 
79 209 221 79 246 202 
80 111 175 80 33 73 
81 124 277 81 269 43 
82 74 24 82 210 121 
83 229 204 83 115 120 
84 105 197 84 122 24 
85 223 130 85 240 144 
86 68 206 86 143 127 
87 8 62 87 111 247 
88 276 71 88 117 182 
89 261 17 89 152 197 
90 243 92 90 3 193 
91 213 22 91 164 122 
92 38 21 92 63 22 
93 87 165 93 131 54 
94 121 220 94 231 210 
95 56 128 95 44 231 
96 17 26 96 51 250 
97 48 173 97 49 51 
98 97 231 98 189 146 
99 138 111 99 61 117 
100 246 279 100 73 138 
101 113 174 101 62 162 
102 187 66 102 2 173 
103 177 233 103 18 133 
104 263 176 104 106 229 
105 150 236 105 92 150 
106 182 248 106 1 79 
107 69 196 107 36 211 
108 114 272 108 250 198 
109 14 232 109 154 272 
110 145 69 110 29 9 
111 101 96 111 27 245 
112 227 208 112 83 80 
113 180 181 113 258 190 
114 163 7 114 12 69 
115 205 104 115 162 100 
116 193 259 116 181 251 
117 75 94 117 272 66 
118 12 116 118 243 157 
119 278 263 119 256 268 
120 202 51 120 41 167 
121 242 235 121 119 260 
122 103 229 122 179 274 
123 167 135 123 157 183 
124 198 100 124 97 246 
125 153 20 125 60 143 
126 230 190 126 247 170 
127 171 29 127 222 222 
128 44 215 128 145 139 
129 159 247 129 165 55 
130 147 73 130 89 240 
131 100 77 131 136 26 
132 21 148 132 196 124 
133 46 39 133 82 241 
134 107 145 134 224 115 
135 144 19 135 218 187 
136 162 9 136 168 142 
137 173 224 137 4 200 
138 106 23 138 230 177 
139 92 171 139 173 217 
140 129 149 140 170 206 
141 51 199 141 241 3 
142 214 246 142 275 20 
143 83 98 143 225 164 
144 270 158 144 197 278 
145 231 141 145 84 186 
146 2 114 146 94 180 
147 267 164 147 38 214 
148 5 254 148 81 212 
149 268 121 149 149 75 
150 273 74 150 194 91 
151 82 183 151 193 243 
152 15 14 152 150 242 
153 264 90 153 96 59 
154 149 16 154 105 141 
155 257 169 155 187 102 
156 208 12 156 251 116 
157 1 122 157 59 172 
158 30 44 158 195 5 
159 65 37 159 21 204 
160 201 102 160 139 149 
161 47 179 161 244 256 
162 132 219 162 208 112 
163 155 63 163 227 31 
164 67 76 164 175 156 
165 225 110 165 110 90 
166 262 157 166 24 189 
167 207 28 167 239 228 
168 166 131 168 54 232 
169 140 168 169 172 119 
170 189 137 170 140 110 
171 253 30 171 10 38 
172 152 112 172 22 105 
173 34 266 173 17 40 
174 170 226 174 238 64 
175 217 106 175 113 220 
176 279 95 176 202 114 
177 10 205 177 266 255 
178 143 78 178 78 35 
179 32 134 179 116 94 
180 57 191 180 190 192 
181 104 124 181 216 168 
182 40 34 182 70 276 
183 154 88 183 264 225 
184 265 25 184 23 179 
185 191 217 185 261 263 
186 115 35 186 259 152 
187 42 36 187 201 188 
188 176 184 188 137 93 
189 110 162 189 95 252 
190 81 38 190 108 137 
191 241 79 191 118 185 
192 157 265 192 9 99 
193 179 267 193 67 39 
194 237 40 194 121 14 
195 240 166 195 77 166 
196 139 33 196 163 111 
197 185 32 197 271 49 
198 212 3 198 28 104 
199 102 163 199 166 103 
200 7 43 200 75 235 
201 86 113 201 198 23 
202 215 45 202 127 16 
203 206 42 203 158 279 
204 77 239 204 86 176 
205 84 47 205 98 1 
206 146 250 206 90 50 
207 126 27 207 232 219 
208 158 127 208 71 96 
209 62 87 209 19 267 
210 142 201 210 101 30 
211 188 1 211 255 41 
212 160 253 212 144 134 
213 125 97 213 134 82 
214 25 154 214 223 95 
215 118 255 215 35 71 
216 9 53 216 80 199 
217 66 238 217 161 65 
218 64 81 218 220 113 
219 250 256 219 40 153 
220 238 258 220 112 234 
221 196 117 221 236 77 
222 259 56 222 11 21 
223 200 49 223 228 249 
224 183 273 224 39 68 
225 254 276 225 155 19 
226 94 172 226 91 181 
227 220 241 227 32 159 
228 58 82 228 99 155 
229 123 147 229 53 86 
230 4 152 230 206 109 
231 248 54 231 68 88 
232 93 58 232 235 28 
233 272 59 233 128 106 
234 226 123 234 248 48 
235 59 99 235 20 209 
236 112 61 236 69 147 
237 256 260 237 257 195 
238 239 262 238 120 108 
239 63 119 239 31 53 
240 175 203 240 26 36 
241 72 237 241 253 2 
242 43 170 242 25 148 
243 11 41 243 174 129 
244 28 167 244 156 18 
245 165 46 245 178 97 
246 233 271 246 160 215 
247 184 156 247 16 29 
248 221 67 248 30 10 
249 6 68 249 74 76 
250 260 84 250 278 238 
251 24 118 251 141 208 
252 85 216 252 263 196 
253 91 261 253 169 160 
254 219 153 254 229 33 
255 244 227 255 148 12 
256 174 212 256 242 169 
257 52 274 257 50 87 
258 275 103 258 87 32 
259 204 65 259 8 7 
260 134 50 260 56 248 
261 37 57 261 58 61 
262 168 101 262 103 163 
263 88 193 263 126 178 
264 235 143 264 45 47 
265 136 225 265 138 74 
266 232 177 266 214 89 
267 54 210 267 85 273 
268 71 245 268 177 145 
269 210 249 269 205 154 
270 22 180 270 200 266 
271 218 275 271 147 63 
272 181 268 272 203 269 
273 164 195 273 276 257 
274 98 214 274 133 136 
275 119 186 275 64 11 
276 55 31 276 262 72 
277 151 155 277 79 244 
278 78 142 278 46 118 
279 197 70 279 279 203 
