***********************************
Experiment parameters:
Experiment results:
Permutations:
I U RANK QCV rand PATH 
1 213 129 54 47 158 
2 98 23 158 186 54 
3 69 178 199 180 199 
4 63 93 216 273 62 
5 189 216 115 176 129 
6 235 16 145 14 145 
7 15 203 35 135 221 
8 194 116 46 167 46 
9 118 99 77 267 77 
10 84 201 119 142 135 
11 243 2 198 234 89 
12 76 260 108 72 108 
13 240 7 164 245 164 
14 27 212 232 57 232 
15 172 119 97 66 213 
16 229 248 184 125 184 
17 120 220 211 207 211 
18 112 28 275 254 275 
19 263 131 133 171 256 
20 181 68 104 104 138 
21 65 153 113 5 113 
22 57 5 175 93 175 
23 232 19 33 65 152 
24 136 6 60 76 60 
25 45 217 237 15 237 
26 279 111 136 52 196 
27 173 97 34 151 34 
28 71 149 125 42 185 
29 53 183 66 185 79 
30 170 177 37 159 37 
31 83 199 178 274 178 
32 246 128 203 265 203 
33 123 173 221 100 112 
34 18 82 53 48 119 
35 231 92 183 217 24 
36 188 142 163 188 146 
37 175 264 79 107 21 
38 259 32 32 13 32 
39 101 20 128 55 236 
40 220 46 48 213 48 
41 97 234 138 199 121 
42 94 243 39 123 39 
43 192 138 273 221 91 
44 156 122 182 191 182 
45 177 176 141 153 141 
46 182 12 149 124 143 
47 133 160 160 183 160 
48 179 182 22 233 22 
49 154 255 68 204 68 
50 274 208 257 215 257 
51 211 151 254 237 254 
52 225 210 276 212 276 
53 78 73 83 37 83 
54 245 175 204 109 273 
55 265 14 172 7 172 
56 22 278 179 249 179 
57 16 232 168 219 168 
58 106 249 228 277 228 
59 39 189 169 43 169 
60 114 4 101 88 101 
61 79 76 51 130 51 
62 230 65 267 252 20 
63 47 64 47 182 47 
64 214 198 152 211 52 
65 262 270 3 268 3 
66 163 275 268 146 268 
67 226 180 82 270 82 
68 43 200 265 114 58 
69 13 45 9 260 9 
70 91 9 105 192 105 
71 122 74 74 132 74 
72 38 241 95 226 95 
73 108 247 223 34 223 
74 227 223 120 129 120 
75 276 262 19 209 19 
76 29 195 17 102 17 
77 124 85 147 184 147 
78 58 204 50 6 104 
79 261 244 173 246 173 
80 41 75 262 33 262 
81 61 179 224 269 224 
82 59 48 209 210 209 
83 241 229 85 115 85 
84 142 213 64 122 244 
85 77 276 177 240 177 
86 73 70 20 143 139 
87 138 55 181 111 181 
88 35 71 13 117 183 
89 178 197 243 152 8 
90 103 54 28 3 28 
91 215 225 110 164 110 
92 55 27 272 63 272 
93 249 115 131 131 131 
94 169 211 171 231 171 
95 99 124 2 44 2 
96 208 209 215 51 215 
97 68 81 206 49 206 
98 8 214 234 189 216 
99 81 237 106 61 106 
100 64 256 71 73 71 
101 134 113 26 62 26 
102 44 114 185 2 218 
103 198 238 129 18 115 
104 250 110 140 106 140 
105 209 120 242 92 242 
106 270 205 111 1 111 
107 109 185 107 36 107 
108 233 8 264 250 264 
109 144 258 213 154 87 
110 111 191 41 29 41 
111 50 164 193 27 193 
112 254 89 260 83 260 
113 199 52 132 258 132 
114 260 130 137 12 137 
115 275 165 1 162 1 
116 2 171 55 181 55 
117 206 22 222 272 222 
118 20 112 170 243 170 
119 268 253 226 256 226 
120 85 206 241 41 241 
121 127 221 188 119 155 
122 10 272 27 179 27 
123 252 157 230 157 230 
124 42 227 58 97 255 
125 164 230 30 60 38 
126 100 174 159 247 159 
127 1 101 4 222 4 
128 105 132 263 145 263 
129 266 231 174 165 174 
130 155 235 92 89 161 
131 34 121 65 136 176 
132 223 136 194 196 194 
133 242 95 126 82 126 
134 159 242 109 224 109 
135 273 274 274 218 274 
136 11 137 130 168 130 
137 145 266 36 4 36 
138 186 162 248 230 248 
139 92 166 256 173 190 
140 117 11 81 170 81 
141 201 102 102 241 102 
142 203 228 249 275 249 
143 17 143 96 225 188 
144 222 279 7 197 7 
145 26 109 67 84 67 
146 119 24 121 94 13 
147 3 117 117 38 117 
148 56 13 70 81 70 
149 102 56 56 149 56 
150 86 10 59 194 59 
151 157 126 134 193 134 
152 36 59 10 150 10 
153 183 87 150 96 202 
154 116 269 93 105 93 
155 46 187 73 187 73 
156 54 83 72 251 72 
157 82 105 207 59 207 
158 219 277 40 195 40 
159 221 57 229 21 229 
160 49 78 78 139 78 
161 74 25 212 244 63 
162 143 263 63 208 148 
163 72 250 14 227 14 
164 21 159 227 175 200 
165 196 104 190 110 44 
166 239 26 155 24 97 
167 149 107 220 239 198 
168 205 21 16 54 136 
169 96 154 235 172 66 
170 19 152 146 140 261 
171 88 30 80 10 12 
172 267 125 189 22 29 
173 80 31 176 17 18 
174 150 90 245 238 99 
175 151 261 87 113 103 
176 139 251 251 202 251 
177 251 94 86 266 86 
178 190 226 99 78 189 
179 90 222 122 116 122 
180 141 169 62 190 259 
181 224 245 247 216 245 
182 168 33 21 70 30 
183 135 84 142 264 153 
184 62 29 61 23 16 
185 24 88 154 261 11 
186 126 34 205 259 151 
187 212 35 135 201 157 
188 247 36 31 137 247 
189 137 155 84 95 53 
190 202 37 236 108 265 
191 66 240 238 118 92 
192 52 39 91 9 269 
193 174 257 94 67 94 
194 104 161 8 121 154 
195 132 150 43 77 205 
196 256 38 255 163 84 
197 176 140 225 271 225 
198 87 252 252 28 252 
199 30 246 186 166 186 
200 152 43 167 75 238 
201 4 44 269 198 96 
202 171 156 157 127 15 
203 236 42 29 158 220 
204 200 96 148 86 64 
205 257 47 15 98 33 
206 271 103 12 90 163 
207 5 106 279 232 279 
208 228 273 112 71 31 
209 67 86 208 19 208 
210 140 192 192 101 192 
211 277 219 219 255 219 
212 14 50 259 144 142 
213 153 170 89 134 243 
214 89 148 24 223 201 
215 238 239 143 35 125 
216 161 53 161 80 114 
217 185 77 151 161 150 
218 255 168 90 220 35 
219 23 167 139 40 149 
220 253 259 180 112 156 
221 165 100 49 236 49 
222 187 66 214 11 180 
223 244 184 270 228 270 
224 216 215 45 39 45 
225 180 254 18 155 90 
226 191 18 253 91 253 
227 33 98 23 32 23 
228 95 127 127 99 127 
229 75 135 244 53 212 
230 258 145 202 206 128 
231 204 79 239 68 65 
232 146 118 44 235 167 
233 31 60 200 128 214 
234 166 58 114 248 227 
235 28 91 153 20 61 
236 40 62 6 69 43 
237 12 61 38 257 195 
238 234 63 201 120 235 
239 129 108 240 31 240 
240 37 1 11 26 42 
241 121 163 258 253 258 
242 60 141 261 25 50 
243 272 186 246 174 246 
244 193 224 144 156 144 
245 128 15 5 178 5 
246 131 265 103 160 239 
247 148 218 165 16 165 
248 93 267 42 30 267 
249 48 158 196 74 6 
250 195 80 52 278 133 
251 197 188 156 141 234 
252 207 194 197 263 197 
253 237 51 218 169 80 
254 184 144 162 229 162 
255 218 147 250 148 250 
256 9 123 123 242 123 
257 210 271 271 50 271 
258 107 69 69 87 69 
259 25 41 191 8 191 
260 160 202 166 56 166 
261 115 134 76 58 76 
262 162 17 75 103 75 
263 32 72 187 126 187 
264 113 139 233 45 233 
265 125 236 25 138 25 
266 217 268 98 214 98 
267 7 190 231 85 231 
268 51 193 266 177 266 
269 70 3 278 205 278 
270 110 207 116 200 116 
271 264 233 118 147 118 
272 6 146 88 203 88 
273 269 181 124 276 124 
274 158 172 217 133 217 
275 248 196 210 64 210 
276 130 40 277 262 277 
277 147 67 57 79 57 
278 278 49 100 46 100 
279 167 133 195 279 204 
