***********************************
Experiment parameters:
Experiment results:
Permutations:
I U RANK QCV rand PATH 
1 168 128 1 47 136 
2 73 160 2 186 126 
3 235 79 3 180 17 
4 135 158 4 273 240 
5 274 216 5 176 249 
6 66 20 6 14 213 
7 121 147 7 135 130 
8 28 24 8 167 219 
9 100 276 9 267 239 
10 141 274 10 142 183 
11 184 145 11 234 20 
12 116 80 12 72 32 
13 212 173 13 245 120 
14 32 214 14 57 214 
15 200 3 15 66 124 
16 21 233 16 125 131 
17 82 206 17 207 10 
18 163 138 18 254 52 
19 46 4 19 171 259 
20 174 110 20 104 156 
21 187 149 21 5 139 
22 34 130 22 93 61 
23 144 266 23 65 267 
24 78 6 24 76 99 
25 31 129 25 15 127 
26 153 84 26 52 226 
27 197 21 27 151 218 
28 213 7 28 42 155 
29 257 210 29 185 18 
30 236 198 30 159 268 
31 140 25 31 274 179 
32 240 136 32 265 80 
33 172 50 33 100 75 
34 157 81 34 48 150 
35 71 159 35 217 237 
36 166 180 36 188 83 
37 209 188 37 107 135 
38 171 219 38 13 82 
39 189 10 39 55 147 
40 98 40 40 213 29 
41 206 64 41 199 225 
42 53 246 42 123 279 
43 201 139 43 221 158 
44 227 65 44 191 217 
45 22 250 45 153 234 
46 136 93 46 124 72 
47 101 262 47 183 262 
48 14 267 48 233 11 
49 208 249 49 204 36 
50 155 31 50 215 199 
51 115 170 51 237 238 
52 198 213 52 212 105 
53 103 125 53 37 60 
54 244 99 54 109 151 
55 221 94 55 7 9 
56 11 127 56 249 14 
57 97 226 57 219 260 
58 161 220 58 277 111 
59 231 240 59 43 215 
60 199 16 60 88 69 
61 225 15 61 130 162 
62 258 209 62 252 244 
63 256 189 63 182 169 
64 211 211 64 211 175 
65 1 208 65 268 278 
66 39 45 66 146 41 
67 238 200 67 270 8 
68 59 109 68 114 185 
69 9 29 69 260 40 
70 122 148 70 192 24 
71 25 197 71 132 197 
72 88 104 72 226 49 
73 177 196 73 34 44 
74 232 90 74 129 132 
75 41 204 75 209 266 
76 2 66 76 102 204 
77 263 95 77 184 184 
78 81 167 78 6 203 
79 170 259 79 246 85 
80 152 11 80 33 261 
81 90 14 81 269 233 
82 248 82 82 210 242 
83 45 77 83 115 153 
84 149 103 84 122 255 
85 50 253 85 240 50 
86 269 68 86 143 205 
87 180 51 87 111 263 
88 126 163 88 117 43 
89 102 169 89 152 27 
90 167 275 90 3 157 
91 183 34 91 164 67 
92 214 91 92 63 223 
93 5 107 93 131 216 
94 260 279 94 231 154 
95 273 123 95 44 122 
96 80 242 96 51 148 
97 107 177 97 49 98 
98 93 18 98 189 13 
99 19 97 99 61 101 
100 251 255 100 73 270 
101 196 108 101 62 7 
102 120 222 102 2 210 
103 204 13 103 18 123 
104 55 67 104 106 171 
105 242 132 105 92 90 
106 134 263 106 1 253 
107 133 192 107 36 63 
108 106 271 108 250 106 
109 207 70 109 154 87 
110 154 119 110 29 12 
111 99 120 111 27 161 
112 151 87 112 83 227 
113 195 193 113 258 152 
114 246 22 114 12 100 
115 215 96 115 162 37 
116 169 182 116 181 30 
117 23 157 117 272 275 
118 146 112 118 243 146 
119 138 236 119 256 23 
120 267 98 120 41 76 
121 158 239 121 119 57 
122 61 251 122 179 91 
123 132 126 123 157 248 
124 108 225 124 97 222 
125 57 248 125 60 33 
126 160 194 126 247 39 
127 278 69 127 222 16 
128 223 122 128 145 232 
129 63 237 129 165 273 
130 38 228 130 89 64 
131 110 116 131 136 252 
132 10 143 132 196 246 
133 36 41 133 82 133 
134 217 44 134 224 129 
135 233 48 135 218 48 
136 13 100 136 168 22 
137 162 153 137 4 173 
138 262 59 138 230 88 
139 142 174 139 173 86 
140 218 186 140 170 58 
141 191 166 141 241 1 
142 125 264 142 275 220 
143 48 229 143 225 112 
144 245 131 144 197 5 
145 130 2 145 84 195 
146 224 142 146 94 102 
147 96 190 147 38 190 
148 194 19 148 81 70 
149 250 17 149 149 79 
150 190 171 150 194 35 
151 186 37 151 193 96 
152 18 164 152 150 207 
153 243 85 153 96 241 
154 109 265 154 105 194 
155 56 76 155 187 71 
156 265 60 156 251 125 
157 118 118 157 59 258 
158 252 1 158 195 166 
159 148 141 159 21 77 
160 173 172 160 139 172 
161 15 146 161 244 142 
162 33 273 162 208 209 
163 20 63 163 227 54 
164 112 73 164 175 277 
165 47 8 165 110 74 
166 255 26 166 24 62 
167 12 28 167 239 192 
168 131 183 168 54 198 
169 129 165 169 172 128 
170 192 268 170 140 231 
171 83 30 171 10 143 
172 128 115 172 22 134 
173 51 105 173 17 165 
174 124 124 174 238 45 
175 185 154 175 113 51 
176 264 42 176 202 42 
177 24 269 177 266 78 
178 117 74 178 78 182 
179 77 52 179 116 66 
180 75 32 180 190 3 
181 7 54 181 216 94 
182 37 33 182 70 81 
183 182 83 183 264 114 
184 145 27 184 23 178 
185 86 86 185 261 145 
186 176 117 186 259 73 
187 234 23 187 201 108 
188 268 89 188 137 95 
189 150 36 189 95 84 
190 237 227 190 108 19 
191 261 75 191 118 46 
192 84 38 192 9 224 
193 89 199 193 67 251 
194 188 39 194 121 191 
195 202 187 195 77 193 
196 3 185 196 163 229 
197 35 35 197 271 34 
198 52 56 198 28 56 
199 43 5 199 166 247 
200 272 224 200 75 243 
201 16 151 201 198 168 
202 165 232 202 127 200 
203 175 43 203 158 174 
204 72 46 204 86 103 
205 85 47 205 98 6 
206 29 72 206 90 21 
207 249 101 207 232 141 
208 111 234 208 71 250 
209 40 78 209 19 31 
210 179 111 210 101 264 
211 54 256 211 255 256 
212 60 252 212 144 115 
213 216 106 213 134 276 
214 113 254 214 223 109 
215 219 203 215 35 265 
216 123 53 216 80 170 
217 8 244 217 161 68 
218 70 152 218 220 202 
219 91 257 219 40 116 
220 64 92 220 112 159 
221 259 12 221 236 201 
222 229 102 222 11 167 
223 74 278 223 228 208 
224 137 179 224 39 25 
225 62 57 225 155 271 
226 68 178 226 91 163 
227 164 133 227 32 245 
228 276 55 228 99 55 
229 247 137 229 53 117 
230 114 202 230 206 187 
231 27 191 231 68 228 
232 26 235 232 235 92 
233 119 134 233 128 107 
234 228 175 234 248 254 
235 210 243 235 20 93 
236 17 61 236 69 113 
237 92 62 237 257 257 
238 277 272 238 120 272 
239 239 114 239 31 235 
240 254 58 240 26 186 
241 159 156 241 253 274 
242 253 135 242 25 53 
243 95 88 243 174 59 
244 147 195 244 156 89 
245 205 231 245 178 206 
246 178 277 246 160 65 
247 69 221 247 16 160 
248 139 168 248 30 212 
249 230 238 249 74 149 
250 65 150 250 278 110 
251 271 113 251 141 180 
252 203 218 252 263 4 
253 42 162 253 169 221 
254 241 247 254 229 97 
255 87 184 255 148 196 
256 127 223 256 242 269 
257 105 140 257 50 140 
258 79 181 258 87 181 
259 30 121 259 8 121 
260 67 260 260 56 230 
261 222 71 261 58 177 
262 143 217 262 103 138 
263 270 49 263 126 104 
264 156 241 264 45 188 
265 104 230 265 138 28 
266 193 245 266 214 15 
267 220 215 267 85 236 
268 49 161 268 177 176 
269 44 207 269 205 164 
270 275 258 270 200 118 
271 76 270 271 147 137 
272 6 155 272 203 47 
273 266 205 273 276 26 
274 279 9 274 133 189 
275 58 212 275 64 38 
276 181 144 276 262 144 
277 226 176 277 79 2 
278 94 201 278 46 119 
279 4 261 279 279 211 
