***********************************
Experiment parameters:
Experiment results:
Permutations:
I U RANK QCV rand PATH 
1 216 108 5 47 14 
2 224 178 178 186 132 
3 91 255 223 180 91 
4 47 64 8 273 71 
5 60 82 60 176 60 
6 8 143 14 14 62 
7 69 150 69 135 69 
8 128 235 128 167 128 
9 23 47 23 267 23 
10 5 77 80 142 80 
11 266 134 266 234 266 
12 117 17 117 72 117 
13 249 207 249 245 249 
14 174 209 174 57 174 
15 177 81 193 66 193 
16 156 113 156 125 156 
17 105 265 105 207 105 
18 14 5 20 254 254 
19 244 261 244 171 244 
20 63 36 190 104 36 
21 29 42 29 5 29 
22 39 190 24 93 63 
23 226 12 226 65 226 
24 74 121 74 76 74 
25 126 166 126 15 126 
26 86 58 86 52 86 
27 32 176 32 151 32 
28 193 141 177 42 177 
29 189 161 189 185 189 
30 251 278 251 159 251 
31 209 93 209 274 209 
32 88 27 88 265 88 
33 167 46 167 100 167 
34 24 8 36 48 64 
35 4 256 4 217 4 
36 120 60 120 188 120 
37 238 65 238 107 238 
38 41 96 41 13 41 
39 84 51 84 55 84 
40 264 203 264 213 264 
41 268 38 268 199 268 
42 229 94 229 123 229 
43 236 146 236 221 236 
44 223 145 91 191 223 
45 232 262 232 153 232 
46 70 238 70 124 70 
47 213 218 213 183 213 
48 157 157 157 233 157 
49 97 63 243 204 90 
50 169 186 169 215 169 
51 205 228 205 237 205 
52 263 260 263 212 263 
53 15 264 15 37 15 
54 56 59 56 109 56 
55 202 263 202 7 202 
56 182 182 182 249 182 
57 36 90 160 219 97 
58 38 268 38 277 38 
59 271 84 271 43 271 
60 276 191 276 88 276 
61 81 223 81 130 81 
62 13 224 13 252 13 
63 265 267 265 182 265 
64 123 125 123 211 123 
65 54 11 54 268 54 
66 85 251 85 146 85 
67 253 139 253 270 253 
68 272 210 272 114 272 
69 108 114 63 260 98 
70 267 153 267 192 267 
71 170 174 170 132 170 
72 215 144 215 226 215 
73 255 147 255 34 255 
74 17 159 17 129 17 
75 261 19 261 209 261 
76 61 61 61 102 61 
77 55 179 55 184 55 
78 27 142 27 6 27 
79 153 192 153 246 153 
80 67 274 67 33 67 
81 221 56 221 269 221 
82 101 118 64 210 101 
83 214 165 214 115 214 
84 158 230 158 122 158 
85 1 62 1 240 1 
86 151 112 151 143 151 
87 52 177 52 111 52 
88 162 92 162 117 162 
89 133 95 133 152 133 
90 187 120 187 3 187 
91 62 75 62 164 20 
92 254 277 254 63 24 
93 186 181 186 131 186 
94 252 155 252 231 252 
95 119 119 119 44 119 
96 219 45 219 51 219 
97 127 127 127 49 127 
98 206 206 206 189 206 
99 118 149 233 61 102 
100 277 279 277 73 277 
101 16 88 16 62 16 
102 25 52 25 2 25 
103 145 91 145 18 145 
104 208 164 208 106 208 
105 114 14 90 92 108 
106 76 76 76 1 76 
107 40 22 40 36 40 
108 90 216 97 250 114 
109 72 244 72 154 72 
110 92 272 92 29 92 
111 10 105 10 27 10 
112 50 276 50 83 50 
113 148 252 148 258 148 
114 59 122 181 12 181 
115 164 208 164 162 164 
116 218 185 218 181 218 
117 107 115 107 272 107 
118 211 78 211 243 211 
119 198 48 198 256 198 
120 279 172 279 41 279 
121 7 106 7 119 7 
122 181 169 59 179 59 
123 150 242 150 157 150 
124 138 131 262 97 138 
125 188 258 188 60 188 
126 135 135 135 247 135 
127 78 158 78 222 78 
128 121 140 121 145 121 
129 111 167 111 165 111 
130 45 4 45 89 45 
131 262 219 138 136 262 
132 207 79 207 196 207 
133 136 136 136 82 136 
134 87 117 87 224 87 
135 98 183 98 218 118 
136 194 194 194 168 194 
137 239 225 239 4 239 
138 203 80 203 230 203 
139 34 18 34 173 34 
140 30 248 30 170 30 
141 22 40 22 241 22 
142 71 53 71 275 8 
143 11 26 11 225 11 
144 44 173 44 197 44 
145 270 270 270 84 270 
146 46 104 46 94 46 
147 132 247 132 38 5 
148 199 199 199 81 199 
149 141 124 141 149 141 
150 159 10 159 194 159 
151 204 28 204 193 204 
152 269 232 269 150 269 
153 109 21 109 96 109 
154 179 236 179 105 179 
155 12 226 12 187 12 
156 237 100 237 251 237 
157 234 89 234 59 234 
158 275 240 275 195 275 
159 106 15 106 21 106 
160 93 7 93 139 93 
161 195 110 195 244 195 
162 171 188 171 208 171 
163 227 227 227 227 227 
164 259 239 259 175 259 
165 273 204 273 110 273 
166 241 6 241 24 241 
167 9 9 9 239 9 
168 18 83 18 54 18 
169 100 237 100 172 100 
170 28 245 28 140 28 
171 113 163 113 10 113 
172 201 201 201 22 201 
173 231 109 231 17 231 
174 89 212 89 238 89 
175 242 162 242 113 242 
176 129 97 108 202 129 
177 102 101 101 266 143 
178 220 266 220 78 220 
179 274 197 274 116 274 
180 104 152 104 190 104 
181 139 234 139 216 139 
182 172 195 172 70 172 
183 115 55 115 264 115 
184 173 111 173 23 173 
185 168 126 168 261 168 
186 217 73 217 259 217 
187 163 175 163 201 163 
188 73 70 73 137 73 
189 134 107 134 95 134 
190 124 269 124 108 124 
191 99 2 99 118 99 
192 245 3 245 9 245 
193 95 151 95 67 95 
194 152 44 152 121 152 
195 51 271 51 77 51 
196 142 214 142 163 142 
197 42 41 42 271 42 
198 147 138 147 28 147 
199 197 259 197 166 197 
200 79 196 79 75 79 
201 165 205 165 198 165 
202 20 250 225 127 225 
203 240 1 240 158 240 
204 122 154 210 86 210 
205 57 54 57 98 57 
206 176 170 176 90 176 
207 196 249 196 232 196 
208 3 273 3 71 3 
209 166 31 166 19 166 
210 257 257 257 101 257 
211 19 156 175 255 175 
212 58 86 58 144 58 
213 248 30 248 134 248 
214 49 49 49 223 49 
215 82 85 82 35 82 
216 184 23 184 80 184 
217 53 71 53 161 53 
218 130 130 130 220 130 
219 146 198 146 40 146 
220 96 241 122 112 122 
221 140 211 140 236 140 
222 48 57 48 11 48 
223 26 275 26 228 26 
224 256 193 256 39 256 
225 33 33 33 155 33 
226 190 129 102 91 149 
227 160 20 114 32 160 
228 35 200 35 99 35 
229 155 148 155 53 155 
230 230 74 230 206 230 
231 258 68 258 68 258 
232 131 25 131 235 131 
233 68 231 68 128 68 
234 178 202 47 248 47 
235 191 50 191 20 191 
236 31 213 31 69 31 
237 192 184 39 257 39 
238 64 29 192 120 192 
239 143 243 129 31 178 
240 65 67 65 26 65 
241 77 189 77 253 77 
242 225 102 118 25 183 
243 43 116 43 174 43 
244 6 221 6 156 6 
245 2 222 2 178 2 
246 210 98 143 160 190 
247 247 132 247 16 247 
248 260 32 260 30 260 
249 94 69 94 74 94 
250 154 229 154 278 154 
251 183 37 96 141 96 
252 144 180 144 263 144 
253 21 171 21 169 21 
254 75 220 75 229 75 
255 103 103 103 148 103 
256 212 253 212 242 212 
257 37 87 37 50 37 
258 110 254 110 87 110 
259 250 217 250 8 250 
260 149 24 216 56 216 
261 200 16 200 58 200 
262 83 34 83 103 83 
263 137 72 137 126 137 
264 180 13 180 45 180 
265 185 168 185 138 185 
266 125 39 125 214 125 
267 233 160 149 85 233 
268 116 43 116 177 116 
269 222 128 222 205 222 
270 246 246 246 200 246 
271 161 123 161 147 161 
272 80 215 224 203 224 
273 243 233 183 276 243 
274 228 66 228 133 228 
275 235 133 235 64 235 
276 175 137 19 262 19 
277 112 99 112 79 112 
278 66 187 66 46 66 
279 278 35 278 279 278 
