***********************************
Experiment parameters:
Experiment results:
Permutations:
I U RANK QCV rand PATH 
1 275 116 264 47 264 
2 50 70 67 186 67 
3 224 135 56 180 56 
4 88 95 125 273 125 
5 272 237 224 176 243 
6 230 225 102 14 102 
7 89 276 31 135 31 
8 235 229 207 167 207 
9 38 101 248 267 170 
10 139 1 202 142 53 
11 71 147 95 234 74 
12 112 191 141 72 258 
13 134 154 239 245 239 
14 32 231 81 57 81 
15 152 153 85 66 121 
16 175 234 63 125 63 
17 36 203 41 207 41 
18 77 133 269 254 269 
19 102 166 187 171 187 
20 219 212 219 104 219 
21 113 143 47 5 16 
22 7 158 236 93 202 
23 58 130 68 65 152 
24 45 105 192 76 192 
25 61 181 234 15 234 
26 96 88 24 52 24 
27 92 97 273 151 273 
28 264 206 195 42 195 
29 187 7 145 185 7 
30 22 42 263 159 263 
31 42 99 271 274 271 
32 168 258 113 265 113 
33 181 187 163 100 43 
34 145 85 132 48 240 
35 151 72 7 217 163 
36 274 180 231 188 148 
37 141 86 49 107 49 
38 173 140 229 13 229 
39 176 10 230 55 90 
40 23 84 140 213 140 
41 25 248 88 199 72 
42 91 249 105 123 105 
43 273 141 184 221 42 
44 67 106 194 191 194 
45 142 243 276 153 276 
46 120 136 268 124 108 
47 271 193 26 183 26 
48 106 238 106 233 106 
49 218 268 149 204 149 
50 20 159 20 215 20 
51 253 151 196 237 196 
52 76 192 100 212 100 
53 56 267 34 37 34 
54 8 104 55 109 14 
55 78 138 59 7 59 
56 2 76 2 249 2 
57 232 236 148 219 241 
58 12 6 186 277 186 
59 199 184 46 43 46 
60 174 146 48 88 48 
61 115 128 247 130 247 
62 257 202 123 252 21 
63 228 122 15 182 15 
64 107 144 275 211 224 
65 14 119 162 268 162 
66 34 67 93 146 93 
67 222 195 147 270 147 
68 21 160 104 114 185 
69 40 255 174 260 174 
70 247 174 175 192 175 
71 123 271 99 132 99 
72 146 34 267 226 267 
73 65 182 96 34 96 
74 59 96 182 129 182 
75 16 68 8 209 8 
76 98 131 238 102 238 
77 223 155 98 184 98 
78 70 164 72 6 115 
79 30 244 65 246 65 
80 208 8 18 33 18 
81 27 139 76 269 76 
82 17 58 84 210 84 
83 105 199 169 115 169 
84 188 16 75 122 237 
85 13 117 87 240 191 
86 197 161 200 143 257 
87 234 53 101 111 101 
88 191 264 170 117 79 
89 118 208 252 152 62 
90 153 269 131 3 131 
91 138 253 190 164 190 
92 227 20 27 63 27 
93 161 121 21 131 85 
94 147 21 225 231 225 
95 260 246 25 44 25 
96 170 137 58 51 58 
97 126 176 216 49 216 
98 158 17 16 189 68 
99 183 66 129 61 129 
100 267 19 249 73 249 
101 162 150 118 62 118 
102 3 167 61 2 165 
103 137 273 107 18 268 
104 156 82 82 106 82 
105 250 98 199 92 199 
106 121 49 203 1 203 
107 160 201 52 36 52 
108 44 47 161 250 161 
109 246 241 256 154 262 
110 200 278 189 29 189 
111 26 91 181 27 181 
112 243 92 39 83 39 
113 85 196 246 258 246 
114 248 277 45 12 45 
115 198 214 157 162 157 
116 133 165 10 181 10 
117 195 77 222 272 222 
118 100 108 166 243 166 
119 117 263 117 256 117 
120 28 185 176 41 176 
121 182 240 258 119 104 
122 4 266 279 179 279 
123 277 226 197 157 197 
124 79 74 17 97 244 
125 233 197 226 60 92 
126 249 52 83 247 83 
127 90 48 146 222 146 
128 144 125 171 145 171 
129 211 235 1 165 1 
130 192 172 74 89 143 
131 209 127 14 136 184 
132 10 134 57 196 57 
133 207 93 217 82 217 
134 255 211 69 224 69 
135 87 227 227 218 227 
136 171 45 277 168 277 
137 157 169 114 4 114 
138 185 63 250 230 250 
139 54 170 243 173 141 
140 119 173 23 170 23 
141 18 120 120 241 120 
142 114 186 6 275 6 
143 53 115 126 225 12 
144 110 245 110 197 110 
145 169 103 3 84 3 
146 55 179 160 94 75 
147 263 124 124 38 124 
148 259 13 235 81 235 
149 231 56 135 149 135 
150 204 33 33 194 33 
151 124 37 214 193 214 
152 135 232 260 150 260 
153 276 89 19 96 87 
154 155 262 44 105 44 
155 265 142 22 187 22 
156 229 71 173 251 173 
157 39 175 28 59 28 
158 225 9 9 195 9 
159 31 218 91 21 91 
160 194 177 177 139 177 
161 256 25 223 244 223 
162 261 73 270 208 127 
163 68 57 215 227 215 
164 111 75 220 175 160 
165 103 102 241 110 231 
166 167 178 143 24 55 
167 148 107 179 239 164 
168 205 168 240 54 13 
169 279 171 115 172 61 
170 116 132 274 140 88 
171 19 29 150 10 150 
172 95 224 152 22 248 
173 193 30 205 17 226 
174 186 272 262 238 95 
175 149 100 212 113 200 
176 214 254 254 202 254 
177 215 27 259 266 259 
178 150 145 29 78 29 
179 266 222 77 116 77 
180 37 31 245 190 144 
181 33 59 265 216 265 
182 217 32 111 70 111 
183 47 87 185 264 210 
184 127 79 183 23 97 
185 213 152 210 261 19 
186 241 223 116 259 116 
187 43 36 51 201 94 
188 84 114 155 137 155 
189 179 210 261 95 17 
190 83 38 43 108 73 
191 69 219 73 118 212 
192 210 39 144 9 107 
193 190 279 159 67 159 
194 35 40 30 121 132 
195 74 41 62 77 205 
196 46 188 136 163 130 
197 163 190 253 271 253 
198 212 26 193 28 193 
199 94 110 92 166 245 
200 62 43 165 75 123 
201 237 44 251 198 145 
202 63 14 94 127 51 
203 172 209 237 158 168 
204 109 220 127 86 183 
205 128 123 53 98 230 
206 15 221 244 90 252 
207 132 129 139 232 139 
208 240 50 191 71 274 
209 184 259 266 19 266 
210 254 233 233 101 233 
211 86 156 156 255 156 
212 140 251 208 144 208 
213 122 12 213 134 30 
214 51 256 221 223 167 
215 270 261 90 35 172 
216 258 54 164 80 78 
217 75 80 36 161 36 
218 73 81 121 220 261 
219 201 55 79 40 179 
220 80 90 60 112 188 
221 177 189 204 236 204 
222 64 274 108 11 209 
223 143 260 232 228 232 
224 165 28 137 39 137 
225 136 24 158 155 158 
226 159 126 201 91 201 
227 238 217 70 32 70 
228 52 112 112 99 112 
229 236 200 257 53 134 
230 245 149 13 206 236 
231 242 118 32 68 32 
232 81 215 172 235 126 
233 97 62 188 128 136 
234 220 60 180 248 220 
235 221 94 168 20 270 
236 93 257 50 69 50 
237 130 61 78 257 221 
238 251 78 109 120 251 
239 244 111 209 31 180 
240 5 23 134 26 47 
241 180 163 54 253 54 
242 178 183 97 25 60 
243 216 250 154 174 154 
244 189 3 66 156 66 
245 104 65 198 178 198 
246 268 275 42 160 256 
247 49 157 11 16 11 
248 41 109 167 30 275 
249 24 51 12 74 80 
250 252 83 80 278 213 
251 9 113 86 141 86 
252 164 230 153 263 153 
253 226 11 37 169 37 
254 269 2 218 229 218 
255 203 15 138 148 138 
256 108 64 64 242 64 
257 166 228 228 50 228 
258 206 35 35 87 35 
259 6 4 278 8 278 
260 101 252 206 56 206 
261 202 216 142 58 142 
262 72 194 133 103 133 
263 125 22 71 126 71 
264 154 270 272 45 272 
265 196 242 89 138 89 
266 262 247 128 214 128 
267 99 213 151 85 151 
268 1 69 211 177 211 
269 29 162 119 205 119 
270 11 207 255 200 255 
271 48 46 38 147 38 
272 131 148 242 203 242 
273 66 198 178 276 178 
274 129 265 122 133 122 
275 278 205 40 64 40 
276 82 5 5 262 5 
277 57 239 103 79 103 
278 239 204 4 46 4 
279 60 18 130 279 109 
