***********************************
Experiment parameters:
Experiment results:
Permutations:
I U RANK QCV rand PATH 
1 267 170 276 47 276 
2 56 175 144 186 240 
3 93 173 64 180 64 
4 14 89 152 273 152 
5 223 203 82 176 88 
6 118 255 120 14 120 
7 75 262 69 135 69 
8 31 94 216 167 216 
9 10 95 140 267 140 
10 174 1 139 142 139 
11 15 2 228 234 227 
12 2 79 46 72 46 
13 250 76 261 245 261 
14 186 194 202 57 202 
15 246 3 27 66 47 
16 205 43 157 125 157 
17 215 206 74 207 74 
18 268 106 245 254 207 
19 42 4 28 171 233 
20 207 67 129 104 129 
21 262 147 214 5 214 
22 168 5 194 93 183 
23 167 21 277 65 197 
24 47 152 165 76 165 
25 227 116 56 15 56 
26 23 8 88 52 170 
27 72 93 57 151 57 
28 107 7 171 42 249 
29 256 211 99 185 41 
30 142 159 199 159 199 
31 101 119 119 274 119 
32 192 120 16 265 16 
33 46 60 213 100 275 
34 135 80 110 48 149 
35 159 98 128 217 138 
36 133 171 145 188 48 
37 141 199 105 107 105 
38 158 185 143 13 143 
39 150 10 100 55 100 
40 7 143 185 213 185 
41 130 11 48 199 97 
42 74 242 187 123 187 
43 226 213 255 221 255 
44 208 250 176 191 176 
45 253 183 159 153 159 
46 198 128 59 124 248 
47 111 239 23 183 23 
48 32 172 32 233 32 
49 274 265 11 204 265 
50 165 251 124 215 124 
51 12 138 190 237 190 
52 151 229 125 212 125 
53 41 25 279 37 279 
54 219 249 224 109 228 
55 95 131 81 7 81 
56 127 166 127 249 127 
57 166 230 66 219 113 
58 94 40 218 277 218 
59 122 190 13 43 13 
60 240 73 221 88 221 
61 185 222 15 130 15 
62 45 201 8 252 8 
63 125 140 136 182 136 
64 102 225 114 211 231 
65 136 274 220 268 220 
66 5 134 257 146 257 
67 190 13 67 270 67 
68 191 267 53 114 141 
69 100 24 84 260 84 
70 238 84 24 192 24 
71 44 268 268 132 268 
72 3 52 25 226 25 
73 64 219 76 34 76 
74 68 266 14 129 14 
75 189 277 45 209 45 
76 183 55 189 102 189 
77 197 150 12 184 12 
78 193 207 174 6 262 
79 201 63 91 246 91 
80 212 45 130 33 130 
81 39 182 182 269 182 
82 214 156 252 210 252 
83 180 42 92 115 92 
84 26 227 264 122 243 
85 85 105 215 240 215 
86 50 68 227 143 33 
87 143 62 60 111 60 
88 38 69 63 117 99 
89 25 111 262 152 128 
90 242 189 250 3 250 
91 239 18 18 164 18 
92 114 44 251 63 251 
93 161 112 201 131 203 
94 265 214 109 231 109 
95 87 113 78 44 78 
96 86 252 156 51 156 
97 230 246 160 49 160 
98 225 97 188 189 114 
99 241 56 212 61 212 
100 96 253 7 73 7 
101 108 241 87 62 87 
102 34 90 47 2 194 
103 1 121 186 18 229 
104 155 9 9 106 9 
105 126 14 266 92 266 
106 154 254 122 1 122 
107 272 197 146 36 146 
108 65 41 200 250 200 
109 258 232 90 154 155 
110 37 6 273 29 273 
111 24 12 151 27 151 
112 228 100 178 83 178 
113 221 186 103 258 103 
114 63 86 272 12 272 
115 171 234 246 162 246 
116 6 118 38 181 38 
117 172 32 172 272 172 
118 33 110 241 243 241 
119 106 208 164 256 164 
120 116 158 209 41 209 
121 9 240 206 119 206 
122 124 217 44 179 44 
123 16 101 175 157 175 
124 77 231 148 97 37 
125 251 83 269 60 154 
126 206 187 142 247 142 
127 103 221 73 222 73 
128 236 109 208 145 208 
129 109 247 123 165 123 
130 49 153 153 89 244 
131 203 233 233 136 148 
132 119 125 108 196 108 
133 113 271 70 82 70 
134 255 196 30 224 30 
135 80 163 163 218 163 
136 200 272 86 168 86 
137 187 127 162 4 162 
138 220 50 17 230 17 
139 90 188 39 173 213 
140 28 160 58 170 58 
141 27 198 198 241 198 
142 199 218 40 275 40 
143 145 99 3 225 82 
144 204 204 204 197 204 
145 173 30 150 84 150 
146 62 148 79 94 264 
147 58 263 263 38 263 
148 194 275 80 81 80 
149 260 64 173 149 173 
150 132 205 205 194 205 
151 20 144 234 193 234 
152 209 135 184 150 184 
153 88 178 101 96 5 
154 184 20 1 105 1 
155 8 209 31 187 31 
156 279 279 158 251 158 
157 83 168 104 59 104 
158 160 167 167 195 167 
159 224 92 42 21 42 
160 181 161 161 139 161 
161 110 228 112 244 65 
162 153 71 97 208 63 
163 18 258 111 227 111 
164 51 72 248 175 201 
165 211 164 113 110 83 
166 248 155 235 24 180 
167 4 27 267 239 27 
168 30 28 41 54 101 
169 276 146 225 172 256 
170 149 54 75 140 259 
171 229 29 121 10 71 
172 249 108 230 22 269 
173 138 142 149 17 10 
174 123 87 275 238 242 
175 188 192 254 113 145 
176 117 117 117 202 117 
177 270 177 132 266 132 
178 61 145 10 78 90 
179 217 245 21 116 21 
180 233 260 77 190 77 
181 275 162 131 216 131 
182 73 210 242 70 171 
183 247 82 83 264 192 
184 35 238 141 23 267 
185 53 85 147 261 245 
186 182 34 223 259 126 
187 11 35 183 201 61 
188 52 96 116 137 116 
189 57 36 118 95 11 
190 234 37 154 108 277 
191 137 74 107 118 107 
192 105 38 229 9 110 
193 164 124 191 67 191 
194 89 39 247 121 147 
195 91 165 240 77 39 
196 269 243 193 163 49 
197 40 236 236 271 236 
198 43 23 239 28 239 
199 254 157 43 166 43 
200 139 122 61 75 75 
201 157 276 259 198 35 
202 266 224 5 127 186 
203 48 169 207 158 188 
204 148 244 243 86 247 
205 213 47 192 98 118 
206 82 48 231 90 153 
207 92 212 26 232 26 
208 76 49 210 71 260 
209 278 132 217 19 217 
210 81 181 181 101 181 
211 237 270 270 255 270 
212 144 114 260 144 254 
213 70 91 126 134 121 
214 21 51 244 223 174 
215 216 193 33 35 51 
216 129 53 4 80 98 
217 67 75 138 161 210 
218 69 149 203 220 66 
219 170 248 256 40 179 
220 128 174 65 112 169 
221 120 226 226 236 226 
222 78 278 51 11 79 
223 71 184 274 228 274 
224 195 216 168 39 168 
225 99 57 197 155 112 
226 202 123 54 91 54 
227 98 70 271 32 271 
228 263 195 195 99 195 
229 257 129 265 53 223 
230 235 22 278 206 224 
231 218 77 169 68 53 
232 97 269 37 235 230 
233 121 59 238 128 253 
234 259 256 98 248 193 
235 36 88 180 20 28 
236 177 61 232 69 232 
237 243 259 211 257 211 
238 264 264 253 120 4 
239 22 107 22 31 22 
240 179 58 49 26 278 
241 79 46 249 253 235 
242 175 154 179 25 238 
243 131 17 50 174 50 
244 146 151 96 156 96 
245 147 16 20 178 20 
246 178 141 155 160 225 
247 156 180 133 16 133 
248 66 65 170 30 59 
249 60 66 68 74 68 
250 244 78 36 278 36 
251 163 103 35 141 3 
252 277 202 62 263 62 
253 231 15 71 169 144 
254 13 26 166 229 166 
255 162 81 258 148 258 
256 252 191 177 242 177 
257 210 137 137 50 137 
258 19 115 115 87 115 
259 273 273 6 8 6 
260 115 235 72 56 72 
261 54 133 134 58 134 
262 17 176 106 103 106 
263 29 31 52 126 52 
264 169 126 34 45 34 
265 271 223 2 138 2 
266 134 257 222 214 222 
267 152 200 93 85 93 
268 196 102 196 177 196 
269 59 220 135 205 135 
270 104 104 94 200 94 
271 140 33 85 147 85 
272 232 139 89 203 89 
273 176 179 29 276 29 
274 112 136 219 133 219 
275 245 215 95 64 95 
276 84 19 19 262 19 
277 222 261 102 79 102 
278 261 237 237 46 237 
279 55 130 55 279 55 
