***********************************
Experiment parameters:
Experiment results:
Permutations:
I U RANK QCV rand PATH 
1 211 48 102 47 177 
2 131 63 105 186 160 
3 177 133 103 180 103 
4 106 91 37 273 115 
5 221 208 9 176 61 
6 164 279 32 14 129 
7 138 141 78 135 75 
8 153 15 128 167 128 
9 7 97 12 267 47 
10 199 176 28 142 151 
11 56 118 226 234 140 
12 225 81 252 72 65 
13 208 26 216 245 216 
14 202 224 153 57 153 
15 63 3 121 66 121 
16 269 277 112 125 112 
17 16 217 79 207 79 
18 12 231 192 254 220 
19 28 235 173 171 247 
20 244 67 114 104 244 
21 185 153 67 5 67 
22 178 117 85 93 78 
23 78 242 244 65 127 
24 79 140 225 76 225 
25 165 210 116 15 116 
26 148 85 185 52 27 
27 123 21 271 151 271 
28 275 211 56 42 206 
29 142 4 87 185 176 
30 172 198 137 159 137 
31 278 22 133 274 133 
32 274 120 73 265 73 
33 81 193 227 100 13 
34 90 82 270 48 62 
35 130 7 212 217 28 
36 127 24 279 188 191 
37 115 164 162 107 101 
38 186 74 92 13 92 
39 209 10 261 55 167 
40 103 92 74 213 74 
41 179 168 176 199 123 
42 253 258 17 123 17 
43 207 139 100 221 261 
44 245 70 14 191 14 
45 217 243 164 153 164 
46 169 142 69 124 135 
47 176 234 34 183 34 
48 70 220 70 233 70 
49 272 256 110 204 198 
50 250 174 126 215 126 
51 29 151 223 237 223 
52 234 260 260 212 212 
53 231 96 259 37 259 
54 87 100 106 109 226 
55 23 57 57 7 57 
56 39 108 39 249 39 
57 13 56 139 219 139 
58 95 264 64 277 64 
59 224 204 89 43 89 
60 125 66 98 88 98 
61 238 20 182 130 182 
62 17 229 195 252 195 
63 162 65 273 182 273 
64 226 13 4 211 102 
65 201 241 232 268 232 
66 5 94 59 146 59 
67 161 178 113 270 113 
68 214 136 129 114 202 
69 260 246 265 260 265 
70 182 128 15 192 15 
71 73 103 22 132 22 
72 35 259 251 226 251 
73 26 238 205 34 205 
74 75 19 238 129 238 
75 121 266 222 209 222 
76 48 222 266 102 266 
77 259 227 108 184 108 
78 60 124 163 6 9 
79 213 240 81 246 81 
80 146 132 152 33 152 
81 251 205 2 269 2 
82 276 1 246 210 246 
83 171 236 95 115 95 
84 190 144 180 122 16 
85 212 115 88 240 88 
86 38 237 151 143 211 
87 45 55 189 111 189 
88 195 69 156 117 12 
89 96 17 91 152 77 
90 86 152 132 3 132 
91 152 172 248 164 248 
92 174 25 93 63 93 
93 249 113 104 131 106 
94 24 16 224 231 224 
95 175 110 196 44 196 
96 19 86 1 51 1 
97 119 5 35 49 35 
98 160 148 136 189 179 
99 6 170 83 61 83 
100 55 272 40 73 40 
101 267 107 150 62 150 
102 101 109 115 2 201 
103 227 190 123 18 4 
104 261 257 257 106 257 
105 277 146 19 92 19 
106 241 270 33 1 33 
107 256 195 229 36 229 
108 228 269 155 250 155 
109 216 244 107 154 263 
110 126 255 44 29 44 
111 85 216 194 27 194 
112 154 88 82 83 82 
113 236 191 159 258 159 
114 188 125 3 12 11 
115 91 35 267 162 267 
116 229 173 256 181 256 
117 139 175 161 272 161 
118 187 106 188 243 188 
119 235 261 235 256 235 
120 92 71 245 41 245 
121 102 249 263 119 200 
122 237 93 25 179 25 
123 93 169 63 157 63 
124 215 127 13 97 171 
125 99 158 240 60 169 
126 150 192 84 247 84 
127 219 98 66 222 66 
128 232 177 215 145 215 
129 51 252 117 165 117 
130 47 156 60 89 87 
131 144 123 135 136 260 
132 218 131 276 196 276 
133 203 59 51 82 51 
134 59 122 146 224 146 
135 258 147 147 218 147 
136 149 11 125 168 125 
137 220 207 149 4 149 
138 197 54 277 230 277 
139 94 188 65 173 192 
140 230 251 5 170 5 
141 159 274 274 241 274 
142 264 64 264 275 264 
143 243 160 16 225 100 
144 89 2 26 197 26 
145 18 218 122 84 122 
146 54 162 61 94 114 
147 268 275 275 38 275 
148 147 18 258 81 258 
149 43 6 6 149 6 
150 194 145 145 194 145 
151 40 51 250 193 250 
152 266 130 50 150 50 
153 27 165 76 96 105 
154 205 225 48 105 48 
155 196 245 209 187 209 
156 80 181 96 251 96 
157 137 29 38 59 38 
158 84 45 68 195 68 
159 273 95 236 21 236 
160 247 228 228 139 228 
161 77 102 200 244 58 
162 10 278 111 208 156 
163 64 60 80 227 80 
164 240 73 109 175 184 
165 76 99 42 110 90 
166 124 121 202 24 269 
167 66 27 90 239 173 
168 44 28 203 54 252 
169 62 159 43 172 72 
170 132 129 7 140 32 
171 37 199 55 10 254 
172 158 114 193 22 243 
173 41 105 11 17 42 
174 71 89 272 238 199 
175 170 23 237 113 144 
176 14 214 214 202 214 
177 57 197 262 266 262 
178 108 189 169 78 168 
179 4 14 231 116 231 
180 173 31 199 190 134 
181 255 239 221 216 227 
182 114 32 148 70 163 
183 270 84 201 264 124 
184 109 163 27 23 55 
185 193 87 168 261 240 
186 198 111 58 259 203 
187 65 271 254 201 219 
188 257 8 207 137 207 
189 168 36 233 95 270 
190 200 37 97 108 180 
191 36 75 171 118 136 
192 34 179 243 9 99 
193 271 126 197 67 197 
194 11 52 18 121 3 
195 252 40 99 77 162 
196 192 167 24 163 193 
197 151 248 172 271 172 
198 263 34 234 28 234 
199 83 183 220 166 110 
200 181 42 206 75 165 
201 140 43 54 198 148 
202 163 150 71 127 233 
203 32 77 144 158 97 
204 135 171 124 86 237 
205 69 47 204 98 60 
206 105 180 62 90 7 
207 143 221 247 232 54 
208 112 247 219 71 104 
209 2 262 174 19 174 
210 129 230 230 101 230 
211 145 143 143 255 143 
212 53 101 134 144 85 
213 25 200 31 134 272 
214 72 135 72 223 10 
215 128 184 213 35 24 
216 265 186 167 80 91 
217 113 76 191 161 120 
218 58 78 269 220 279 
219 184 53 127 40 186 
220 167 206 53 112 221 
221 49 268 255 236 255 
222 9 212 142 11 43 
223 33 50 241 228 241 
224 68 265 86 39 86 
225 88 215 177 155 185 
226 22 185 46 91 46 
227 82 219 158 32 158 
228 8 30 30 99 30 
229 133 137 198 53 142 
230 20 155 75 206 31 
231 104 79 36 68 249 
232 242 58 160 235 37 
233 61 273 249 128 36 
234 204 226 101 248 76 
235 157 90 47 20 69 
236 191 201 211 69 217 
237 52 61 179 257 107 
238 180 62 120 120 111 
239 42 12 10 31 208 
240 1 267 23 26 71 
241 156 223 138 253 138 
242 50 138 140 25 109 
243 97 83 183 174 183 
244 254 112 8 156 8 
245 189 33 186 178 53 
246 134 72 77 160 23 
247 155 49 154 16 154 
248 262 254 165 30 18 
249 74 46 184 74 56 
250 136 80 217 278 204 
251 67 104 208 141 213 
252 116 202 131 263 131 
253 15 154 94 169 94 
254 107 39 170 229 170 
255 98 149 239 148 239 
256 183 253 253 242 253 
257 239 187 187 50 187 
258 222 157 157 87 157 
259 21 44 166 8 166 
260 248 263 52 56 52 
261 46 182 49 58 49 
262 110 161 175 103 175 
263 122 209 181 126 181 
264 3 134 190 45 190 
265 223 213 21 138 21 
266 118 250 20 214 20 
267 30 233 178 85 178 
268 233 194 119 177 119 
269 210 232 130 205 130 
270 100 38 29 200 29 
271 141 41 118 147 118 
272 31 276 41 203 41 
273 166 196 278 276 278 
274 246 116 210 133 210 
275 111 203 141 64 141 
276 117 68 45 262 45 
277 206 119 218 79 218 
278 120 166 268 46 268 
279 279 9 242 279 242 
