***********************************
Experiment parameters:
Experiment results:
Permutations:
I U RANK QCV rand PATH 
1 271 125 78 47 78 
2 199 23 155 186 155 
3 209 228 57 180 168 
4 213 226 195 273 195 
5 31 209 95 176 95 
6 252 257 275 14 275 
7 215 179 91 135 91 
8 70 58 52 167 52 
9 44 100 214 267 214 
10 55 1 245 142 244 
11 129 2 165 234 165 
12 3 80 16 72 16 
13 202 162 35 245 35 
14 162 190 55 57 55 
15 83 3 270 66 262 
16 136 163 85 125 85 
17 71 221 4 207 4 
18 37 247 204 254 204 
19 10 4 256 171 87 
20 43 67 215 104 215 
21 81 16 81 5 81 
22 269 48 176 93 176 
23 47 259 17 65 17 
24 175 273 199 76 199 
25 100 5 98 15 98 
26 41 14 107 52 143 
27 29 230 92 151 92 
28 203 91 15 42 249 
29 12 171 129 185 227 
30 120 188 1 159 1 
31 260 266 203 274 203 
32 36 128 200 265 200 
33 64 21 111 100 34 
34 182 81 67 48 166 
35 173 182 170 217 49 
36 254 142 87 188 110 
37 200 82 164 107 12 
38 4 60 60 13 60 
39 141 206 210 55 211 
40 210 236 58 213 58 
41 126 13 110 199 182 
42 134 252 186 123 186 
43 184 251 166 221 102 
44 1 25 144 191 144 
45 171 253 148 153 148 
46 212 12 206 124 189 
47 278 201 130 183 130 
48 190 204 247 233 247 
49 145 277 227 204 90 
50 76 19 193 215 193 
51 266 45 218 237 218 
52 178 232 269 212 269 
53 38 140 157 37 157 
54 246 105 118 109 118 
55 48 222 229 7 229 
56 34 208 49 249 28 
57 49 213 142 219 142 
58 165 123 50 277 50 
59 221 199 68 43 68 
60 106 278 134 88 134 
61 30 145 146 130 146 
62 42 218 265 252 270 
63 261 272 180 182 180 
64 88 189 271 211 107 
65 74 6 207 268 207 
66 172 62 250 146 250 
67 45 18 9 270 9 
68 192 194 237 114 237 
69 84 47 76 260 76 
70 159 76 47 192 47 
71 164 203 266 132 266 
72 61 157 140 226 140 
73 16 31 29 34 29 
74 119 29 241 129 241 
75 223 17 10 209 10 
76 245 159 246 102 246 
77 230 229 222 184 222 
78 105 211 143 6 67 
79 191 240 181 246 181 
80 68 10 99 33 99 
81 94 11 71 269 71 
82 257 36 236 210 236 
83 233 54 31 115 31 
84 92 235 258 122 89 
85 51 270 184 240 184 
86 241 68 82 143 57 
87 234 51 175 111 175 
88 196 69 276 117 271 
89 26 210 69 152 112 
90 125 246 137 3 137 
91 46 63 153 164 153 
92 216 133 20 63 20 
93 87 245 255 131 164 
94 219 227 136 231 136 
95 205 177 61 44 61 
96 19 113 36 51 36 
97 149 59 40 49 40 
98 108 248 96 189 80 
99 264 160 163 61 163 
100 130 276 32 73 32 
101 169 109 225 62 225 
102 170 75 191 2 255 
103 152 116 251 18 105 
104 239 153 63 106 63 
105 102 241 131 92 131 
106 197 242 190 1 190 
107 135 200 240 36 245 
108 138 274 141 250 141 
109 77 97 194 154 30 
110 146 152 187 29 187 
111 86 39 33 27 33 
112 157 90 21 83 21 
113 163 176 273 258 273 
114 259 127 73 12 73 
115 207 192 224 162 224 
116 39 198 42 181 42 
117 85 137 212 272 212 
118 250 108 161 243 161 
119 204 214 74 256 74 
120 151 205 120 41 120 
121 63 244 48 119 48 
122 201 264 133 179 133 
123 95 155 124 157 124 
124 143 88 12 97 240 
125 224 124 103 60 129 
126 273 185 77 247 77 
127 232 134 278 222 278 
128 13 126 22 145 22 
129 99 238 242 165 242 
130 96 249 211 89 97 
131 185 254 114 136 277 
132 123 129 116 196 116 
133 179 250 145 82 145 
134 242 65 149 224 149 
135 20 220 220 218 220 
136 270 73 127 168 127 
137 236 268 174 4 174 
138 193 71 178 230 178 
139 148 184 90 173 72 
140 66 40 119 170 119 
141 198 191 238 241 191 
142 58 216 123 275 123 
143 256 170 83 225 188 
144 208 24 208 197 208 
145 218 149 65 84 65 
146 113 110 112 94 196 
147 17 104 104 38 104 
148 132 9 132 81 132 
149 255 168 228 149 228 
150 168 79 217 194 217 
151 225 224 183 193 183 
152 21 217 79 150 79 
153 177 87 89 96 37 
154 103 269 138 105 138 
155 117 119 192 187 192 
156 98 117 150 251 150 
157 5 46 106 59 106 
158 240 66 223 195 223 
159 78 85 54 21 54 
160 167 70 70 139 70 
161 277 215 185 244 274 
162 276 258 171 208 267 
163 150 55 257 227 257 
164 115 72 279 175 194 
165 206 102 154 110 154 
166 279 26 43 24 43 
167 274 263 128 239 128 
168 258 141 41 54 41 
169 8 161 202 172 114 
170 137 173 18 140 18 
171 181 30 168 10 263 
172 65 118 44 22 96 
173 89 154 105 17 219 
174 155 92 198 238 56 
175 2 101 179 113 13 
176 226 84 84 202 84 
177 104 239 233 266 233 
178 227 103 177 78 103 
179 176 212 259 116 259 
180 158 32 51 190 51 
181 22 94 5 216 5 
182 24 256 14 70 14 
183 107 83 80 264 252 
184 40 28 26 23 64 
185 67 89 156 261 232 
186 9 156 8 259 8 
187 35 175 100 201 100 
188 161 131 268 137 268 
189 124 37 263 95 88 
190 140 219 252 108 135 
191 139 74 189 118 171 
192 101 158 243 9 69 
193 112 193 264 67 264 
194 253 243 86 121 86 
195 52 41 232 77 177 
196 194 34 249 163 26 
197 229 261 261 271 261 
198 114 130 201 28 201 
199 268 167 167 166 167 
200 214 42 13 75 185 
201 142 43 64 198 276 
202 90 44 205 127 205 
203 189 262 221 158 221 
204 211 143 75 86 82 
205 243 196 115 98 260 
206 6 265 135 90 115 
207 144 49 162 232 162 
208 69 15 234 71 234 
209 14 233 19 19 19 
210 54 50 216 101 216 
211 244 7 7 255 7 
212 53 86 219 144 121 
213 121 95 260 134 198 
214 166 267 267 223 197 
215 154 121 28 35 210 
216 73 165 262 80 169 
217 128 181 45 161 45 
218 72 77 97 220 206 
219 147 112 34 40 254 
220 56 271 88 112 256 
221 111 187 139 236 139 
222 97 56 169 11 25 
223 228 151 6 228 6 
224 238 52 113 39 113 
225 25 57 37 155 75 
226 80 64 230 91 230 
227 156 260 23 32 23 
228 183 53 53 99 53 
229 110 138 102 53 44 
230 60 148 213 206 213 
231 248 78 147 68 279 
232 82 197 277 235 265 
233 263 237 188 128 170 
234 262 147 248 248 83 
235 75 164 274 20 156 
236 195 61 197 69 251 
237 249 169 121 257 158 
238 265 96 56 120 179 
239 15 107 2 31 202 
240 91 120 109 26 2 
241 23 166 254 253 209 
242 11 132 182 25 111 
243 174 178 151 174 151 
244 180 93 11 156 11 
245 28 8 126 178 126 
246 59 279 158 160 243 
247 127 38 27 16 27 
248 251 114 30 30 258 
249 153 186 235 74 235 
250 267 115 209 278 15 
251 27 111 196 141 147 
252 7 202 244 263 109 
253 217 146 59 169 59 
254 247 98 24 229 24 
255 231 174 94 148 94 
256 118 20 239 242 239 
257 50 172 172 50 172 
258 133 122 122 87 122 
259 116 139 152 8 152 
260 33 135 108 56 108 
261 62 183 38 58 38 
262 187 144 159 103 159 
263 188 150 117 126 117 
264 131 136 173 45 173 
265 237 225 101 138 101 
266 93 27 62 214 62 
267 79 22 3 85 3 
268 57 33 39 177 39 
269 160 207 160 205 160 
270 220 106 46 200 46 
271 109 275 125 147 125 
272 18 255 253 203 253 
273 186 195 226 276 226 
274 222 180 272 133 272 
275 32 234 72 64 238 
276 122 223 66 262 66 
277 272 35 93 79 93 
278 275 231 231 46 231 
279 235 99 25 279 248 
