***********************************
Experiment parameters:
Experiment results:
Permutations:
I U RANK QCV rand PATH 
1 211 128 242 47 114 
2 217 158 175 186 188 
3 157 4 206 180 206 
4 2 62 153 273 277 
5 271 209 52 176 196 
6 80 16 144 14 111 
7 12 176 63 135 132 
8 151 1 88 167 88 
9 25 102 123 267 123 
10 81 186 147 142 192 
11 254 2 198 234 222 
12 184 84 202 72 202 
13 60 254 264 245 264 
14 136 212 85 57 85 
15 118 3 97 66 178 
16 163 36 240 125 240 
17 7 202 184 207 184 
18 13 228 47 254 205 
19 52 255 257 171 141 
20 140 275 111 104 19 
21 49 152 151 5 151 
22 36 7 50 93 50 
23 79 117 78 65 133 
24 167 141 266 76 266 
25 213 101 36 15 36 
26 156 178 196 52 268 
27 95 99 233 151 233 
28 269 196 115 42 16 
29 207 5 74 185 150 
30 59 257 70 159 70 
31 219 107 4 274 4 
32 132 132 87 265 87 
33 123 184 7 100 165 
34 197 85 212 48 89 
35 50 6 207 217 131 
36 139 140 179 188 279 
37 191 119 230 107 195 
38 158 199 237 13 237 
39 112 10 102 55 124 
40 165 88 114 213 113 
41 110 109 232 199 217 
42 26 52 26 123 26 
43 5 136 122 221 122 
44 125 24 256 191 256 
45 277 241 108 153 108 
46 44 11 60 124 216 
47 31 59 59 183 59 
48 221 205 258 233 258 
49 37 15 84 204 84 
50 243 180 236 215 236 
51 162 161 255 237 255 
52 177 198 80 212 82 
53 113 210 69 37 69 
54 176 105 265 109 138 
55 22 95 156 7 156 
56 146 149 146 249 146 
57 169 252 37 219 37 
58 38 72 148 277 148 
59 247 179 119 43 119 
60 252 200 68 88 68 
61 28 33 273 130 273 
62 27 227 51 252 51 
63 73 189 61 182 61 
64 17 124 270 211 157 
65 40 185 203 268 203 
66 171 259 129 146 129 
67 15 181 110 270 110 
68 180 76 132 114 75 
69 99 244 193 260 193 
70 76 125 247 192 247 
71 214 206 107 132 107 
72 188 226 210 226 210 
73 106 32 149 34 149 
74 55 35 32 129 32 
75 250 229 98 209 98 
76 129 194 81 102 81 
77 137 56 65 184 65 
78 270 130 6 6 10 
79 268 253 152 246 152 
80 18 98 229 33 229 
81 181 246 8 269 8 
82 61 113 199 210 199 
83 161 162 56 115 56 
84 74 131 83 122 234 
85 33 111 181 240 181 
86 34 70 133 143 90 
87 264 57 62 111 62 
88 68 103 82 117 270 
89 182 17 103 152 259 
90 196 243 228 3 228 
91 98 223 92 164 92 
92 229 236 180 63 180 
93 65 266 89 131 103 
94 119 230 174 231 174 
95 75 122 182 44 182 
96 263 247 263 51 263 
97 203 271 127 49 127 
98 126 73 142 189 74 
99 187 93 27 61 27 
100 210 47 109 73 109 
101 193 182 220 62 220 
102 53 142 11 2 191 
103 101 121 275 18 135 
104 225 86 23 106 23 
105 21 155 35 92 35 
106 84 234 276 1 276 
107 178 53 173 36 173 
108 186 268 167 250 167 
109 256 174 191 154 207 
110 159 77 71 29 71 
111 238 154 177 27 177 
112 138 91 21 83 21 
113 223 192 15 258 15 
114 143 145 235 12 235 
115 215 245 239 162 239 
116 97 175 272 181 272 
117 194 258 243 272 243 
118 231 195 38 243 38 
119 128 274 43 256 43 
120 96 49 219 41 219 
121 239 272 135 119 275 
122 8 278 215 179 215 
123 72 188 158 157 158 
124 230 150 131 97 63 
125 133 261 205 60 80 
126 9 190 176 247 176 
127 142 68 200 222 200 
128 134 25 64 145 64 
129 251 270 28 165 28 
130 274 153 73 89 130 
131 130 75 100 136 142 
132 39 222 187 196 187 
133 240 129 54 82 54 
134 62 46 250 224 250 
135 222 116 116 218 116 
136 145 235 145 168 145 
137 189 9 168 4 168 
138 241 251 183 230 183 
139 224 13 42 173 20 
140 92 104 271 170 271 
141 16 18 18 241 18 
142 208 238 72 275 72 
143 116 112 118 225 34 
144 261 143 221 197 221 
145 91 250 46 84 46 
146 266 169 130 94 160 
147 204 260 260 38 260 
148 234 277 96 81 96 
149 127 39 39 149 39 
150 276 23 223 194 223 
151 220 78 231 193 231 
152 111 159 208 150 208 
153 124 89 25 96 241 
154 172 20 186 105 186 
155 87 69 172 187 172 
156 78 201 104 251 104 
157 35 237 125 59 125 
158 255 225 120 195 120 
159 154 146 154 21 154 
160 88 197 197 139 197 
161 85 26 105 244 137 
162 14 74 218 208 248 
163 168 66 164 227 97 
164 30 262 169 175 83 
165 246 279 20 110 67 
166 24 147 137 24 105 
167 71 28 150 239 30 
168 209 29 41 54 42 
169 173 160 211 172 232 
170 42 167 246 140 147 
171 6 30 166 10 29 
172 192 118 252 22 164 
173 93 31 91 17 121 
174 170 110 195 238 230 
175 10 224 106 113 252 
176 45 79 79 202 79 
177 135 12 267 266 267 
178 67 276 67 78 198 
179 1 256 24 116 24 
180 160 164 279 190 257 
181 64 168 9 216 101 
182 258 233 138 70 274 
183 226 87 90 264 212 
184 235 191 94 23 76 
185 175 90 268 261 166 
186 174 165 241 259 25 
187 216 166 217 201 47 
188 122 65 141 137 9 
189 227 37 163 95 73 
190 236 38 259 108 161 
191 77 97 160 118 5 
192 63 126 30 9 7 
193 273 215 278 67 278 
194 152 40 188 121 91 
195 121 41 128 77 52 
196 150 207 16 163 211 
197 102 92 86 271 86 
198 233 14 14 28 14 
199 242 221 76 166 246 
200 107 43 48 75 60 
201 66 44 5 198 265 
202 179 45 10 127 144 
203 58 94 222 158 100 
204 144 211 126 86 209 
205 253 48 262 98 94 
206 11 115 249 90 118 
207 89 27 75 232 93 
208 47 50 165 71 49 
209 195 267 12 19 12 
210 237 148 238 101 238 
211 260 269 269 255 269 
212 153 213 49 144 48 
213 46 96 113 134 242 
214 212 216 234 223 40 
215 198 217 277 35 218 
216 57 242 134 80 106 
217 83 80 93 161 128 
218 20 220 178 220 249 
219 248 100 248 40 102 
220 117 218 213 112 11 
221 131 71 214 236 214 
222 206 58 40 11 169 
223 205 208 159 228 159 
224 56 263 244 39 244 
225 249 123 34 155 3 
226 267 19 57 91 57 
227 244 54 261 32 261 
228 155 171 171 99 171 
229 43 138 209 53 175 
230 105 144 192 206 41 
231 41 82 53 68 126 
232 108 60 157 235 112 
233 148 67 216 128 58 
234 265 248 58 248 115 
235 257 157 3 20 6 
236 141 64 224 69 140 
237 114 63 44 257 66 
238 218 106 31 120 262 
239 29 114 45 31 53 
240 19 219 13 26 179 
241 94 173 253 253 253 
242 147 137 19 25 213 
243 149 183 143 174 143 
244 23 240 162 156 162 
245 232 21 121 178 163 
246 228 249 124 160 45 
247 115 239 245 16 245 
248 245 265 112 30 44 
249 259 151 274 74 224 
250 100 83 140 278 153 
251 32 108 66 141 31 
252 262 34 101 263 13 
253 109 273 161 169 78 
254 183 8 251 229 251 
255 279 156 189 148 189 
256 275 170 170 242 170 
257 51 22 22 50 22 
258 199 55 55 87 55 
259 104 139 77 8 77 
260 48 134 99 56 99 
261 164 231 33 58 33 
262 54 133 194 103 194 
263 201 172 226 126 226 
264 190 135 190 45 190 
265 272 232 204 138 204 
266 103 127 201 214 201 
267 86 51 2 85 2 
268 278 177 155 177 155 
269 185 203 185 205 185 
270 4 193 1 200 1 
271 70 42 136 147 136 
272 3 163 227 203 227 
273 120 204 17 276 17 
274 202 61 95 133 95 
275 200 187 29 64 134 
276 166 120 225 262 225 
277 69 264 254 79 254 
278 82 214 139 46 139 
279 90 81 117 279 117 
