***********************************
Experiment parameters:
Experiment results:
Permutations:
I U RANK QCV rand PATH 
1 271 160 1 47 52 
2 28 42 2 186 100 
3 175 122 3 180 9 
4 124 241 4 273 98 
5 9 206 5 176 262 
6 240 253 6 14 225 
7 54 24 7 135 26 
8 137 91 8 167 215 
9 70 97 9 267 273 
10 32 202 10 142 46 
11 79 213 11 234 203 
12 171 98 12 72 21 
13 159 274 13 245 1 
14 23 185 14 57 263 
15 235 3 15 66 119 
16 265 199 16 125 274 
17 98 220 17 207 58 
18 179 72 18 254 94 
19 180 4 19 171 36 
20 207 67 20 104 4 
21 210 143 21 5 16 
22 248 166 22 93 93 
23 85 240 23 65 89 
24 59 6 24 76 59 
25 92 78 25 15 163 
26 145 157 26 52 248 
27 257 95 27 151 183 
28 209 152 28 42 244 
29 118 180 29 185 13 
30 238 178 30 159 213 
31 52 83 31 274 83 
32 43 132 32 265 152 
33 222 52 33 100 48 
34 16 80 34 48 66 
35 31 120 35 217 204 
36 58 172 36 188 208 
37 97 81 37 107 253 
38 134 10 38 13 168 
39 200 170 39 55 179 
40 33 168 40 213 91 
41 166 112 41 199 106 
42 87 242 42 123 68 
43 40 137 43 221 24 
44 231 12 44 191 82 
45 86 244 45 153 143 
46 22 179 46 124 37 
47 225 149 47 183 149 
48 164 236 48 233 72 
49 274 273 49 204 270 
50 119 212 50 215 87 
51 150 147 51 237 109 
52 83 197 52 212 237 
53 262 114 53 37 85 
54 264 169 54 109 184 
55 7 155 55 7 144 
56 14 145 56 249 14 
57 48 230 57 219 75 
58 61 151 58 277 131 
59 131 183 59 43 190 
60 13 25 60 88 277 
61 165 249 61 130 176 
62 224 218 62 252 219 
63 26 192 63 182 64 
64 74 13 64 211 242 
65 211 117 65 268 61 
66 223 154 66 146 140 
67 78 173 67 270 170 
68 219 126 68 114 126 
69 94 272 69 260 105 
70 176 105 70 192 272 
71 126 182 71 132 182 
72 113 71 72 226 223 
73 18 128 73 34 19 
74 82 19 74 129 128 
75 49 110 75 209 12 
76 127 205 76 102 110 
77 138 256 77 184 150 
78 96 191 78 6 191 
79 17 251 79 246 103 
80 90 247 80 33 236 
81 187 65 81 269 65 
82 129 43 82 210 10 
83 99 195 83 115 256 
84 229 204 84 122 251 
85 4 108 85 240 198 
86 24 68 86 143 214 
87 63 62 87 111 8 
88 88 264 88 117 171 
89 106 17 89 152 32 
90 47 156 90 3 159 
91 51 33 91 164 161 
92 29 53 92 63 51 
93 182 116 93 131 235 
94 154 216 94 231 80 
95 172 119 95 44 113 
96 105 226 96 51 43 
97 115 88 97 49 69 
98 250 18 98 189 269 
99 133 163 99 61 211 
100 60 15 100 73 102 
101 243 109 101 62 172 
102 140 142 102 2 18 
103 198 23 103 18 95 
104 161 221 104 106 33 
105 102 162 105 92 90 
106 270 255 106 1 130 
107 162 200 107 36 157 
108 44 270 108 250 158 
109 186 70 109 154 227 
110 236 56 110 29 233 
111 232 141 111 27 135 
112 71 86 112 83 133 
113 192 187 113 258 202 
114 279 210 114 12 148 
115 114 34 115 162 252 
116 69 46 116 181 265 
117 272 159 117 272 164 
118 241 121 118 243 206 
119 108 207 119 256 108 
120 177 45 120 41 2 
121 196 234 121 119 146 
122 19 47 122 179 53 
123 246 100 123 157 42 
124 275 93 124 97 30 
125 121 176 125 60 209 
126 174 184 126 247 63 
127 208 277 127 222 25 
128 273 130 128 145 279 
129 190 219 129 165 188 
130 112 217 130 89 268 
131 204 22 131 136 254 
132 136 138 132 196 136 
133 215 174 133 82 154 
134 183 194 134 224 78 
135 156 92 135 218 92 
136 68 148 136 168 210 
137 247 99 137 4 228 
138 80 60 138 230 165 
139 6 188 139 173 73 
140 258 31 140 170 193 
141 255 104 141 241 104 
142 233 131 142 275 151 
143 12 239 143 225 137 
144 199 1 144 197 199 
145 109 101 145 84 186 
146 73 245 146 94 275 
147 256 267 147 38 267 
148 237 8 148 81 127 
149 195 9 149 149 122 
150 168 129 150 194 129 
151 277 252 151 193 34 
152 95 27 152 150 29 
153 178 84 153 96 84 
154 152 235 154 105 238 
155 193 193 155 187 31 
156 146 85 156 251 114 
157 46 167 157 59 5 
158 202 222 158 195 20 
159 149 211 159 21 195 
160 20 261 160 139 261 
161 123 139 161 244 124 
162 30 225 162 208 180 
163 64 63 163 227 132 
164 197 238 164 175 224 
165 169 262 165 110 189 
166 245 26 166 24 96 
167 234 124 167 239 15 
168 201 28 168 54 181 
169 148 265 169 172 115 
170 143 127 170 140 35 
171 226 113 171 10 17 
172 261 111 172 22 218 
173 39 30 173 17 39 
174 56 107 174 238 54 
175 15 96 175 113 160 
176 221 177 176 202 177 
177 132 231 177 266 55 
178 181 73 178 78 116 
179 158 164 179 116 205 
180 93 237 180 190 6 
181 205 243 181 216 155 
182 160 279 182 70 153 
183 84 16 183 264 3 
184 120 32 184 23 67 
185 189 268 185 261 197 
186 157 248 186 259 86 
187 11 35 187 201 97 
188 5 90 188 137 99 
189 144 36 189 95 41 
190 203 37 190 108 173 
191 117 74 191 118 62 
192 128 38 192 9 200 
193 66 87 193 67 47 
194 57 39 194 121 45 
195 104 189 195 77 185 
196 75 40 196 163 220 
197 34 161 197 271 221 
198 212 11 198 28 11 
199 184 150 199 166 7 
200 278 175 200 75 278 
201 62 54 201 198 134 
202 170 263 202 127 40 
203 76 41 203 158 81 
204 239 250 204 86 156 
205 27 171 205 98 121 
206 153 48 206 90 49 
207 263 14 207 232 145 
208 185 102 208 71 234 
209 100 55 209 19 212 
210 36 246 210 101 246 
211 188 232 211 255 232 
212 163 49 212 144 139 
213 191 190 213 134 255 
214 142 50 214 223 22 
215 130 254 215 35 201 
216 1 103 216 80 120 
217 72 75 217 161 166 
218 110 76 218 220 23 
219 242 257 219 40 245 
220 89 106 220 112 175 
221 155 44 221 236 44 
222 206 89 222 11 50 
223 81 29 223 228 117 
224 259 5 224 39 226 
225 268 58 225 155 169 
226 101 227 226 91 107 
227 107 259 227 32 123 
228 260 260 228 99 260 
229 91 134 229 53 264 
230 35 153 230 206 57 
231 220 77 231 68 250 
232 3 59 232 235 266 
233 111 146 233 128 257 
234 266 57 234 248 187 
235 116 258 235 20 38 
236 50 118 236 69 229 
237 254 266 237 257 142 
238 269 269 238 120 216 
239 42 181 239 31 178 
240 45 2 240 26 111 
241 125 224 241 253 207 
242 251 136 242 25 217 
243 244 165 243 174 60 
244 252 186 244 156 141 
245 122 278 245 178 230 
246 216 271 246 160 76 
247 147 209 247 16 174 
248 77 125 248 30 239 
249 55 66 249 74 271 
250 217 158 250 278 74 
251 38 21 251 141 125 
252 37 208 252 263 118 
253 230 140 253 169 88 
254 25 7 254 229 162 
255 228 64 255 148 243 
256 167 51 256 242 231 
257 194 196 257 50 196 
258 10 276 258 87 276 
259 151 233 259 8 56 
260 253 133 260 56 258 
261 173 69 261 58 249 
262 139 94 262 103 247 
263 213 223 263 126 71 
264 214 115 264 45 77 
265 218 214 265 138 138 
266 65 123 266 214 259 
267 53 198 267 85 147 
268 41 135 268 177 194 
269 227 61 269 205 27 
270 67 215 270 200 167 
271 249 275 271 147 70 
272 21 229 272 203 28 
273 276 201 273 276 241 
274 103 144 274 133 192 
275 135 203 275 64 112 
276 8 20 276 262 222 
277 141 228 277 79 101 
278 267 79 278 46 79 
279 2 82 279 279 240 
