***********************************
Experiment parameters:
Experiment results:
Permutations:
I U RANK QCV rand PATH 
1 256 256 188 47 15 
2 245 42 11 186 138 
3 101 223 101 180 184 
4 109 252 15 273 195 
5 174 62 174 176 174 
6 83 52 22 14 136 
7 261 111 261 135 261 
8 251 113 251 167 251 
9 189 203 189 267 189 
10 15 270 170 142 170 
11 64 229 64 234 64 
12 186 212 186 72 186 
13 202 171 202 245 202 
14 212 93 212 57 212 
15 10 156 107 66 107 
16 13 3 13 125 13 
17 185 110 185 207 185 
18 29 160 25 254 114 
19 231 275 231 171 231 
20 22 83 29 104 143 
21 269 119 269 5 269 
22 11 98 252 93 217 
23 80 12 80 65 80 
24 215 124 215 76 215 
25 210 32 210 15 210 
26 157 209 157 52 157 
27 31 170 31 151 31 
28 107 183 10 42 10 
29 240 176 240 185 240 
30 154 220 154 159 154 
31 20 186 20 274 20 
32 62 141 62 265 62 
33 235 2 235 100 235 
34 23 125 42 48 61 
35 226 184 226 217 226 
36 248 174 248 188 248 
37 97 157 97 107 97 
38 221 57 221 13 221 
39 224 21 224 55 224 
40 46 211 46 213 46 
41 182 43 182 199 182 
42 173 51 173 123 173 
43 277 64 277 221 277 
44 184 56 184 191 101 
45 199 193 199 153 199 
46 19 97 19 124 19 
47 18 248 18 183 18 
48 139 139 139 233 139 
49 102 29 230 204 83 
50 99 217 99 215 99 
51 273 273 273 237 273 
52 190 221 190 212 190 
53 90 254 90 37 90 
54 60 260 60 109 60 
55 211 259 211 7 211 
56 250 250 250 249 250 
57 52 130 52 219 92 
58 16 266 16 277 16 
59 145 30 145 43 145 
60 113 204 113 88 113 
61 55 226 55 130 55 
62 128 161 128 252 128 
63 132 274 132 182 132 
64 158 152 158 211 158 
65 72 214 72 268 72 
66 141 120 141 146 141 
67 137 137 137 270 137 
68 127 63 127 114 127 
69 42 11 207 260 98 
70 105 158 105 192 105 
71 259 117 259 132 259 
72 177 59 177 226 177 
73 74 34 74 34 74 
74 270 185 270 129 270 
75 3 96 3 209 3 
76 54 126 54 102 54 
77 229 69 229 184 229 
78 218 17 218 6 218 
79 77 190 77 246 77 
80 241 241 241 33 241 
81 263 167 263 269 263 
82 125 230 61 210 102 
83 118 219 118 115 118 
84 142 33 142 122 142 
85 243 277 243 240 243 
86 275 13 275 143 275 
87 156 74 156 111 156 
88 151 14 151 117 151 
89 246 201 246 152 246 
90 220 78 220 3 220 
91 136 239 136 164 25 
92 143 242 143 63 52 
93 167 16 167 131 167 
94 85 227 85 231 85 
95 84 104 84 44 84 
96 34 94 34 51 34 
97 196 196 196 49 196 
98 96 127 96 189 96 
99 92 164 206 61 109 
100 2 267 2 73 2 
101 28 146 28 62 28 
102 108 128 108 2 271 
103 193 237 193 18 193 
104 257 144 257 106 257 
105 98 166 83 92 125 
106 131 131 131 1 131 
107 165 24 165 36 165 
108 61 15 92 250 130 
109 111 44 111 154 111 
110 68 251 68 29 68 
111 249 31 249 27 249 
112 255 255 255 83 255 
113 122 258 122 258 122 
114 114 182 217 12 29 
115 144 257 144 162 144 
116 219 194 219 181 219 
117 12 136 12 272 12 
118 124 27 124 243 124 
119 216 7 216 256 216 
120 187 162 187 41 187 
121 176 36 176 119 176 
122 217 60 114 179 42 
123 121 48 121 157 121 
124 161 35 56 97 56 
125 264 122 264 60 264 
126 162 143 162 247 162 
127 200 180 200 222 200 
128 232 58 232 145 232 
129 155 142 155 165 155 
130 271 271 271 89 108 
131 56 177 161 136 161 
132 178 67 178 196 178 
133 4 247 4 82 4 
134 203 37 203 224 203 
135 119 150 166 218 150 
136 59 88 59 168 59 
137 198 198 198 4 198 
138 117 46 117 230 117 
139 1 76 1 173 1 
140 53 191 53 170 53 
141 104 84 104 241 104 
142 195 179 195 275 22 
143 214 112 214 225 214 
144 58 45 58 197 58 
145 8 246 8 84 8 
146 267 106 267 94 267 
147 138 213 138 38 11 
148 40 40 40 81 40 
149 94 148 94 149 94 
150 70 65 70 194 70 
151 149 116 149 193 149 
152 168 108 168 150 168 
153 26 26 26 96 26 
154 7 115 7 105 7 
155 129 234 129 187 129 
156 38 89 38 251 38 
157 262 262 262 59 262 
158 112 80 112 195 112 
159 110 240 110 21 110 
160 36 132 36 139 36 
161 242 187 242 244 242 
162 244 159 244 208 244 
163 24 165 24 227 24 
164 86 163 86 175 86 
165 181 172 181 110 181 
166 43 279 43 24 43 
167 91 91 91 239 91 
168 95 1 95 54 95 
169 89 38 89 172 89 
170 258 264 258 140 258 
171 44 261 44 10 44 
172 49 218 49 22 49 
173 272 244 272 17 272 
174 123 153 123 238 123 
175 201 238 201 113 201 
176 150 188 98 202 160 
177 164 61 256 266 164 
178 147 100 147 78 147 
179 82 276 82 116 82 
180 268 155 268 190 268 
181 153 81 153 216 153 
182 27 200 27 70 27 
183 69 5 69 264 69 
184 33 208 33 23 33 
185 192 75 192 261 192 
186 209 41 209 259 209 
187 236 121 236 201 236 
188 41 82 41 137 41 
189 115 72 115 95 115 
190 223 10 223 108 223 
191 51 133 51 118 51 
192 172 9 172 9 172 
193 73 173 73 67 73 
194 180 232 180 121 180 
195 79 79 79 77 79 
196 265 253 265 163 265 
197 57 134 57 271 57 
198 183 101 183 28 183 
199 30 224 30 166 30 
200 120 210 120 75 120 
201 171 28 171 198 171 
202 25 19 21 127 21 
203 135 129 135 158 135 
204 63 50 63 86 63 
205 100 243 100 98 100 
206 152 70 152 90 152 
207 278 278 278 232 278 
208 9 149 9 71 9 
209 67 265 67 19 67 
210 76 228 76 101 76 
211 50 169 50 255 175 
212 163 86 163 144 163 
213 191 53 191 134 191 
214 140 140 140 223 140 
215 17 18 17 35 17 
216 37 189 37 80 37 
217 179 195 179 161 179 
218 87 87 87 220 87 
219 146 147 234 40 234 
220 21 99 266 112 266 
221 208 235 208 236 208 
222 5 135 5 11 5 
223 205 216 205 228 205 
224 88 168 88 39 88 
225 222 85 222 155 222 
226 197 207 102 91 166 
227 207 206 109 32 188 
228 32 118 32 99 32 
229 227 272 227 53 227 
230 45 215 45 206 45 
231 47 47 47 68 47 
232 35 199 35 235 35 
233 116 222 116 128 116 
234 230 269 23 248 23 
235 133 233 133 20 133 
236 234 202 146 69 146 
237 188 77 245 257 245 
238 130 20 119 120 119 
239 160 109 197 31 197 
240 276 71 276 26 276 
241 93 6 93 253 93 
242 266 22 130 25 206 
243 66 103 66 174 66 
244 279 263 279 156 279 
245 233 68 233 178 233 
246 166 92 125 160 207 
247 213 138 213 16 213 
248 274 245 274 30 274 
249 247 231 247 74 247 
250 169 73 169 278 169 
251 254 23 254 141 254 
252 225 107 225 263 225 
253 159 181 159 169 159 
254 239 205 239 229 239 
255 39 39 39 148 39 
256 81 123 81 242 81 
257 134 249 134 50 134 
258 106 268 106 87 106 
259 71 145 71 8 71 
260 170 102 150 56 230 
261 78 154 78 58 78 
262 228 95 228 103 228 
263 48 4 48 126 48 
264 237 55 237 45 237 
265 75 178 75 138 75 
266 6 90 6 214 6 
267 252 25 160 85 252 
268 103 66 103 177 103 
269 238 236 238 205 238 
270 260 114 260 200 260 
271 65 105 65 147 65 
272 148 225 148 203 148 
273 206 197 164 276 256 
274 126 192 126 133 126 
275 204 8 204 64 204 
276 175 151 175 262 50 
277 14 175 14 79 14 
278 253 49 253 46 253 
279 194 54 194 279 194 
