***********************************
Experiment parameters:
Experiment results:
Permutations:
I U RANK QCV rand PATH 
1 238 120 1 47 139 
2 160 70 2 186 122 
3 193 255 3 180 83 
4 226 94 4 273 160 
5 9 24 5 176 4 
6 49 17 6 14 154 
7 143 135 7 135 261 
8 199 242 8 167 136 
9 82 93 9 267 85 
10 236 270 10 142 8 
11 206 2 11 234 218 
12 132 118 12 72 20 
13 137 74 13 245 123 
14 172 49 14 57 130 
15 15 4 15 66 202 
16 271 192 16 125 192 
17 67 233 17 207 144 
18 223 92 18 254 57 
19 5 107 19 171 44 
20 40 214 20 104 111 
21 70 138 21 5 119 
22 232 264 22 93 272 
23 170 114 23 65 224 
24 165 8 24 76 77 
25 63 18 25 15 246 
26 7 84 26 52 36 
27 77 174 27 151 150 
28 131 9 28 42 40 
29 35 7 29 185 158 
30 269 53 30 159 147 
31 155 1 31 274 1 
32 51 124 32 265 96 
33 152 165 33 100 118 
34 57 159 34 48 125 
35 144 132 35 217 26 
36 265 171 36 188 159 
37 20 10 37 107 207 
38 109 12 38 13 12 
39 187 11 39 55 60 
40 251 99 40 213 105 
41 166 167 41 199 89 
42 202 241 42 123 86 
43 115 130 43 221 245 
44 14 251 44 191 168 
45 111 221 45 153 56 
46 183 148 46 124 127 
47 200 208 47 183 208 
48 176 153 48 233 176 
49 93 254 49 204 88 
50 168 82 50 215 15 
51 145 13 51 237 116 
52 65 212 52 212 128 
53 34 162 53 37 146 
54 261 188 54 109 228 
55 278 263 55 7 278 
56 102 64 56 249 102 
57 53 191 57 219 53 
58 142 273 58 277 276 
59 133 22 59 43 185 
60 107 203 60 88 260 
61 260 194 61 130 173 
62 197 180 62 252 174 
63 118 65 63 182 103 
64 90 14 64 211 243 
65 37 268 65 268 164 
66 182 252 66 146 198 
67 116 179 67 270 177 
68 146 87 68 114 31 
69 181 269 69 260 41 
70 24 136 70 192 204 
71 95 137 71 132 137 
72 36 274 72 226 104 
73 10 52 73 34 74 
74 161 63 74 129 52 
75 96 110 75 209 265 
76 235 193 76 102 110 
77 74 46 77 184 34 
78 97 16 78 6 221 
79 2 224 79 246 10 
80 134 265 80 33 153 
81 273 102 81 269 109 
82 138 105 82 210 205 
83 123 34 83 115 46 
84 80 157 84 122 16 
85 108 207 85 240 165 
86 240 149 86 143 22 
87 275 56 87 111 138 
88 228 187 88 117 238 
89 84 147 89 152 29 
90 262 257 90 3 193 
91 174 183 91 164 229 
92 171 15 92 63 142 
93 119 247 93 131 2 
94 125 272 94 231 93 
95 198 119 95 44 270 
96 274 204 96 51 38 
97 222 71 97 49 211 
98 184 19 98 189 235 
99 73 109 99 61 69 
100 214 266 100 73 149 
101 276 113 101 62 115 
102 219 184 102 2 32 
103 188 160 103 18 132 
104 149 80 104 106 27 
105 38 240 105 92 63 
106 64 259 106 1 43 
107 61 177 107 36 225 
108 75 279 108 250 171 
109 224 222 109 154 181 
110 266 61 110 29 182 
111 239 197 111 27 151 
112 99 88 112 83 73 
113 227 250 113 258 24 
114 201 6 114 12 230 
115 31 211 115 162 79 
116 230 21 116 181 167 
117 177 176 117 272 133 
118 22 121 118 243 180 
119 254 223 119 256 66 
120 242 169 120 41 71 
121 27 228 121 119 23 
122 259 170 122 179 271 
123 186 122 123 157 70 
124 60 195 124 97 47 
125 207 178 125 60 241 
126 213 185 126 247 234 
127 267 260 127 222 203 
128 18 117 128 145 65 
129 104 245 129 165 264 
130 48 219 130 89 114 
131 19 23 131 136 252 
132 229 126 132 196 213 
133 30 145 133 82 134 
134 180 190 134 224 240 
135 100 258 135 218 258 
136 244 230 136 168 6 
137 264 25 137 4 197 
138 231 189 138 230 131 
139 175 175 139 173 113 
140 117 267 140 170 274 
141 185 237 141 241 237 
142 83 276 142 275 273 
143 178 226 143 225 141 
144 189 45 144 197 67 
145 217 81 145 84 81 
146 212 106 146 94 107 
147 16 152 147 38 152 
148 245 20 148 81 72 
149 268 83 149 149 255 
150 211 229 150 194 183 
151 164 98 151 193 217 
152 11 51 152 150 51 
153 56 85 153 96 48 
154 234 216 154 105 13 
155 151 68 155 187 169 
156 248 146 156 251 162 
157 257 205 157 59 99 
158 162 227 158 195 5 
159 81 201 159 21 45 
160 205 140 160 139 140 
161 140 26 161 244 21 
162 148 72 162 208 148 
163 42 278 163 227 259 
164 209 73 164 175 226 
165 55 66 165 110 9 
166 253 116 166 24 126 
167 59 28 167 239 236 
168 66 30 168 54 247 
169 58 139 169 172 49 
170 141 166 170 140 14 
171 139 31 171 10 266 
172 28 115 172 22 257 
173 78 32 173 17 30 
174 126 90 174 238 196 
175 179 225 175 113 101 
176 246 155 176 202 155 
177 156 200 177 266 244 
178 210 158 178 78 216 
179 225 133 179 116 92 
180 112 33 180 190 187 
181 135 246 181 216 25 
182 79 218 182 70 222 
183 50 150 183 264 97 
184 43 29 184 23 37 
185 29 86 185 261 50 
186 153 35 186 259 108 
187 216 36 187 201 209 
188 39 186 188 137 18 
189 233 55 189 95 19 
190 113 40 190 108 254 
191 190 75 191 118 172 
192 76 172 192 9 275 
193 154 271 193 67 170 
194 87 235 194 121 267 
195 255 43 195 77 163 
196 279 37 196 163 248 
197 157 27 197 271 80 
198 167 199 198 28 199 
199 8 67 199 166 210 
200 263 44 200 75 39 
201 88 125 201 198 59 
202 21 154 202 127 124 
203 52 39 203 158 135 
204 23 236 204 86 206 
205 194 48 205 98 58 
206 127 238 206 90 253 
207 191 69 207 232 143 
208 173 50 208 71 121 
209 1 244 209 19 82 
210 169 161 210 101 161 
211 136 54 211 255 54 
212 86 89 212 144 120 
213 68 96 213 134 279 
214 218 95 214 223 179 
215 196 243 215 35 94 
216 6 232 216 80 87 
217 129 76 217 161 239 
218 163 77 218 220 223 
219 106 248 219 40 195 
220 47 253 220 112 156 
221 85 182 221 236 42 
222 237 112 222 11 90 
223 192 210 223 228 268 
224 147 38 224 39 269 
225 124 58 225 155 28 
226 46 261 226 91 233 
227 250 134 227 32 178 
228 247 249 228 99 249 
229 249 209 229 53 35 
230 33 275 230 206 78 
231 241 78 231 68 157 
232 114 60 232 235 112 
233 120 97 233 128 106 
234 256 59 234 248 212 
235 89 156 235 20 62 
236 45 62 236 69 219 
237 195 101 237 257 256 
238 277 91 238 120 277 
239 98 108 239 31 250 
240 25 239 240 26 55 
241 17 163 241 253 91 
242 94 128 242 25 11 
243 258 131 243 174 231 
244 208 231 244 156 186 
245 54 234 245 178 166 
246 3 256 246 160 7 
247 72 79 247 16 145 
248 110 277 248 30 191 
249 32 141 249 74 117 
250 243 213 250 278 95 
251 71 111 251 141 84 
252 121 47 252 263 262 
253 252 217 253 169 129 
254 203 143 254 229 64 
255 44 100 255 148 100 
256 12 142 256 242 200 
257 41 215 257 50 215 
258 69 3 258 87 3 
259 128 220 259 8 61 
260 122 129 260 56 17 
261 92 198 261 58 194 
262 221 57 262 103 251 
263 130 104 263 126 68 
264 272 127 264 45 188 
265 158 196 265 138 33 
266 62 173 266 214 98 
267 13 206 267 85 232 
268 105 151 268 177 190 
269 150 164 269 205 189 
270 159 41 270 200 242 
271 103 262 271 147 75 
272 26 144 272 203 175 
273 220 181 273 276 76 
274 91 103 274 133 263 
275 4 202 275 64 214 
276 204 5 276 262 227 
277 270 123 277 79 201 
278 215 42 278 46 220 
279 101 168 279 279 184 
