***********************************
Experiment parameters:
Experiment results:
Permutations:
I U RANK QCV rand PATH 
1 275 198 198 47 11 
2 270 171 11 186 21 
3 32 94 94 180 94 
4 226 122 258 273 52 
5 15 54 15 176 15 
6 46 204 22 14 6 
7 79 56 79 135 79 
8 251 104 251 167 251 
9 82 114 82 267 82 
10 111 162 111 142 111 
11 243 183 243 234 243 
12 30 212 129 72 129 
13 134 103 134 245 134 
14 188 106 188 57 188 
15 77 44 261 66 77 
16 233 109 233 125 233 
17 277 202 277 207 277 
18 11 216 270 254 23 
19 262 156 262 171 262 
20 45 275 30 104 46 
21 178 150 178 5 178 
22 22 203 216 93 93 
23 219 192 219 65 219 
24 48 279 48 76 48 
25 240 136 240 15 240 
26 273 13 273 52 273 
27 131 131 131 151 131 
28 261 62 77 42 261 
29 145 149 145 185 145 
30 197 263 197 159 197 
31 190 83 190 274 190 
32 267 110 267 265 267 
33 205 91 205 100 205 
34 122 93 38 48 113 
35 78 152 78 217 78 
36 244 266 244 188 244 
37 41 222 41 107 41 
38 106 160 106 13 106 
39 222 176 222 55 222 
40 236 120 236 213 236 
41 135 242 135 199 135 
42 278 79 278 123 278 
43 186 8 186 221 186 
44 94 193 32 191 32 
45 193 78 193 153 193 
46 165 234 165 124 165 
47 97 157 97 183 97 
48 4 4 4 233 4 
49 113 238 204 204 117 
50 68 60 68 215 68 
51 29 75 29 237 29 
52 149 111 149 212 149 
53 120 173 120 37 120 
54 142 142 142 109 142 
55 250 178 250 7 250 
56 16 16 16 249 16 
57 38 11 238 219 122 
58 60 52 60 277 60 
59 176 98 176 43 176 
60 87 211 87 88 87 
61 34 67 34 130 34 
62 152 167 152 252 152 
63 116 184 116 182 116 
64 202 188 202 211 202 
65 183 172 183 268 183 
66 266 177 266 146 266 
67 151 224 151 270 151 
68 31 87 31 114 31 
69 2 258 45 260 138 
70 83 201 83 192 83 
71 212 264 212 132 212 
72 61 187 61 226 61 
73 47 223 47 34 47 
74 71 236 71 129 71 
75 63 164 63 209 63 
76 108 267 108 102 108 
77 1 14 1 184 1 
78 180 141 180 6 180 
79 150 175 150 246 150 
80 255 42 255 33 255 
81 147 68 147 269 147 
82 138 38 46 210 158 
83 54 195 54 115 54 
84 276 115 276 122 276 
85 225 225 225 240 225 
86 112 23 112 143 112 
87 70 228 70 111 70 
88 104 101 104 117 104 
89 118 163 118 152 118 
90 19 240 19 3 19 
91 231 231 231 164 231 
92 26 274 26 63 26 
93 249 249 249 131 249 
94 245 199 245 231 245 
95 37 227 37 44 37 
96 17 143 17 51 17 
97 121 121 121 49 121 
98 248 194 248 189 248 
99 161 45 218 61 171 
100 272 276 272 73 272 
101 157 58 157 62 157 
102 86 43 3 2 86 
103 228 47 228 18 228 
104 130 169 130 106 130 
105 93 226 259 92 198 
106 64 64 64 1 64 
107 10 10 10 36 10 
108 158 158 203 250 203 
109 163 246 163 154 163 
110 174 251 174 29 174 
111 114 190 114 27 114 
112 194 257 194 83 194 
113 66 196 66 258 66 
114 21 96 52 12 22 
115 74 18 74 162 74 
116 51 209 51 181 51 
117 207 102 207 272 207 
118 279 125 279 243 279 
119 107 33 107 256 107 
120 5 206 5 41 5 
121 173 161 173 119 173 
122 52 133 21 179 30 
123 159 262 159 157 159 
124 43 77 43 97 43 
125 89 89 89 60 89 
126 206 95 206 247 206 
127 91 126 91 222 91 
128 148 128 148 145 148 
129 125 214 125 165 125 
130 3 3 86 89 3 
131 143 17 143 136 143 
132 195 235 195 196 195 
133 109 248 109 82 109 
134 69 82 69 224 69 
135 171 138 260 218 204 
136 119 70 119 168 119 
137 80 239 80 4 80 
138 175 277 175 230 175 
139 25 25 25 173 25 
140 24 210 24 170 24 
141 227 37 227 241 227 
142 215 65 215 275 215 
143 102 241 102 225 102 
144 274 26 274 197 274 
145 164 31 164 84 164 
146 95 5 95 94 95 
147 220 220 220 38 220 
148 208 208 208 81 208 
149 139 86 139 149 139 
150 36 36 36 194 36 
151 35 35 35 193 35 
152 62 32 62 150 62 
153 199 127 199 96 199 
154 192 219 192 105 192 
155 241 243 241 187 241 
156 168 168 168 251 168 
157 224 151 224 59 224 
158 172 49 172 195 172 
159 39 39 39 21 39 
160 73 271 73 139 73 
161 85 148 85 244 85 
162 84 166 84 208 84 
163 256 256 256 227 256 
164 13 41 13 175 13 
165 196 84 196 110 196 
166 133 135 133 24 133 
167 137 137 137 239 137 
168 123 123 123 54 123 
169 237 237 237 172 237 
170 127 253 127 140 127 
171 211 278 211 10 211 
172 110 97 110 22 110 
173 40 40 40 17 40 
174 105 185 105 238 105 
175 140 265 140 113 140 
176 204 46 93 202 216 
177 203 113 252 266 218 
178 72 72 72 78 72 
179 234 255 234 116 234 
180 126 221 126 190 126 
181 99 99 99 216 99 
182 115 230 115 70 115 
183 154 107 154 264 154 
184 128 48 128 23 128 
185 59 244 59 261 59 
186 239 50 239 259 239 
187 156 174 156 201 156 
188 98 247 98 137 98 
189 33 153 33 95 33 
190 100 34 100 108 100 
191 20 63 20 118 20 
192 57 74 57 9 57 
193 265 159 265 67 265 
194 230 272 230 121 230 
195 42 9 42 77 42 
196 268 108 268 163 268 
197 162 27 162 271 162 
198 187 100 187 28 187 
199 76 273 76 166 76 
200 263 59 263 75 263 
201 146 146 146 198 146 
202 129 2 2 127 2 
203 269 154 269 158 269 
204 246 88 246 86 246 
205 181 181 181 98 181 
206 27 55 27 90 27 
207 177 268 177 232 177 
208 18 245 18 71 18 
209 81 51 81 19 81 
210 170 170 170 101 170 
211 6 140 6 255 45 
212 50 80 50 144 50 
213 210 24 210 134 210 
214 144 144 144 223 144 
215 58 200 58 35 58 
216 254 69 254 80 254 
217 65 215 65 161 65 
218 92 92 92 220 92 
219 49 1 49 40 49 
220 96 21 96 112 96 
221 214 205 214 236 214 
222 8 207 8 11 8 
223 153 269 153 228 153 
224 67 61 67 39 67 
225 253 57 253 155 253 
226 218 270 226 91 226 
227 264 260 122 32 238 
228 235 81 235 99 235 
229 217 66 217 53 217 
230 90 85 90 206 90 
231 169 130 169 68 169 
232 167 139 167 235 167 
233 166 182 166 128 166 
234 198 71 161 248 161 
235 7 124 7 20 7 
236 103 19 103 69 103 
237 184 250 264 257 264 
238 117 254 184 120 184 
239 238 22 275 31 252 
240 247 76 247 26 247 
241 201 179 201 253 201 
242 259 218 138 25 258 
243 232 229 232 174 232 
244 242 189 242 156 242 
245 56 213 56 178 56 
246 216 30 113 160 259 
247 155 155 155 16 155 
248 55 73 55 30 55 
249 124 233 124 74 124 
250 53 6 53 278 53 
251 160 116 160 141 160 
252 223 119 223 263 223 
253 182 217 182 169 182 
254 14 186 14 229 14 
255 191 191 191 148 191 
256 185 105 185 242 185 
257 12 129 12 50 12 
258 221 90 221 87 221 
259 9 165 9 8 9 
260 258 252 117 56 260 
261 200 29 200 58 200 
262 28 28 28 103 28 
263 88 20 88 126 88 
264 44 132 44 45 44 
265 75 15 75 138 75 
266 271 145 271 214 271 
267 260 117 158 85 270 
268 229 232 229 177 229 
269 257 112 257 205 257 
270 189 147 189 200 189 
271 179 12 179 147 179 
272 132 261 132 203 132 
273 252 259 171 276 275 
274 209 180 209 133 209 
275 101 118 101 64 101 
276 23 7 23 262 38 
277 213 53 213 79 213 
278 136 197 136 46 136 
279 141 134 141 279 141 
