***********************************
Experiment parameters:
Experiment results:
Permutations:
I U RANK QCV rand PATH 
1 162 126 1 47 147 
2 247 55 2 186 156 
3 62 222 3 180 260 
4 46 93 4 273 247 
5 104 52 5 176 98 
6 119 20 6 14 213 
7 49 175 7 135 91 
8 184 117 8 167 258 
9 181 24 9 267 228 
10 37 120 10 142 250 
11 271 237 11 234 212 
12 20 82 12 72 157 
13 10 88 13 245 224 
14 98 210 14 57 28 
15 207 124 15 66 62 
16 71 254 16 125 203 
17 139 204 17 207 238 
18 125 278 18 254 17 
19 50 4 19 171 178 
20 52 156 20 104 90 
21 90 143 21 5 58 
22 22 5 22 93 29 
23 208 106 23 65 26 
24 252 136 24 76 223 
25 123 186 25 15 88 
26 241 170 26 52 119 
27 131 250 27 151 33 
28 63 86 28 42 93 
29 58 154 29 185 113 
30 164 169 30 159 12 
31 103 260 31 274 222 
32 76 125 32 265 268 
33 268 248 33 100 204 
34 35 161 34 48 110 
35 233 157 35 217 25 
36 176 135 36 188 15 
37 92 12 37 107 182 
38 91 216 38 13 75 
39 136 10 39 55 52 
40 205 75 40 213 117 
41 185 11 41 199 277 
42 201 54 42 123 194 
43 68 133 43 221 137 
44 108 101 44 191 102 
45 11 252 45 153 125 
46 186 160 46 124 116 
47 118 1 47 183 274 
48 18 149 48 233 18 
49 228 8 49 204 151 
50 48 265 50 215 19 
51 202 167 51 237 232 
52 132 270 52 212 166 
53 67 218 53 37 60 
54 115 98 54 109 67 
55 102 53 55 7 180 
56 109 215 56 249 109 
57 151 227 57 219 154 
58 88 193 58 277 197 
59 269 183 59 43 211 
60 89 269 60 88 190 
61 74 240 61 130 195 
62 261 22 62 252 279 
63 154 62 63 182 189 
64 230 94 64 211 39 
65 159 244 65 268 242 
66 145 127 66 146 209 
67 245 187 67 270 249 
68 224 162 68 114 48 
69 30 65 69 260 69 
70 276 69 70 192 13 
71 54 275 71 132 275 
72 9 108 72 226 121 
73 226 40 73 34 45 
74 77 45 74 129 97 
75 95 102 75 209 106 
76 175 38 76 102 149 
77 182 257 77 184 215 
78 1 166 78 6 236 
79 55 268 79 246 95 
80 274 231 80 33 34 
81 73 109 81 269 139 
82 141 96 82 210 216 
83 273 243 83 115 253 
84 137 173 84 122 77 
85 135 153 85 240 61 
86 152 172 86 143 138 
87 121 251 87 111 135 
88 180 211 88 117 181 
89 266 56 89 152 272 
90 17 165 90 3 101 
91 96 261 91 164 201 
92 106 23 92 63 221 
93 272 113 93 131 94 
94 191 232 94 231 56 
95 117 114 95 44 9 
96 217 13 96 51 271 
97 130 81 97 49 233 
98 33 119 98 189 107 
99 126 139 99 61 43 
100 240 267 100 73 140 
101 85 112 101 62 248 
102 23 67 102 2 123 
103 178 123 103 18 50 
104 78 266 104 106 100 
105 19 97 105 92 68 
106 70 50 106 1 49 
107 203 200 107 36 251 
108 243 276 108 250 176 
109 3 72 109 154 59 
110 222 71 110 29 150 
111 84 144 111 27 206 
112 232 90 112 83 21 
113 265 189 113 258 225 
114 65 150 114 12 118 
115 14 121 115 162 160 
116 133 176 116 181 24 
117 189 18 117 272 245 
118 267 122 118 243 120 
119 249 256 119 256 122 
120 165 2 120 41 108 
121 31 247 121 119 146 
122 174 221 122 179 23 
123 168 32 123 157 207 
124 79 181 124 97 82 
125 142 207 125 60 173 
126 124 191 126 247 155 
127 34 190 127 222 269 
128 199 192 128 145 112 
129 211 226 129 165 133 
130 61 198 130 89 240 
131 223 212 131 136 200 
132 128 9 132 196 124 
133 143 195 133 82 127 
134 254 83 134 224 87 
135 158 174 135 218 174 
136 190 35 136 168 35 
137 258 87 137 4 148 
138 42 188 138 230 254 
139 116 182 139 173 30 
140 144 76 140 170 81 
141 93 159 141 241 217 
142 221 152 142 275 193 
143 120 70 143 225 168 
144 155 258 144 197 83 
145 60 177 145 84 51 
146 212 213 146 94 210 
147 122 85 147 38 85 
148 129 14 148 81 64 
149 114 105 149 149 105 
150 32 201 150 194 266 
151 260 233 151 193 55 
152 59 3 152 150 171 
153 197 164 153 96 235 
154 220 272 154 105 66 
155 105 184 155 187 218 
156 15 60 156 251 63 
157 75 79 157 59 96 
158 39 111 158 195 80 
159 148 253 159 21 243 
160 100 7 160 139 7 
161 41 25 161 244 5 
162 101 73 162 208 153 
163 218 64 163 227 199 
164 113 178 164 175 142 
165 170 21 165 110 161 
166 225 26 166 24 164 
167 214 107 167 239 165 
168 264 28 168 54 252 
169 195 138 169 172 126 
170 28 168 170 140 262 
171 47 29 171 10 11 
172 237 163 172 22 32 
173 161 30 173 17 172 
174 192 91 174 238 273 
175 16 99 175 113 162 
176 99 128 176 202 128 
177 206 27 177 266 84 
178 172 16 178 78 226 
179 80 249 179 116 231 
180 26 31 180 190 158 
181 21 148 181 216 40 
182 263 223 182 70 230 
183 6 95 183 264 141 
184 242 217 184 23 214 
185 86 89 185 261 114 
186 194 194 186 259 89 
187 5 104 187 201 86 
188 209 68 188 137 186 
189 227 36 189 95 192 
190 82 228 190 108 47 
191 25 77 191 118 167 
192 259 39 192 9 175 
193 188 19 193 67 265 
194 57 46 194 121 183 
195 256 229 195 77 170 
196 246 37 196 163 16 
197 140 100 197 271 261 
198 238 274 198 28 1 
199 7 203 199 166 115 
200 173 147 200 75 256 
201 270 44 201 198 143 
202 167 155 202 127 72 
203 53 41 203 158 41 
204 277 219 204 86 31 
205 72 47 205 98 270 
206 204 48 206 90 4 
207 12 43 207 232 6 
208 229 49 208 71 191 
209 250 84 209 19 27 
210 40 197 210 101 152 
211 257 205 211 255 205 
212 94 225 212 144 264 
213 169 241 213 134 132 
214 157 74 214 223 76 
215 56 230 215 35 202 
216 29 236 216 80 70 
217 127 78 217 161 92 
218 149 158 218 220 20 
219 279 259 219 40 159 
220 36 151 220 112 46 
221 112 118 221 236 263 
222 210 262 222 11 42 
223 150 242 223 228 3 
224 66 271 224 39 79 
225 110 57 225 155 239 
226 166 273 226 91 2 
227 171 255 227 32 276 
228 275 185 228 99 185 
229 4 131 229 53 73 
230 27 142 230 206 163 
231 239 140 231 68 14 
232 187 58 232 235 259 
233 24 59 233 128 198 
234 183 137 234 248 74 
235 44 92 235 20 129 
236 156 61 236 69 54 
237 38 277 237 257 131 
238 198 141 238 120 241 
239 244 116 239 31 187 
240 97 42 240 26 78 
241 219 214 241 253 10 
242 153 130 242 25 219 
243 236 115 243 174 188 
244 147 246 244 156 144 
245 13 15 245 178 130 
246 45 279 246 160 169 
247 177 132 247 16 220 
248 251 110 248 30 99 
249 43 66 249 74 44 
250 262 239 250 278 134 
251 213 264 251 141 37 
252 138 202 252 263 237 
253 81 209 253 169 229 
254 2 6 254 229 246 
255 200 179 255 148 179 
256 231 196 256 242 196 
257 216 103 257 50 103 
258 69 208 258 87 208 
259 51 145 259 8 71 
260 146 134 260 56 36 
261 134 220 261 58 255 
262 278 17 262 103 234 
263 83 63 263 126 184 
264 193 129 264 45 8 
265 87 235 265 138 257 
266 234 234 266 214 278 
267 107 199 267 85 22 
268 163 206 268 177 227 
269 255 171 269 205 244 
270 235 51 270 200 65 
271 196 245 271 147 104 
272 8 146 272 203 57 
273 248 33 273 276 267 
274 215 180 274 133 53 
275 253 238 275 64 136 
276 111 80 276 262 111 
277 64 224 277 79 177 
278 179 263 278 46 145 
279 160 34 279 279 38 
