***********************************
Experiment parameters:
Experiment results:
Permutations:
I U RANK QCV rand PATH 
1 265 133 268 47 278 
2 116 88 229 186 163 
3 138 201 126 180 126 
4 238 108 176 273 127 
5 118 199 262 176 210 
6 97 13 2 14 46 
7 210 180 118 135 198 
8 1 271 16 167 16 
9 142 102 105 267 57 
10 250 262 124 142 187 
11 249 2 77 234 216 
12 69 81 64 72 64 
13 73 134 22 245 22 
14 108 218 149 57 149 
15 109 3 157 66 63 
16 179 12 8 125 8 
17 59 225 180 207 180 
18 43 203 52 254 52 
19 84 258 211 171 2 
20 270 68 146 104 14 
21 9 249 9 5 47 
22 4 5 130 93 108 
23 125 170 85 65 118 
24 70 266 174 76 174 
25 76 78 224 15 224 
26 51 85 263 52 100 
27 80 53 185 151 185 
28 55 131 195 42 44 
29 185 7 14 185 260 
30 141 255 13 159 13 
31 140 1 34 274 34 
32 41 229 72 265 72 
33 279 192 260 100 104 
34 130 181 45 48 209 
35 169 213 63 217 225 
36 18 146 80 188 142 
37 14 120 48 107 65 
38 52 59 177 13 177 
39 110 11 275 55 41 
40 264 84 61 213 61 
41 214 24 151 199 140 
42 166 64 101 123 101 
43 261 144 122 221 263 
44 255 147 6 191 6 
45 104 194 158 153 158 
46 131 227 258 124 213 
47 102 156 154 183 154 
48 90 54 203 233 203 
49 36 263 28 204 204 
50 183 92 99 215 99 
51 198 149 39 237 39 
52 167 228 144 212 40 
53 127 257 123 37 123 
54 61 216 25 109 11 
55 200 272 207 7 207 
56 85 186 214 249 214 
57 203 231 212 219 120 
58 123 70 74 277 74 
59 240 233 36 43 36 
60 211 95 132 88 132 
61 121 55 89 130 89 
62 37 206 223 252 223 
63 35 179 35 182 35 
64 170 14 7 211 189 
65 175 115 173 268 173 
66 82 138 251 146 251 
67 190 193 205 270 205 
68 6 76 193 114 62 
69 267 177 240 260 240 
70 186 240 17 192 17 
71 146 34 1 132 1 
72 126 202 79 226 79 
73 176 73 103 34 103 
74 174 259 73 129 73 
75 39 226 183 209 183 
76 144 183 66 102 66 
77 135 137 272 184 272 
78 47 275 11 6 191 
79 227 236 192 246 192 
80 251 96 226 33 226 
81 19 214 18 269 18 
82 38 61 59 210 59 
83 145 244 137 115 137 
84 66 187 165 122 194 
85 58 114 279 240 279 
86 107 69 172 143 165 
87 235 242 5 111 5 
88 195 105 3 117 148 
89 56 273 46 152 90 
90 32 66 136 3 136 
91 24 267 215 164 215 
92 93 99 166 63 166 
93 217 153 26 131 111 
94 88 223 60 231 60 
95 209 241 53 44 53 
96 230 17 84 51 84 
97 196 50 88 49 88 
98 153 221 98 189 25 
99 177 224 139 61 139 
100 34 269 252 73 252 
101 272 116 24 62 24 
102 71 238 76 2 106 
103 7 129 127 18 37 
104 106 82 82 106 82 
105 81 107 259 92 259 
106 187 232 241 1 241 
107 8 198 273 36 273 
108 178 20 51 250 51 
109 201 234 49 154 231 
110 173 15 167 29 167 
111 67 119 56 27 56 
112 152 278 228 83 228 
113 248 250 114 258 114 
114 17 93 30 12 30 
115 257 19 150 162 70 
116 154 128 29 181 29 
117 89 136 54 272 54 
118 53 122 125 243 125 
119 220 246 131 256 131 
120 11 124 50 41 50 
121 40 235 237 119 26 
122 274 166 196 179 196 
123 48 52 274 157 274 
124 188 98 20 97 159 
125 26 274 221 60 55 
126 164 197 234 247 234 
127 171 132 95 222 95 
128 184 127 200 145 200 
129 25 237 182 165 182 
130 31 104 194 89 195 
131 222 243 235 136 122 
132 149 143 249 196 249 
133 147 97 190 82 190 
134 114 58 78 224 78 
135 159 152 152 218 152 
136 42 30 93 168 93 
137 244 261 42 4 42 
138 271 18 12 230 12 
139 23 185 163 173 269 
140 133 9 155 170 155 
141 151 171 171 241 171 
142 155 248 70 275 150 
143 22 245 104 225 193 
144 124 109 117 197 117 
145 253 178 58 84 58 
146 45 25 189 94 227 
147 27 27 27 38 27 
148 16 268 133 81 133 
149 259 126 201 149 201 
150 162 83 83 194 83 
151 100 150 4 193 4 
152 263 208 184 150 184 
153 158 86 129 96 229 
154 223 252 141 105 141 
155 207 123 257 187 257 
156 122 71 269 251 124 
157 215 217 239 59 239 
158 50 164 110 195 199 
159 83 103 244 21 244 
160 172 94 94 139 94 
161 68 26 160 244 77 
162 136 72 148 208 49 
163 165 65 102 227 102 
164 268 159 67 175 270 
165 105 106 278 110 81 
166 254 279 100 24 48 
167 20 28 198 239 157 
168 21 29 219 54 110 
169 15 161 265 172 262 
170 96 165 75 140 172 
171 65 176 142 10 28 
172 30 118 256 22 105 
173 237 112 204 17 268 
174 193 23 233 238 146 
175 120 101 254 113 151 
176 91 230 230 202 230 
177 260 21 38 266 38 
178 258 175 47 78 68 
179 111 163 96 116 96 
180 63 32 255 190 221 
181 75 211 62 216 211 
182 128 33 106 70 144 
183 233 182 23 264 160 
184 60 140 238 23 238 
185 204 222 266 261 75 
186 119 162 32 259 219 
187 33 36 216 201 33 
188 246 42 107 137 107 
189 143 113 210 95 45 
190 117 39 236 108 236 
191 54 75 113 118 258 
192 86 40 159 9 275 
193 252 196 31 67 31 
194 64 157 55 121 67 
195 266 45 120 77 176 
196 157 37 247 163 113 
197 231 215 267 271 267 
198 245 154 156 28 156 
199 216 117 109 166 109 
200 236 46 65 75 80 
201 150 47 187 198 98 
202 163 48 243 127 264 
203 247 41 153 158 188 
204 98 43 140 86 245 
205 202 219 57 98 256 
206 262 44 227 90 112 
207 134 8 134 232 134 
208 226 51 225 71 237 
209 13 38 92 19 92 
210 101 74 248 101 248 
211 168 168 168 255 168 
212 269 49 108 144 212 
213 219 276 90 134 129 
214 194 191 231 223 247 
215 139 247 37 35 235 
216 99 200 270 80 265 
217 12 77 206 161 130 
218 275 174 68 220 23 
219 132 195 41 40 161 
220 2 148 43 112 254 
221 103 167 87 236 87 
222 221 254 44 11 7 
223 160 173 115 228 115 
224 197 16 217 39 217 
225 243 160 111 155 233 
226 3 158 135 91 135 
227 273 190 97 32 97 
228 44 220 220 99 220 
229 148 141 209 53 266 
230 129 151 199 206 3 
231 191 270 86 68 76 
232 113 172 264 235 43 
233 199 60 112 128 128 
234 229 188 245 248 20 
235 161 90 40 20 243 
236 192 62 33 69 255 
237 213 63 128 257 246 
238 256 256 246 120 250 
239 77 125 188 31 86 
240 218 155 81 26 9 
241 49 169 116 253 116 
242 180 142 232 25 232 
243 239 139 186 174 186 
244 78 121 277 156 277 
245 181 260 162 178 162 
246 112 265 213 160 153 
247 29 145 19 16 19 
248 79 189 191 30 85 
249 205 67 250 74 242 
250 189 80 161 278 206 
251 232 111 218 141 218 
252 242 212 242 263 32 
253 276 89 145 169 145 
254 95 22 121 229 121 
255 137 207 261 148 261 
256 115 31 21 242 21 
257 278 91 91 50 91 
258 5 10 10 87 10 
259 62 87 15 8 15 
260 72 130 181 56 181 
261 94 251 138 58 138 
262 206 100 147 103 147 
263 212 79 71 126 71 
264 57 135 197 45 197 
265 225 209 175 138 175 
266 156 4 202 214 202 
267 74 210 169 85 169 
268 46 56 119 177 119 
269 87 184 208 205 208 
270 228 239 271 200 271 
271 92 264 143 147 143 
272 10 57 222 203 222 
273 224 205 276 276 276 
274 208 35 179 133 179 
275 277 204 69 64 69 
276 182 110 164 262 164 
277 234 277 178 79 178 
278 241 253 253 46 253 
279 28 6 170 279 170 
