***********************************
Experiment parameters:
Experiment results:
Permutations:
I U RANK QCV rand PATH 
1 258 124 1 47 203 
2 253 24 2 186 16 
3 264 61 3 180 234 
4 19 98 4 273 159 
5 77 213 5 176 39 
6 73 278 6 14 132 
7 137 171 7 135 167 
8 118 250 8 167 82 
9 85 104 9 267 260 
10 15 65 10 142 197 
11 201 2 11 234 78 
12 190 85 12 72 240 
13 20 269 13 245 228 
14 65 217 14 57 205 
15 263 3 15 66 244 
16 154 255 16 125 34 
17 216 235 17 207 48 
18 62 21 18 254 154 
19 226 4 19 171 10 
20 242 52 20 104 253 
21 243 270 21 5 170 
22 170 5 22 93 227 
23 176 174 23 65 5 
24 244 6 24 76 22 
25 83 64 25 15 91 
26 7 144 26 52 171 
27 270 99 27 151 53 
28 204 265 28 42 75 
29 50 67 29 185 102 
30 207 237 30 159 254 
31 16 13 31 274 61 
32 33 49 32 265 97 
33 205 181 33 100 182 
34 32 179 34 48 55 
35 67 74 35 217 51 
36 138 259 36 188 211 
37 183 203 37 107 199 
38 229 86 38 13 162 
39 158 10 39 55 57 
40 247 120 40 213 86 
41 151 101 41 199 210 
42 4 256 42 123 245 
43 265 138 43 221 18 
44 84 114 44 191 107 
45 235 211 45 153 264 
46 164 134 46 124 148 
47 179 219 47 183 219 
48 144 243 48 233 21 
49 268 264 49 204 268 
50 278 189 50 215 192 
51 108 156 51 237 33 
52 162 199 52 212 123 
53 45 221 53 37 169 
54 91 116 54 109 188 
55 172 175 55 7 88 
56 87 105 56 249 214 
57 21 218 57 219 115 
58 70 191 58 277 226 
59 255 190 59 43 215 
60 53 231 60 88 267 
61 215 92 61 130 31 
62 11 197 62 252 103 
63 2 56 63 182 2 
64 102 72 64 211 35 
65 152 121 65 268 272 
66 150 186 66 146 7 
67 224 184 67 270 152 
68 171 73 68 114 69 
69 88 239 69 260 239 
70 245 122 70 192 209 
71 126 234 71 132 13 
72 200 169 72 226 221 
73 95 173 73 34 60 
74 266 71 74 129 173 
75 120 248 75 209 174 
76 182 139 76 102 243 
77 146 28 77 184 246 
78 52 15 78 6 149 
79 133 212 79 246 213 
80 75 41 80 33 248 
81 76 68 81 269 269 
82 173 162 82 210 120 
83 28 80 83 115 28 
84 165 87 84 122 208 
85 140 240 85 240 113 
86 82 157 86 143 262 
87 186 55 87 111 138 
88 168 75 88 117 118 
89 9 205 89 152 45 
90 42 202 90 3 25 
91 113 145 91 164 145 
92 217 40 92 63 223 
93 122 244 93 131 42 
94 212 220 94 231 98 
95 195 119 95 44 276 
96 169 137 96 51 122 
97 101 9 97 49 195 
98 238 148 98 189 225 
99 31 166 99 61 180 
100 143 262 100 73 56 
101 107 115 101 62 6 
102 93 149 102 2 232 
103 69 117 103 18 66 
104 223 183 104 106 100 
105 148 153 105 92 71 
106 115 230 106 1 151 
107 219 182 107 36 179 
108 40 12 108 250 235 
109 175 276 109 154 181 
110 227 178 110 29 125 
111 61 228 111 27 143 
112 3 93 112 83 3 
113 269 185 113 258 136 
114 29 46 114 12 47 
115 1 29 115 162 142 
116 34 129 116 181 236 
117 89 25 117 272 164 
118 92 51 118 243 12 
119 26 261 119 256 89 
120 46 94 120 41 17 
121 123 245 121 119 110 
122 79 168 122 179 40 
123 97 16 123 157 112 
124 127 102 124 97 160 
125 193 112 125 60 92 
126 246 165 126 247 217 
127 114 267 127 222 231 
128 129 268 128 145 278 
129 35 252 129 165 252 
130 225 167 130 89 194 
131 41 208 131 136 238 
132 262 131 132 196 265 
133 23 195 133 82 198 
134 130 14 134 224 26 
135 54 147 135 218 147 
136 51 47 136 168 46 
137 267 26 137 4 251 
138 275 34 138 230 255 
139 141 188 139 173 270 
140 63 177 140 170 9 
141 248 158 141 241 271 
142 185 226 142 275 191 
143 119 130 143 225 101 
144 222 32 144 197 90 
145 163 187 145 84 222 
146 211 127 146 94 36 
147 234 8 147 38 8 
148 94 23 148 81 37 
149 272 108 149 149 108 
150 6 150 150 194 204 
151 8 198 151 193 29 
152 43 204 152 150 150 
153 174 172 153 96 77 
154 221 20 154 105 185 
155 27 81 155 187 163 
156 78 128 156 251 177 
157 160 209 157 59 233 
158 145 271 158 195 158 
159 236 251 159 21 32 
160 271 201 160 139 201 
161 180 159 161 244 50 
162 155 77 162 208 67 
163 48 88 163 227 1 
164 5 78 164 175 87 
165 167 53 165 110 144 
166 111 273 166 24 263 
167 161 263 167 239 72 
168 261 266 168 54 23 
169 231 279 169 172 58 
170 194 22 170 140 156 
171 149 123 171 10 116 
172 220 118 172 22 106 
173 49 33 173 17 212 
174 64 254 174 238 70 
175 105 103 175 113 15 
176 110 274 176 202 274 
177 100 216 177 266 207 
178 132 109 178 78 141 
179 128 70 179 116 41 
180 25 126 180 190 124 
181 135 1 181 216 176 
182 14 36 182 70 218 
183 230 89 183 264 62 
184 109 27 184 23 257 
185 121 253 185 261 38 
186 197 37 186 259 259 
187 66 38 187 201 85 
188 188 91 188 137 153 
189 72 39 189 95 119 
190 228 141 190 108 111 
191 59 161 191 118 266 
192 106 229 192 9 4 
193 250 192 193 67 189 
194 213 42 194 121 59 
195 189 43 195 77 146 
196 36 30 196 163 258 
197 260 100 197 271 183 
198 184 242 198 28 242 
199 55 249 199 166 68 
200 81 44 200 75 220 
201 259 146 201 198 74 
202 214 106 202 127 43 
203 116 35 203 158 54 
204 139 45 204 86 277 
205 47 48 205 98 190 
206 10 210 206 90 230 
207 22 90 207 232 249 
208 218 50 208 71 94 
209 147 207 209 19 168 
210 181 63 210 101 63 
211 202 200 211 255 200 
212 124 225 212 144 261 
213 156 97 213 134 130 
214 24 232 214 223 84 
215 98 238 215 35 237 
216 206 54 216 80 27 
217 198 241 217 161 126 
218 90 170 218 220 135 
219 279 257 219 40 44 
220 57 258 220 112 161 
221 166 125 221 236 96 
222 196 57 222 11 30 
223 254 272 223 228 121 
224 37 82 224 39 137 
225 104 59 225 155 256 
226 237 132 226 91 52 
227 178 140 227 32 24 
228 86 193 228 99 193 
229 99 135 229 53 202 
230 187 151 230 206 65 
231 134 83 231 68 73 
232 38 152 232 235 83 
233 13 154 233 128 127 
234 257 58 234 248 157 
235 157 95 235 20 99 
236 239 62 236 69 241 
237 210 69 237 257 104 
238 277 111 238 120 134 
239 208 110 239 31 206 
240 273 17 240 26 109 
241 30 160 241 253 131 
242 58 260 242 25 196 
243 112 214 243 174 224 
244 252 222 244 156 80 
245 68 18 245 178 184 
246 60 277 246 160 133 
247 276 142 247 16 76 
248 249 66 248 30 165 
249 136 155 249 74 117 
250 232 84 250 278 279 
251 203 113 251 141 229 
252 74 215 252 263 49 
253 96 76 253 169 186 
254 142 180 254 229 105 
255 233 246 255 148 175 
256 153 223 256 242 216 
257 12 247 257 50 247 
258 177 19 258 87 19 
259 159 96 259 8 178 
260 56 133 260 56 129 
261 44 31 261 58 128 
262 125 164 262 103 114 
263 256 163 263 126 81 
264 199 136 264 45 155 
265 192 236 265 138 275 
266 131 7 266 214 140 
267 191 196 267 85 273 
268 209 143 268 177 14 
269 71 224 269 205 166 
270 18 233 270 200 250 
271 17 275 271 147 95 
272 39 227 272 203 20 
273 240 194 273 276 172 
274 251 176 274 133 64 
275 274 206 275 64 93 
276 103 79 276 262 79 
277 117 60 277 79 187 
278 80 11 278 46 11 
279 241 107 279 279 139 
