***********************************
Experiment parameters:
Experiment results:
Permutations:
I U RANK QCV rand PATH 
1 203 127 1 47 237 
2 9 202 2 186 34 
3 272 232 3 180 186 
4 162 106 4 273 35 
5 241 236 5 176 246 
6 224 255 6 14 106 
7 256 170 7 135 221 
8 128 100 8 167 268 
9 257 101 9 267 8 
10 243 129 10 142 158 
11 146 224 11 234 229 
12 245 109 12 72 127 
13 41 33 13 245 113 
14 29 240 14 57 30 
15 81 3 15 66 262 
16 255 197 16 125 228 
17 199 245 17 207 56 
18 2 69 18 254 168 
19 138 4 19 171 177 
20 49 234 20 104 4 
21 266 143 21 5 12 
22 12 5 22 93 181 
23 84 270 23 65 129 
24 78 271 24 76 19 
25 276 275 25 15 173 
26 23 272 26 52 61 
27 45 98 27 151 119 
28 236 8 28 42 52 
29 211 7 29 185 185 
30 248 171 30 159 136 
31 244 216 31 274 124 
32 65 196 32 265 157 
33 155 177 33 100 145 
34 135 82 34 48 45 
35 18 140 35 217 230 
36 182 138 36 188 272 
37 179 247 37 107 120 
38 264 11 38 13 102 
39 47 10 39 55 38 
40 97 58 40 213 123 
41 107 174 41 199 23 
42 16 21 42 123 175 
43 191 249 43 221 5 
44 163 68 44 191 147 
45 237 253 45 153 238 
46 7 148 46 124 259 
47 52 44 47 183 74 
48 54 29 48 233 188 
49 91 16 49 204 91 
50 181 195 50 215 64 
51 79 158 51 237 78 
52 159 254 52 212 248 
53 10 116 53 37 219 
54 120 104 54 109 94 
55 253 182 55 7 212 
56 1 112 56 249 15 
57 25 242 57 219 204 
58 267 96 58 277 241 
59 115 51 59 43 31 
60 31 64 60 88 155 
61 63 2 61 130 223 
62 161 206 62 252 122 
63 254 246 63 182 58 
64 178 85 64 211 111 
65 17 269 65 268 108 
66 273 24 66 146 105 
67 156 185 67 270 25 
68 137 118 68 114 179 
69 75 79 69 260 198 
70 223 274 70 192 130 
71 33 117 71 132 216 
72 190 146 72 226 279 
73 8 83 73 34 273 
74 274 48 74 129 159 
75 183 57 75 209 68 
76 218 132 76 102 29 
77 148 150 77 184 112 
78 118 15 78 6 28 
79 34 265 79 246 213 
80 53 188 80 33 89 
81 225 1 81 269 75 
82 152 111 82 210 217 
83 160 151 83 115 90 
84 72 162 84 122 14 
85 4 124 85 240 163 
86 195 237 86 143 67 
87 217 256 87 111 77 
88 277 70 88 117 189 
89 186 17 89 152 264 
90 83 40 90 3 69 
91 210 31 91 164 121 
92 48 13 92 63 195 
93 240 122 93 131 70 
94 95 23 94 231 117 
95 197 123 95 44 135 
96 105 217 96 51 11 
97 66 47 97 49 115 
98 126 139 98 189 97 
99 122 28 99 61 142 
100 167 264 100 73 174 
101 198 157 101 62 271 
102 70 178 102 2 6 
103 86 126 103 18 13 
104 260 209 104 106 39 
105 13 159 105 92 180 
106 175 263 106 1 139 
107 64 204 107 36 203 
108 242 279 108 250 149 
109 80 71 109 154 256 
110 60 6 110 29 199 
111 213 230 111 27 161 
112 140 91 112 83 17 
113 116 12 113 258 134 
114 275 183 114 12 60 
115 269 53 115 162 118 
116 59 168 116 181 133 
117 188 201 117 272 201 
118 111 267 118 243 85 
119 189 248 119 256 146 
120 19 92 120 41 152 
121 106 252 121 119 266 
122 149 260 122 179 27 
123 96 194 123 157 88 
124 85 66 124 97 104 
125 246 88 125 60 37 
126 196 163 126 247 169 
127 232 155 127 222 245 
128 130 120 128 145 63 
129 150 208 129 165 93 
130 171 192 130 89 47 
131 32 203 131 136 2 
132 207 135 132 196 239 
133 263 97 133 82 24 
134 5 189 134 224 233 
135 151 207 135 218 207 
136 219 60 136 168 183 
137 204 86 137 4 182 
138 109 165 138 230 197 
139 38 184 139 173 43 
140 169 241 140 170 99 
141 133 166 141 241 211 
142 250 250 142 275 96 
143 30 211 143 225 153 
144 202 181 144 197 220 
145 40 41 145 84 202 
146 158 136 146 94 109 
147 164 251 147 38 251 
148 239 19 148 81 98 
149 268 186 149 149 261 
150 271 121 150 194 36 
151 153 191 151 193 227 
152 56 54 152 150 128 
153 157 199 153 96 253 
154 209 45 154 105 140 
155 87 219 155 187 18 
156 265 99 156 251 7 
157 117 130 157 59 178 
158 127 226 158 195 226 
159 187 273 159 21 151 
160 68 225 160 139 225 
161 100 25 161 244 116 
162 185 72 162 208 65 
163 99 63 163 227 76 
164 177 73 164 175 265 
165 143 278 165 110 243 
166 259 243 166 24 114 
167 73 141 167 239 247 
168 108 50 168 54 72 
169 15 46 169 172 222 
170 123 149 170 140 103 
171 35 30 171 10 231 
172 82 169 172 22 42 
173 279 22 173 17 55 
174 43 94 174 238 274 
175 141 154 175 113 208 
176 89 258 176 202 258 
177 21 81 177 266 110 
178 168 65 178 78 101 
179 144 9 179 116 132 
180 26 32 180 190 107 
181 77 137 181 216 66 
182 14 145 182 70 80 
183 229 153 183 264 254 
184 20 26 184 23 209 
185 136 90 185 261 32 
186 24 34 186 259 126 
187 238 35 187 201 170 
188 142 164 188 137 86 
189 50 160 189 95 214 
190 216 37 190 108 236 
191 6 76 191 118 270 
192 247 38 192 9 252 
193 147 27 193 67 260 
194 114 39 194 121 156 
195 57 52 195 77 190 
196 37 93 196 163 92 
197 234 36 197 271 148 
198 121 180 198 28 44 
199 28 173 199 166 210 
200 124 42 200 75 59 
201 170 43 201 198 138 
202 131 119 202 127 234 
203 139 214 203 158 57 
204 103 215 204 86 249 
205 90 238 205 98 215 
206 67 102 206 90 267 
207 36 113 207 232 275 
208 228 49 208 71 242 
209 94 110 209 19 81 
210 165 190 210 101 250 
211 184 87 211 255 87 
212 258 222 212 144 263 
213 176 276 213 134 73 
214 101 229 214 223 166 
215 231 235 215 35 240 
216 71 268 216 80 171 
217 3 77 217 161 10 
218 112 78 218 220 196 
219 93 89 219 40 82 
220 102 55 220 112 50 
221 205 227 221 236 205 
222 193 259 222 11 184 
223 233 108 223 228 54 
224 206 228 224 39 100 
225 270 231 225 155 16 
226 212 125 226 91 162 
227 88 213 227 32 218 
228 180 193 228 99 193 
229 166 134 229 53 194 
230 98 277 230 206 49 
231 222 179 231 68 125 
232 44 176 232 235 95 
233 27 59 233 128 167 
234 214 74 234 248 160 
235 39 95 235 20 187 
236 226 61 236 69 206 
237 134 62 237 257 154 
238 235 262 238 120 143 
239 221 114 239 31 276 
240 11 152 240 26 71 
241 252 167 241 253 278 
242 145 133 242 25 235 
243 58 142 243 174 255 
244 62 233 244 156 164 
245 125 239 245 178 51 
246 119 103 246 160 62 
247 200 14 247 16 200 
248 154 266 248 30 3 
249 194 67 249 74 141 
250 215 80 250 278 21 
251 55 156 251 141 257 
252 173 221 252 263 191 
253 261 200 253 169 131 
254 174 175 254 229 1 
255 51 212 255 148 137 
256 61 144 256 242 144 
257 42 84 257 50 84 
258 113 244 258 87 244 
259 192 205 259 8 20 
260 208 261 260 56 46 
261 74 105 261 58 192 
262 201 147 262 103 277 
263 129 18 263 126 176 
264 278 131 264 45 269 
265 76 210 265 138 165 
266 22 223 266 214 40 
267 104 218 267 85 9 
268 230 161 268 177 26 
269 132 128 269 205 33 
270 110 198 270 200 79 
271 46 257 271 147 224 
272 262 56 272 203 53 
273 172 187 273 276 48 
274 220 75 274 133 83 
275 251 220 275 64 22 
276 227 172 276 262 172 
277 249 115 277 79 41 
278 92 20 278 46 232 
279 69 107 279 279 150 
