***********************************
Experiment parameters:
Experiment results:
Permutations:
I U RANK QCV rand PATH 
1 224 125 1 47 177 
2 135 154 2 186 40 
3 186 75 3 180 175 
4 238 271 4 273 43 
5 94 204 5 176 2 
6 23 253 6 14 130 
7 3 140 7 135 86 
8 12 250 8 167 266 
9 71 101 9 267 216 
10 131 200 10 142 131 
11 195 3 11 234 100 
12 193 82 12 72 140 
13 203 70 13 245 227 
14 24 201 14 57 59 
15 47 4 15 66 118 
16 253 128 16 125 202 
17 260 210 17 207 178 
18 221 217 18 254 119 
19 84 148 19 171 157 
20 98 68 20 104 142 
21 48 244 21 5 260 
22 59 6 22 93 49 
23 237 81 23 65 262 
24 143 142 24 76 200 
25 200 1 25 15 196 
26 140 251 26 52 184 
27 64 164 27 151 161 
28 87 8 28 42 13 
29 123 2 29 185 20 
30 259 171 30 159 164 
31 108 175 31 274 75 
32 19 124 32 265 165 
33 93 229 33 100 193 
34 10 237 34 48 240 
35 25 126 35 217 4 
36 178 167 36 188 222 
37 162 85 37 107 12 
38 201 47 38 13 47 
39 106 11 39 55 111 
40 256 29 40 213 256 
41 41 12 41 199 180 
42 136 238 42 123 8 
43 15 138 43 221 102 
44 252 183 44 191 66 
45 97 245 45 153 90 
46 242 10 46 124 230 
47 53 234 47 183 234 
48 220 66 48 233 217 
49 111 243 49 204 207 
50 156 158 50 215 231 
51 50 157 51 237 218 
52 72 241 52 212 35 
53 185 65 53 37 112 
54 174 104 54 109 15 
55 112 122 55 7 1 
56 5 145 56 249 5 
57 79 198 57 219 56 
58 211 52 58 277 50 
59 276 180 59 43 152 
60 4 270 60 88 120 
61 159 16 61 130 172 
62 155 205 62 252 91 
63 14 51 63 182 171 
64 199 223 64 211 169 
65 146 209 65 268 37 
66 275 40 66 146 26 
67 236 178 67 270 18 
68 196 14 68 114 135 
69 179 60 69 260 155 
70 167 155 70 192 236 
71 216 99 71 132 99 
72 180 274 72 226 65 
73 142 268 73 34 22 
74 1 22 74 129 268 
75 250 186 75 209 81 
76 176 151 76 102 186 
77 28 197 77 184 70 
78 78 224 78 6 187 
79 82 215 79 246 213 
80 119 117 80 33 53 
81 189 31 81 269 232 
82 31 256 82 210 29 
83 65 113 83 115 278 
84 138 141 84 122 105 
85 213 56 85 240 93 
86 153 156 86 143 246 
87 175 49 87 111 17 
88 205 71 88 117 153 
89 83 17 89 152 255 
90 187 220 90 3 183 
91 8 62 91 164 206 
92 29 267 92 63 137 
93 85 165 93 131 215 
94 163 258 94 231 6 
95 68 13 95 44 68 
96 70 236 96 51 28 
97 13 55 97 49 57 
98 117 230 98 189 214 
99 129 182 99 61 239 
100 258 257 100 73 45 
101 122 109 101 62 195 
102 20 84 102 2 73 
103 124 129 103 18 84 
104 45 206 104 106 62 
105 60 273 105 92 191 
106 209 213 106 1 242 
107 46 194 107 36 241 
108 67 263 108 250 147 
109 269 218 109 154 228 
110 130 136 110 29 88 
111 104 227 111 27 275 
112 22 90 112 83 279 
113 277 170 113 258 27 
114 7 94 114 12 107 
115 58 105 115 162 83 
116 2 166 116 181 74 
117 57 64 117 272 220 
118 125 110 118 243 108 
119 51 240 119 256 51 
120 226 95 120 41 55 
121 96 221 121 119 252 
122 233 233 122 179 267 
123 171 121 123 157 154 
124 69 20 124 97 104 
125 181 115 125 60 54 
126 160 179 126 247 38 
127 88 120 127 222 270 
128 86 130 128 145 85 
129 37 195 129 165 253 
130 126 235 130 89 117 
131 188 92 131 136 159 
132 239 242 132 196 257 
133 61 160 133 82 9 
134 227 191 134 224 273 
135 173 24 135 218 24 
136 158 107 136 168 94 
137 198 275 137 4 145 
138 270 232 138 230 276 
139 229 163 139 173 167 
140 66 57 140 170 87 
141 271 41 141 241 41 
142 247 211 142 275 52 
143 204 23 143 225 138 
144 128 202 144 197 128 
145 114 219 145 84 114 
146 11 69 146 94 223 
147 115 181 147 38 181 
148 49 246 148 81 133 
149 177 7 149 149 7 
150 52 19 150 194 19 
151 255 34 151 193 115 
152 154 162 152 150 277 
153 21 102 153 96 163 
154 273 259 154 105 258 
155 218 83 155 187 106 
156 100 112 156 251 10 
157 120 266 157 59 247 
158 145 226 158 195 226 
159 231 278 159 21 113 
160 249 249 160 139 249 
161 215 25 161 244 124 
162 228 73 162 208 123 
163 208 150 163 227 122 
164 251 74 164 175 134 
165 127 103 165 110 198 
166 223 255 166 24 30 
167 118 27 167 239 210 
168 207 168 168 54 42 
169 151 190 169 172 148 
170 116 161 170 140 82 
171 110 21 171 10 170 
172 172 108 172 22 78 
173 192 30 173 17 271 
174 132 93 174 238 21 
175 243 100 175 113 61 
176 278 185 176 202 185 
177 75 137 177 266 96 
178 212 159 178 78 44 
179 232 119 179 116 64 
180 184 152 180 190 272 
181 164 176 181 216 97 
182 56 33 182 70 79 
183 170 86 183 264 194 
184 234 169 184 23 14 
185 235 89 185 261 25 
186 152 35 186 259 101 
187 183 36 187 201 149 
188 35 146 188 137 197 
189 109 118 189 95 33 
190 165 38 190 108 58 
191 202 76 191 118 166 
192 149 207 192 9 168 
193 38 231 193 67 158 
194 222 252 194 121 243 
195 266 42 195 77 132 
196 217 39 196 163 204 
197 150 173 197 271 173 
198 206 98 198 28 98 
199 245 67 199 166 31 
200 42 43 200 75 109 
201 18 44 201 198 39 
202 134 45 202 127 95 
203 30 46 203 158 46 
204 168 111 204 86 245 
205 77 91 205 98 190 
206 157 248 206 90 203 
207 80 276 207 232 143 
208 190 272 208 71 77 
209 137 96 209 19 233 
210 91 50 210 101 211 
211 95 48 211 255 48 
212 219 254 212 144 23 
213 43 116 213 134 103 
214 73 80 214 223 224 
215 6 123 215 35 235 
216 101 54 216 80 205 
217 9 77 217 161 251 
218 244 78 218 220 238 
219 254 187 219 40 265 
220 230 264 220 112 126 
221 240 208 221 236 136 
222 267 189 222 11 248 
223 166 277 223 228 209 
224 39 28 224 39 250 
225 103 59 225 155 229 
226 210 134 226 91 237 
227 263 9 227 32 160 
228 63 72 228 99 72 
229 144 133 229 53 225 
230 44 147 230 206 259 
231 92 79 231 68 80 
232 81 184 232 235 69 
233 54 61 233 128 92 
234 265 58 234 248 76 
235 272 279 235 20 3 
236 246 18 236 69 199 
237 55 63 237 257 254 
238 248 188 238 120 264 
239 99 153 239 31 116 
240 169 87 240 26 189 
241 141 15 241 253 110 
242 262 132 242 25 188 
243 257 5 243 174 67 
244 194 143 244 156 146 
245 261 212 245 178 36 
246 241 193 246 160 141 
247 147 225 247 16 269 
248 74 214 248 30 121 
249 225 228 249 74 129 
250 264 216 250 278 201 
251 36 260 251 141 156 
252 279 177 252 263 192 
253 121 26 253 169 244 
254 76 239 254 229 182 
255 62 97 255 148 150 
256 197 144 256 242 144 
257 139 32 257 50 32 
258 17 261 258 87 261 
259 191 88 259 8 127 
260 32 131 260 56 125 
261 16 172 261 58 16 
262 182 53 262 103 151 
263 274 106 263 126 274 
264 89 135 264 45 89 
265 105 222 265 138 212 
266 34 269 266 214 34 
267 161 199 267 85 221 
268 148 174 268 177 219 
269 133 37 269 205 162 
270 102 247 270 200 60 
271 107 265 271 147 263 
272 90 149 272 203 71 
273 268 192 273 276 11 
274 113 196 274 133 176 
275 27 203 275 64 179 
276 33 139 276 262 139 
277 26 114 277 79 174 
278 40 127 278 46 208 
279 214 262 279 279 63 
