***********************************
Experiment parameters:
Experiment results:
Permutations:
I U RANK QCV rand PATH 
1 111 76 11 47 272 
2 175 178 17 186 152 
3 83 104 168 180 168 
4 160 155 232 273 273 
5 4 46 4 176 4 
6 23 154 258 14 229 
7 261 209 261 135 261 
8 136 19 136 167 136 
9 85 183 85 267 85 
10 17 140 224 142 224 
11 36 184 36 234 36 
12 20 85 20 72 20 
13 123 110 123 245 123 
14 130 240 130 57 130 
15 202 138 235 66 202 
16 192 95 192 125 192 
17 144 98 144 207 144 
18 19 41 272 254 142 
19 44 136 44 171 44 
20 11 160 233 104 230 
21 119 80 119 5 119 
22 41 244 41 93 271 
23 257 169 257 65 257 
24 77 77 77 76 77 
25 246 115 246 15 246 
26 156 61 156 52 156 
27 150 105 150 151 150 
28 235 256 202 42 235 
29 219 130 219 185 219 
30 147 167 147 159 147 
31 1 226 1 274 1 
32 96 116 96 265 96 
33 118 203 118 100 118 
34 53 63 53 48 63 
35 39 188 39 217 39 
36 159 148 159 188 159 
37 113 156 113 107 113 
38 12 144 12 13 12 
39 32 153 32 55 32 
40 105 137 105 213 105 
41 127 271 127 199 127 
42 86 181 86 123 86 
43 245 216 245 221 245 
44 168 6 83 191 83 
45 56 51 56 153 56 
46 37 210 37 124 37 
47 208 82 208 183 208 
48 176 176 176 233 176 
49 122 57 250 204 69 
50 15 90 15 215 15 
51 116 246 116 237 116 
52 128 150 128 212 128 
53 146 151 146 37 146 
54 228 242 228 109 228 
55 278 204 278 7 278 
56 102 102 102 249 102 
57 88 88 57 219 76 
58 276 230 276 277 276 
59 185 221 185 43 185 
60 260 16 260 88 260 
61 173 174 173 130 173 
62 174 269 174 252 174 
63 103 215 103 182 103 
64 7 7 7 211 7 
65 164 13 164 268 164 
66 198 249 198 146 198 
67 177 177 177 270 177 
68 16 81 16 114 16 
69 154 11 59 260 88 
70 204 277 204 192 204 
71 137 20 137 132 137 
72 104 199 104 226 104 
73 74 175 74 34 74 
74 52 278 52 129 52 
75 265 182 265 209 265 
76 110 96 110 102 110 
77 34 34 34 184 34 
78 148 253 148 6 148 
79 10 128 10 246 10 
80 153 32 153 33 153 
81 109 2 109 269 109 
82 76 250 244 210 111 
83 46 126 46 115 46 
84 132 67 132 122 132 
85 165 245 165 240 165 
86 22 44 22 143 22 
87 138 39 138 111 138 
88 212 31 212 117 212 
89 31 55 31 152 31 
90 193 193 193 3 193 
91 229 254 229 164 41 
92 142 65 142 63 57 
93 2 228 2 131 2 
94 93 239 93 231 93 
95 270 259 270 44 270 
96 38 223 38 51 38 
97 211 211 211 49 211 
98 95 170 95 189 95 
99 57 205 88 61 122 
100 149 218 149 73 149 
101 115 107 115 62 115 
102 256 255 256 2 238 
103 94 83 94 18 94 
104 27 217 27 106 27 
105 172 258 63 92 139 
106 43 43 43 1 43 
107 225 225 225 36 225 
108 69 233 111 250 154 
109 181 212 181 154 181 
110 182 120 182 29 182 
111 151 131 151 27 151 
112 73 121 73 83 73 
113 24 207 24 258 24 
114 230 15 230 12 53 
115 79 79 79 162 79 
116 167 29 167 181 167 
117 133 108 133 272 133 
118 180 49 180 243 180 
119 66 195 66 256 66 
120 71 97 71 41 71 
121 187 14 187 119 187 
122 271 109 271 179 59 
123 70 260 70 157 70 
124 236 168 236 97 243 
125 252 196 252 60 252 
126 234 248 234 247 234 
127 203 132 203 222 203 
128 65 87 65 145 65 
129 264 142 264 165 264 
130 238 202 238 89 256 
131 243 243 243 136 236 
132 213 40 213 196 213 
133 134 50 134 82 134 
134 240 23 240 224 240 
135 59 139 76 218 155 
136 6 173 6 168 6 
137 197 185 197 4 197 
138 131 45 131 230 131 
139 163 161 163 173 163 
140 274 279 274 170 274 
141 237 237 237 241 237 
142 273 8 273 275 17 
143 91 229 91 225 91 
144 67 71 67 197 67 
145 81 227 81 84 81 
146 87 149 87 94 87 
147 152 152 152 38 11 
148 72 72 72 81 72 
149 255 21 255 149 255 
150 183 52 183 194 183 
151 217 93 217 193 217 
152 51 94 51 150 51 
153 35 252 35 96 35 
154 13 133 13 105 13 
155 169 36 169 187 169 
156 162 89 162 251 162 
157 99 26 99 59 99 
158 5 60 5 195 5 
159 45 62 45 21 45 
160 140 187 140 139 140 
161 218 118 218 244 218 
162 207 24 207 208 207 
163 259 270 259 227 259 
164 221 197 221 175 221 
165 125 266 125 110 125 
166 90 127 90 24 90 
167 30 30 30 239 30 
168 158 163 158 54 158 
169 58 58 58 172 58 
170 28 125 28 140 28 
171 209 189 209 10 209 
172 126 222 126 22 126 
173 196 141 196 17 196 
174 26 200 26 238 26 
175 121 261 121 113 121 
176 63 17 69 202 160 
177 139 272 139 266 171 
178 254 66 254 78 254 
179 92 92 92 116 92 
180 97 3 97 190 97 
181 25 99 25 216 25 
182 179 179 179 70 179 
183 60 91 60 264 60 
184 248 180 248 23 248 
185 107 114 107 261 107 
186 124 113 124 259 124 
187 50 265 50 201 50 
188 18 106 18 137 18 
189 216 157 216 95 216 
190 223 56 223 108 223 
191 129 54 129 118 129 
192 241 47 241 9 241 
193 170 68 170 67 170 
194 49 42 49 121 49 
195 9 9 9 77 9 
196 29 263 29 163 29 
197 80 191 80 271 80 
198 199 262 199 28 199 
199 210 48 210 166 210 
200 40 78 40 75 40 
201 222 123 222 198 222 
202 112 37 48 127 48 
203 195 64 195 158 195 
204 84 166 19 86 19 
205 108 164 108 98 108 
206 226 75 226 90 226 
207 143 4 143 232 143 
208 266 241 266 71 266 
209 82 198 82 19 82 
210 161 251 161 101 161 
211 54 134 227 255 54 
212 106 18 106 144 106 
213 279 274 279 134 279 
214 89 162 89 223 89 
215 253 194 253 35 253 
216 191 1 191 80 191 
217 8 273 8 161 8 
218 135 135 135 220 135 
219 184 5 184 40 184 
220 48 112 112 112 112 
221 42 206 42 236 42 
222 157 165 157 11 157 
223 268 257 268 228 268 
224 269 236 269 39 269 
225 275 27 275 155 275 
226 205 53 154 91 172 
227 250 111 155 32 178 
228 249 143 249 99 249 
229 247 275 247 53 247 
230 206 234 206 206 206 
231 47 28 47 68 47 
232 21 38 21 235 21 
233 141 35 141 128 141 
234 232 146 101 248 101 
235 120 70 120 20 120 
236 78 208 78 69 78 
237 171 219 23 257 23 
238 101 224 277 120 277 
239 244 171 160 31 205 
240 267 267 267 26 267 
241 62 10 62 253 62 
242 272 59 171 25 232 
243 231 190 231 174 231 
244 186 186 186 156 186 
245 166 192 166 178 166 
246 155 122 172 160 233 
247 145 145 145 16 145 
248 14 12 14 30 14 
249 117 73 117 74 117 
250 55 86 55 278 55 
251 224 101 84 141 84 
252 262 235 262 263 262 
253 239 247 239 169 239 
254 64 268 64 229 64 
255 100 100 100 148 100 
256 200 25 200 242 200 
257 215 103 215 50 215 
258 3 264 3 87 3 
259 61 124 61 8 61 
260 277 232 178 56 244 
261 194 147 194 58 194 
262 251 158 251 103 251 
263 68 201 68 126 68 
264 188 74 188 45 188 
265 33 159 33 138 33 
266 98 119 98 214 98 
267 233 172 205 85 250 
268 190 231 190 177 190 
269 189 22 189 205 189 
270 242 276 242 200 242 
271 75 84 75 147 75 
272 178 238 175 203 175 
273 258 69 122 276 258 
274 263 213 263 133 263 
275 214 117 214 64 214 
276 227 129 54 262 227 
277 201 214 201 79 201 
278 220 220 220 46 220 
279 114 33 114 279 114 
