***********************************
Experiment parameters:
Experiment results:
Permutations:
I U RANK QCV rand PATH 
1 270 82 153 47 21 
2 247 103 21 186 36 
3 233 78 233 180 233 
4 154 125 154 273 37 
5 71 203 71 176 71 
6 21 36 36 14 38 
7 141 245 141 135 141 
8 20 246 20 167 20 
9 120 120 120 267 120 
10 36 177 279 142 279 
11 199 17 199 234 199 
12 252 252 252 72 252 
13 128 110 128 245 128 
14 279 102 79 57 79 
15 47 133 92 66 47 
16 274 50 274 125 274 
17 224 113 224 207 224 
18 133 84 37 254 49 
19 188 267 188 171 188 
20 38 105 38 104 72 
21 80 80 80 5 80 
22 37 72 244 93 82 
23 18 22 18 65 18 
24 77 45 77 76 77 
25 44 231 44 15 44 
26 194 132 194 52 194 
27 258 28 258 151 258 
28 92 181 47 42 92 
29 28 117 28 185 28 
30 231 189 231 159 231 
31 119 31 119 274 119 
32 203 218 203 265 203 
33 200 241 200 100 200 
34 89 247 49 48 84 
35 181 187 181 217 181 
36 168 238 168 188 168 
37 136 213 136 107 136 
38 54 184 54 13 54 
39 132 159 132 55 132 
40 221 5 221 213 221 
41 104 197 104 199 104 
42 216 166 216 123 216 
43 202 202 202 221 202 
44 273 51 273 191 273 
45 85 62 85 153 85 
46 90 129 90 124 90 
47 100 100 100 183 100 
48 11 11 11 233 11 
49 152 244 169 204 103 
50 150 26 150 215 150 
51 96 68 96 237 96 
52 106 156 106 212 106 
53 117 162 117 37 117 
54 88 150 88 109 88 
55 66 204 66 7 66 
56 32 32 32 249 32 
57 105 262 196 219 105 
58 269 88 269 277 269 
59 124 48 124 43 124 
60 220 107 220 88 220 
61 86 138 86 130 86 
62 3 46 3 252 3 
63 162 207 162 182 162 
64 94 240 94 211 94 
65 178 18 178 268 178 
66 249 249 249 146 249 
67 29 192 29 270 29 
68 158 146 158 114 158 
69 125 169 266 260 125 
70 135 235 135 192 135 
71 113 94 113 132 113 
72 276 191 276 226 276 
73 46 47 46 34 46 
74 147 182 147 129 147 
75 164 111 164 209 164 
76 13 193 13 102 13 
77 175 195 175 184 175 
78 248 256 248 6 248 
79 102 185 102 246 102 
80 108 171 108 33 108 
81 25 104 25 269 25 
82 72 196 72 210 127 
83 253 255 253 115 253 
84 61 61 61 122 61 
85 27 27 27 240 27 
86 52 58 52 143 52 
87 187 56 187 111 187 
88 214 20 214 117 214 
89 166 101 166 152 166 
90 118 253 118 3 118 
91 87 116 87 164 87 
92 174 19 174 63 174 
93 149 268 149 131 149 
94 183 254 183 231 183 
95 34 69 34 44 34 
96 191 64 191 51 191 
97 198 198 198 49 198 
98 264 216 264 189 264 
99 84 49 262 61 134 
100 45 24 45 73 45 
101 271 6 271 62 271 
102 219 16 56 2 219 
103 62 86 62 18 62 
104 4 65 4 106 4 
105 49 37 82 92 143 
106 76 76 76 1 76 
107 157 8 157 36 157 
108 155 127 84 250 152 
109 50 59 50 154 50 
110 101 257 101 29 101 
111 42 93 42 27 42 
112 245 264 245 83 245 
113 41 183 41 258 41 
114 114 173 197 12 197 
115 223 10 223 162 223 
116 7 168 7 181 7 
117 40 40 40 272 40 
118 14 200 14 243 14 
119 239 199 239 256 239 
120 19 140 19 41 19 
121 185 97 185 119 185 
122 197 176 114 179 114 
123 236 274 236 157 236 
124 95 233 30 97 30 
125 10 130 10 60 10 
126 63 77 63 247 63 
127 209 261 209 222 209 
128 144 144 144 145 144 
129 251 174 251 165 251 
130 56 219 219 89 56 
131 30 123 95 136 95 
132 277 277 277 196 277 
133 217 158 217 82 217 
134 5 258 5 224 5 
135 134 266 103 218 153 
136 122 122 122 168 122 
137 15 90 15 4 15 
138 31 279 31 230 31 
139 23 232 23 173 23 
140 161 170 161 170 161 
141 69 34 69 241 69 
142 39 33 39 275 39 
143 139 225 139 225 139 
144 265 160 265 197 265 
145 163 236 163 84 163 
146 205 63 205 94 205 
147 70 211 70 38 70 
148 60 60 60 81 60 
149 16 3 16 149 16 
150 182 9 182 194 182 
151 130 43 130 193 130 
152 123 30 123 150 123 
153 250 126 250 96 250 
154 275 210 275 105 275 
155 226 239 226 187 226 
156 73 115 73 251 73 
157 192 29 192 59 192 
158 225 226 225 195 225 
159 156 42 156 21 156 
160 240 119 240 139 240 
161 261 14 261 244 261 
162 172 41 172 208 172 
163 8 157 8 227 8 
164 48 124 48 175 48 
165 12 259 12 110 12 
166 268 114 268 24 268 
167 121 121 121 239 121 
168 232 227 232 54 232 
169 115 73 115 172 115 
170 126 206 126 140 126 
171 107 214 107 10 107 
172 256 118 256 22 256 
173 254 172 254 17 254 
174 167 167 167 238 167 
175 83 74 83 113 83 
176 153 272 270 202 154 
177 103 153 155 266 155 
178 208 234 208 78 208 
179 228 180 228 116 228 
180 241 165 241 190 241 
181 237 237 237 216 237 
182 75 75 75 70 75 
183 234 109 234 264 234 
184 165 205 165 23 165 
185 68 128 68 261 68 
186 99 136 99 259 99 
187 111 188 111 201 111 
188 129 228 129 137 129 
189 142 142 142 95 142 
190 91 92 91 108 91 
191 81 81 81 118 81 
192 206 12 206 9 206 
193 267 83 267 67 267 
194 160 209 160 121 160 
195 159 53 159 77 159 
196 218 148 218 163 218 
197 97 89 97 271 97 
198 112 95 112 28 112 
199 131 108 131 166 131 
200 263 263 263 75 263 
201 110 2 110 198 110 
202 82 194 171 127 171 
203 116 175 116 158 116 
204 67 217 145 86 145 
205 17 87 17 98 17 
206 235 137 235 90 235 
207 189 98 189 232 189 
208 57 223 57 71 57 
209 6 44 6 19 6 
210 227 243 227 101 227 
211 151 164 151 255 151 
212 180 131 180 144 180 
213 170 161 170 134 170 
214 215 215 215 223 215 
215 255 71 255 35 255 
216 184 54 184 80 184 
217 33 39 33 161 33 
218 211 55 211 220 211 
219 109 178 109 40 109 
220 171 25 173 112 173 
221 179 251 179 236 179 
222 195 208 195 11 195 
223 22 139 22 228 22 
224 64 112 64 39 64 
225 43 57 43 155 43 
226 177 155 272 91 169 
227 143 21 105 32 196 
228 190 190 190 99 190 
229 186 250 186 53 186 
230 24 265 24 206 24 
231 65 4 65 68 65 
232 78 85 78 235 78 
233 259 278 259 128 259 
234 127 135 67 248 67 
235 74 163 74 20 74 
236 193 7 193 69 193 
237 196 66 177 257 177 
238 145 147 207 120 207 
239 169 154 247 31 244 
240 213 99 213 26 213 
241 9 67 9 253 9 
242 262 134 125 25 247 
243 260 212 260 174 260 
244 26 149 26 156 26 
245 146 145 146 178 146 
246 207 270 152 160 262 
247 55 70 55 16 55 
248 137 224 137 30 137 
249 35 220 35 74 35 
250 222 222 222 278 222 
251 173 221 89 141 89 
252 51 273 51 263 51 
253 278 186 278 169 278 
254 210 275 210 229 210 
255 242 242 242 148 242 
256 201 201 201 242 201 
257 204 79 204 50 204 
258 140 179 140 87 140 
259 53 15 53 8 53 
260 244 38 127 56 266 
261 148 13 148 58 148 
262 243 23 243 103 243 
263 59 52 59 126 59 
264 138 91 138 45 138 
265 238 230 238 138 238 
266 93 1 93 214 93 
267 272 152 134 85 270 
268 212 260 212 177 212 
269 58 151 58 205 58 
270 176 269 176 200 176 
271 1 106 1 147 1 
272 79 276 133 203 133 
273 266 143 143 276 272 
274 2 271 2 133 2 
275 257 229 257 64 257 
276 246 141 246 262 246 
277 229 35 229 79 229 
278 230 96 230 46 230 
279 98 248 98 279 98 
