***********************************
Experiment parameters:
Experiment results:
Permutations:
I U RANK QCV rand PATH 
1 249 127 156 47 125 
2 41 206 239 186 231 
3 91 243 170 180 170 
4 223 98 255 273 19 
5 8 233 189 176 259 
6 263 276 43 14 43 
7 182 20 259 135 189 
8 134 76 13 167 13 
9 106 245 194 267 82 
10 137 1 208 142 194 
11 63 202 233 234 67 
12 9 106 200 72 208 
13 145 129 248 245 248 
14 47 213 134 57 134 
15 71 3 98 66 177 
16 257 108 44 125 44 
17 116 240 227 207 227 
18 113 50 126 254 126 
19 3 4 140 171 42 
20 211 69 211 104 211 
21 138 21 69 5 69 
22 187 97 236 93 47 
23 15 112 191 65 80 
24 59 6 73 76 73 
25 233 216 71 15 71 
26 169 89 72 52 239 
27 11 100 127 151 127 
28 168 8 93 42 64 
29 167 7 219 185 95 
30 131 180 168 159 168 
31 37 170 243 274 243 
32 36 125 202 265 202 
33 31 169 131 100 41 
34 120 156 128 48 255 
35 5 174 54 217 192 
36 254 176 276 188 124 
37 183 87 258 107 15 
38 273 13 88 13 88 
39 2 107 187 55 187 
40 165 88 76 213 76 
41 147 149 120 199 174 
42 247 256 173 123 173 
43 62 137 175 221 175 
44 45 188 278 191 278 
45 271 62 275 153 275 
46 234 184 47 124 185 
47 186 182 225 183 225 
48 102 218 102 233 102 
49 49 229 49 204 49 
50 75 196 215 215 215 
51 175 145 183 237 183 
52 14 258 277 212 277 
53 52 157 212 37 212 
54 269 121 271 109 267 
55 154 204 48 7 48 
56 151 44 198 249 198 
57 198 195 155 219 87 
58 73 265 171 277 171 
59 215 191 132 43 132 
60 205 147 159 88 159 
61 181 130 253 130 253 
62 32 199 114 252 114 
63 220 133 33 182 33 
64 228 96 274 211 222 
65 155 244 105 268 105 
66 33 30 139 146 139 
67 173 261 89 270 89 
68 27 200 81 114 78 
69 61 136 232 260 232 
70 253 232 181 192 181 
71 112 143 143 132 143 
72 251 39 254 226 254 
73 262 48 99 34 99 
74 128 22 11 129 11 
75 85 278 16 209 16 
76 117 16 218 102 218 
77 210 257 268 184 268 
78 80 15 64 6 98 
79 190 264 84 246 84 
80 126 178 197 33 197 
81 127 198 34 269 34 
82 19 252 252 210 252 
83 172 238 216 115 216 
84 180 120 7 122 122 
85 84 124 117 240 117 
86 266 70 209 143 262 
87 216 64 61 111 61 
88 221 153 137 117 83 
89 1 18 62 152 200 
90 240 38 50 3 50 
91 92 166 27 164 27 
92 83 215 196 63 196 
93 51 25 141 131 242 
94 178 262 149 231 149 
95 171 173 213 44 213 
96 148 181 26 51 26 
97 89 266 186 49 186 
98 78 203 95 189 18 
99 97 151 108 61 108 
100 279 19 172 73 172 
101 225 259 279 62 279 
102 66 209 96 2 38 
103 277 58 263 18 209 
104 202 247 247 106 247 
105 115 11 22 92 22 
106 96 255 29 1 29 
107 144 193 165 36 165 
108 207 12 104 250 12 
109 38 72 35 154 203 
110 77 220 110 29 110 
111 201 86 152 27 152 
112 88 93 70 83 70 
113 129 190 107 258 107 
114 48 85 251 12 251 
115 231 51 101 162 101 
116 246 134 153 181 153 
117 94 102 60 272 60 
118 248 113 97 243 97 
119 244 239 234 256 234 
120 179 32 266 41 266 
121 170 234 150 119 150 
122 54 92 246 179 246 
123 56 2 206 157 206 
124 146 219 221 97 72 
125 230 253 176 60 46 
126 22 187 217 247 217 
127 44 159 147 222 147 
128 163 119 75 145 75 
129 67 221 193 165 193 
130 82 91 15 89 32 
131 65 82 184 136 245 
132 159 131 100 196 100 
133 29 186 94 82 94 
134 189 123 90 224 90 
135 191 5 5 218 5 
136 217 251 85 168 85 
137 157 152 238 4 238 
138 162 205 53 230 53 
139 6 177 14 173 68 
140 204 254 24 170 24 
141 123 230 230 241 230 
142 166 163 265 275 265 
143 256 122 18 225 190 
144 108 23 77 197 77 
145 197 164 257 84 257 
146 199 223 270 94 138 
147 243 214 214 38 214 
148 12 275 145 81 145 
149 142 162 162 149 162 
150 86 210 166 194 166 
151 193 94 115 193 115 
152 100 237 226 150 226 
153 188 175 109 96 263 
154 158 263 36 105 36 
155 139 212 148 187 148 
156 152 24 157 251 157 
157 26 79 56 59 56 
158 42 52 52 195 52 
159 81 77 23 21 23 
160 214 118 118 139 118 
161 4 172 19 244 131 
162 275 73 122 208 223 
163 114 66 12 227 81 
164 87 75 205 175 256 
165 227 104 65 110 180 
166 270 117 242 24 74 
167 93 28 262 239 228 
168 20 29 124 54 62 
169 103 150 40 172 96 
170 16 155 3 140 54 
171 109 211 119 10 21 
172 121 116 241 22 59 
173 124 31 154 17 155 
174 245 271 167 238 199 
175 21 277 203 113 271 
176 160 207 207 202 207 
177 24 144 260 266 260 
178 105 189 180 78 219 
179 118 126 112 116 112 
180 95 269 245 190 45 
181 164 273 133 216 133 
182 98 67 177 70 63 
183 261 183 25 264 40 
184 239 80 138 23 104 
185 18 109 267 261 167 
186 107 35 185 259 154 
187 55 36 55 201 270 
188 156 71 158 137 158 
189 25 208 264 95 261 
190 276 235 32 108 55 
191 195 142 199 118 103 
192 39 40 121 9 25 
193 226 246 111 67 111 
194 50 42 142 121 156 
195 149 43 2 77 141 
196 64 41 82 163 236 
197 208 27 210 271 210 
198 212 225 182 28 182 
199 125 99 261 166 128 
200 40 140 83 75 169 
201 132 47 63 198 146 
202 176 222 4 127 109 
203 74 45 31 158 274 
204 43 46 59 86 221 
205 141 49 66 98 142 
206 17 146 78 90 14 
207 69 53 269 232 205 
208 238 272 6 71 2 
209 68 260 92 19 92 
210 153 171 163 101 163 
211 177 160 160 255 160 
212 196 74 21 144 119 
213 130 168 87 134 120 
214 58 78 91 223 201 
215 53 54 103 35 31 
216 184 55 249 80 91 
217 101 192 68 161 176 
218 185 81 174 220 191 
219 258 103 46 40 195 
220 242 224 223 112 3 
221 232 110 161 236 161 
222 264 228 74 11 4 
223 250 226 244 228 244 
224 218 26 136 39 136 
225 28 59 256 155 116 
226 150 279 272 91 272 
227 229 231 250 32 250 
228 252 179 179 99 179 
229 222 138 38 53 140 
230 140 141 125 206 66 
231 7 83 224 68 224 
232 235 217 222 235 233 
233 119 61 228 128 93 
234 224 241 195 248 35 
235 57 95 20 20 276 
236 111 63 235 69 235 
237 219 242 80 257 20 
238 241 65 146 120 7 
239 122 14 67 31 269 
240 267 101 231 26 6 
241 203 165 240 253 240 
242 70 154 42 25 184 
243 79 34 129 174 129 
244 135 158 86 156 86 
245 206 9 116 178 121 
246 23 270 41 160 249 
247 133 201 51 16 51 
248 13 274 45 30 65 
249 200 68 192 74 241 
250 274 84 169 278 258 
251 99 114 1 141 1 
252 34 185 190 263 137 
253 174 139 201 169 264 
254 110 128 151 229 151 
255 90 268 273 148 273 
256 143 111 144 242 144 
257 76 17 17 50 17 
258 10 37 37 87 37 
259 194 161 135 8 135 
260 192 132 58 56 58 
261 272 115 130 58 130 
262 60 60 178 103 178 
263 136 148 39 126 39 
264 265 249 28 45 28 
265 237 227 8 138 8 
266 259 250 30 214 30 
267 236 194 113 85 113 
268 161 90 123 177 123 
269 278 105 237 205 237 
270 255 56 79 200 79 
271 30 267 229 147 229 
272 46 167 106 203 106 
273 260 57 9 276 9 
274 268 33 204 133 204 
275 35 236 57 64 57 
276 104 10 10 262 10 
277 72 248 164 79 164 
278 213 135 220 46 220 
279 209 197 188 279 188 
