***********************************
Experiment parameters:
Experiment results:
Permutations:
I U RANK QCV rand PATH 
1 262 129 6 47 119 
2 113 126 255 186 255 
3 7 4 253 180 253 
4 25 94 26 273 271 
5 139 198 96 176 96 
6 125 23 119 14 268 
7 67 172 109 135 109 
8 184 60 41 167 41 
9 186 102 241 267 118 
10 45 1 198 142 198 
11 227 2 172 234 228 
12 54 103 138 72 234 
13 28 83 153 245 153 
14 234 183 178 57 178 
15 232 199 243 66 230 
16 52 142 165 125 165 
17 5 238 238 207 238 
18 242 3 268 254 6 
19 211 137 131 171 131 
20 59 67 170 104 26 
21 98 148 270 5 270 
22 83 5 21 93 143 
23 129 53 265 65 272 
24 41 6 42 76 42 
25 119 64 83 15 83 
26 91 254 175 52 223 
27 137 104 199 151 199 
28 110 222 74 42 243 
29 106 160 234 185 10 
30 71 176 183 159 183 
31 8 54 215 274 215 
32 170 128 32 265 32 
33 248 178 250 100 136 
34 21 191 272 48 88 
35 152 201 81 217 148 
36 274 140 271 188 25 
37 199 84 217 107 100 
38 131 31 197 13 197 
39 82 150 194 55 113 
40 99 78 60 213 60 
41 133 131 277 199 169 
42 32 251 124 123 124 
43 162 135 212 221 145 
44 159 211 110 191 110 
45 191 244 202 153 202 
46 245 10 127 124 242 
47 173 186 107 183 107 
48 53 257 53 233 53 
49 165 260 105 204 35 
50 270 213 91 215 91 
51 231 145 5 237 5 
52 93 259 140 212 189 
53 62 49 184 37 184 
54 2 156 258 109 81 
55 189 203 117 7 117 
56 180 108 180 249 180 
57 80 228 182 219 182 
58 70 44 98 277 98 
59 124 188 86 43 86 
60 26 220 190 88 190 
61 86 268 8 130 8 
62 174 214 94 252 265 
63 143 227 176 182 176 
64 160 11 229 211 225 
65 73 205 263 268 263 
66 104 159 126 146 126 
67 257 19 259 270 259 
68 46 14 38 114 77 
69 44 174 78 260 78 
70 226 41 152 192 152 
71 51 253 4 132 4 
72 220 56 43 226 43 
73 4 207 97 34 97 
74 254 97 207 129 207 
75 181 154 87 209 87 
76 10 87 154 102 154 
77 114 133 108 184 108 
78 39 204 93 6 134 
79 109 246 279 246 279 
80 212 218 120 33 120 
81 87 33 29 269 29 
82 224 168 31 210 31 
83 197 157 92 115 92 
84 20 206 261 122 24 
85 178 112 251 240 251 
86 19 118 228 143 106 
87 126 55 161 111 161 
88 76 192 84 117 19 
89 43 17 48 152 170 
90 172 120 211 3 211 
91 151 231 151 164 151 
92 42 28 264 63 264 
93 250 9 143 131 150 
94 118 275 112 231 112 
95 278 122 273 44 273 
96 57 197 2 51 168 
97 111 144 266 49 266 
98 77 18 191 189 50 
99 29 248 33 61 33 
100 107 15 79 73 79 
101 261 50 61 62 61 
102 202 221 148 2 74 
103 68 127 254 18 93 
104 163 116 231 106 231 
105 225 187 210 92 210 
106 205 252 164 1 164 
107 16 196 141 36 141 
108 213 271 139 250 84 
109 84 147 221 154 191 
110 247 181 177 29 177 
111 102 185 208 27 208 
112 117 279 239 83 239 
113 130 189 63 258 9 
114 116 85 173 12 173 
115 96 43 56 162 44 
116 237 170 237 181 237 
117 255 45 257 272 257 
118 207 239 232 243 232 
119 259 243 16 256 16 
120 153 278 144 41 144 
121 101 237 104 119 104 
122 155 264 28 179 28 
123 95 65 69 157 69 
124 276 20 201 97 103 
125 264 69 73 60 63 
126 121 250 260 247 260 
127 38 190 220 222 220 
128 33 119 15 145 15 
129 11 256 275 165 275 
130 36 229 18 89 115 
131 6 22 160 136 128 
132 198 132 90 196 90 
133 112 66 195 82 195 
134 249 210 12 224 12 
135 203 68 68 218 68 
136 18 173 85 168 85 
137 275 92 226 4 226 
138 9 165 142 230 142 
139 175 182 150 173 23 
140 13 266 40 170 40 
141 56 111 111 241 111 
142 236 98 44 275 56 
143 156 230 19 225 140 
144 233 29 37 197 37 
145 243 114 64 84 64 
146 146 234 20 94 156 
147 268 245 245 38 245 
148 17 21 196 81 196 
149 263 58 58 149 58 
150 208 95 95 194 95 
151 167 7 167 193 167 
152 269 233 171 150 171 
153 256 89 132 96 55 
154 145 51 51 105 51 
155 142 184 49 187 49 
156 134 219 235 251 194 
157 161 152 162 59 162 
158 200 155 57 195 129 
159 157 208 185 21 185 
160 123 30 30 139 30 
161 23 25 145 244 139 
162 24 71 240 208 179 
163 90 62 99 227 99 
164 115 72 50 175 201 
165 216 124 223 110 246 
166 89 26 137 24 137 
167 148 194 159 239 240 
168 193 100 9 54 21 
169 141 149 71 172 22 
170 92 161 256 140 193 
171 219 141 278 10 75 
172 183 202 206 22 278 
173 265 86 35 17 17 
174 217 242 1 238 65 
175 182 101 204 113 39 
176 135 274 274 202 274 
177 65 249 269 266 269 
178 132 73 103 78 2 
179 144 255 45 116 45 
180 240 164 147 190 212 
181 15 163 203 216 203 
182 128 32 72 70 125 
183 63 105 135 264 102 
184 105 81 106 23 258 
185 127 90 34 261 36 
186 210 34 100 259 158 
187 246 35 134 201 34 
188 138 226 209 137 209 
189 221 273 246 95 252 
190 277 38 36 108 244 
191 272 74 101 118 72 
192 214 232 47 9 1 
193 260 91 200 67 200 
194 100 166 55 121 127 
195 195 42 118 77 188 
196 48 36 24 163 254 
197 61 151 116 271 116 
198 266 107 186 28 186 
199 60 37 70 166 70 
200 35 265 25 75 20 
201 12 63 225 198 48 
202 158 48 252 127 132 
203 206 39 125 158 229 
204 55 80 22 86 147 
205 31 47 193 98 138 
206 164 240 179 90 47 
207 81 70 14 232 248 
208 176 270 23 71 105 
209 239 269 213 19 213 
210 209 46 46 101 46 
211 74 224 224 255 224 
212 94 258 236 144 250 
213 166 96 75 134 57 
214 88 261 169 223 261 
215 75 77 77 35 262 
216 122 241 76 80 38 
217 72 75 102 161 175 
218 140 76 11 220 241 
219 201 88 128 40 76 
220 218 262 80 112 73 
221 273 82 181 236 181 
222 27 125 88 11 267 
223 120 171 205 228 205 
224 222 215 54 39 54 
225 22 169 242 155 11 
226 228 134 166 91 166 
227 47 195 66 32 66 
228 229 130 130 99 130 
229 253 139 27 53 159 
230 37 146 65 206 135 
231 244 175 230 68 160 
232 238 143 189 235 221 
233 223 59 136 128 204 
234 267 113 39 248 71 
235 188 93 262 20 236 
236 251 61 188 69 256 
237 230 267 168 257 94 
238 258 277 113 120 277 
239 194 115 10 31 172 
240 154 40 129 26 18 
241 192 158 122 253 122 
242 147 24 248 25 80 
243 97 180 13 174 13 
244 279 209 157 156 157 
245 50 236 17 178 146 
246 49 106 115 160 27 
247 1 216 121 16 121 
248 241 179 156 30 235 
249 215 272 192 74 206 
250 204 79 146 278 217 
251 235 109 267 141 101 
252 85 225 244 263 192 
253 171 8 158 169 14 
254 252 13 187 229 187 
255 14 99 163 148 163 
256 185 200 249 242 249 
257 40 247 247 50 247 
258 30 123 123 87 123 
259 79 177 52 8 52 
260 58 136 89 56 89 
261 150 121 7 58 7 
262 187 110 3 103 3 
263 108 235 219 126 219 
264 69 138 67 45 67 
265 64 217 214 138 214 
266 271 167 216 214 216 
267 103 223 59 85 59 
268 3 12 133 177 133 
269 168 263 233 205 233 
270 196 162 174 200 174 
271 78 16 62 147 62 
272 34 276 276 203 276 
273 149 193 149 276 149 
274 66 117 227 133 227 
275 169 212 222 64 222 
276 177 57 155 262 155 
277 136 153 114 79 114 
278 190 52 82 46 82 
279 179 27 218 279 218 
