***********************************
Experiment parameters:
Experiment results:
Permutations:
I U RANK QCV rand PATH 
1 260 126 279 47 279 
2 165 127 14 186 14 
3 271 107 82 180 82 
4 11 92 73 273 85 
5 214 221 120 176 15 
6 126 21 247 14 247 
7 68 171 15 135 3 
8 39 63 99 167 99 
9 18 98 200 267 153 
10 86 1 228 142 142 
11 166 271 135 234 264 
12 137 79 21 72 21 
13 259 24 23 245 23 
14 103 200 54 57 54 
15 99 3 259 66 56 
16 225 210 183 125 183 
17 97 55 162 207 162 
18 21 248 45 254 45 
19 24 4 234 171 234 
20 178 67 206 104 38 
21 252 139 70 5 70 
22 169 5 48 93 130 
23 231 274 253 65 171 
24 34 9 16 76 16 
25 50 237 147 15 147 
26 207 84 37 52 208 
27 28 96 277 151 277 
28 173 193 244 42 119 
29 278 6 94 185 246 
30 8 182 196 159 196 
31 90 222 222 274 222 
32 104 15 243 265 243 
33 263 48 167 100 84 
34 206 80 229 48 80 
35 161 7 232 217 204 
36 52 137 238 188 120 
37 219 163 78 107 176 
38 228 240 255 13 255 
39 37 208 79 55 167 
40 149 99 173 213 173 
41 241 12 215 199 62 
42 133 243 202 123 202 
43 76 135 140 221 17 
44 223 136 242 191 242 
45 65 246 219 153 219 
46 185 8 278 124 28 
47 38 275 275 183 275 
48 102 106 136 233 136 
49 60 268 60 204 60 
50 95 252 53 215 53 
51 150 265 5 237 5 
52 129 264 95 212 95 
53 71 52 226 37 226 
54 132 172 58 109 76 
55 236 165 178 7 178 
56 42 251 42 249 42 
57 83 204 83 219 83 
58 210 203 101 277 101 
59 175 194 175 43 175 
60 51 164 150 88 150 
61 33 75 131 130 131 
62 79 219 85 252 29 
63 124 214 209 182 209 
64 267 138 249 211 94 
65 35 81 185 268 185 
66 256 18 254 146 254 
67 273 175 102 270 102 
68 153 217 130 114 74 
69 212 255 189 260 189 
70 213 129 213 192 213 
71 82 174 174 132 174 
72 164 226 187 226 187 
73 30 104 220 34 220 
74 159 266 104 129 104 
75 44 262 11 209 11 
76 203 11 26 102 26 
77 12 13 141 184 141 
78 56 225 6 6 260 
79 174 250 137 246 137 
80 107 158 262 33 262 
81 13 30 24 269 24 
82 16 173 240 210 240 
83 170 261 237 115 237 
84 143 227 276 122 41 
85 20 121 225 240 22 
86 200 68 180 143 57 
87 189 60 64 111 64 
88 14 69 230 117 91 
89 264 17 161 152 86 
90 198 26 248 3 248 
91 192 50 50 164 50 
92 53 53 231 63 231 
93 248 120 57 131 257 
94 229 259 182 231 182 
95 251 119 59 44 59 
96 98 168 19 51 19 
97 279 148 113 49 113 
98 249 145 7 189 79 
99 243 147 157 61 157 
100 160 279 72 73 72 
101 41 267 201 62 201 
102 78 124 260 2 124 
103 19 118 1 18 1 
104 146 159 2 106 2 
105 226 122 266 92 266 
106 194 179 9 1 9 
107 184 196 139 36 139 
108 1 257 49 250 49 
109 181 70 36 154 215 
110 59 40 192 29 192 
111 242 23 181 27 181 
112 211 103 212 83 212 
113 196 176 134 258 134 
114 235 177 216 12 216 
115 117 186 152 162 152 
116 186 166 133 181 133 
117 152 143 106 272 106 
118 239 109 154 243 154 
119 262 239 125 256 125 
120 96 113 148 41 148 
121 106 228 236 119 236 
122 3 114 188 179 188 
123 142 45 68 157 10 
124 48 170 32 97 276 
125 46 10 193 60 186 
126 197 16 146 247 146 
127 113 150 164 222 164 
128 87 190 223 145 223 
129 139 236 144 165 144 
130 31 232 123 89 37 
131 119 241 105 136 163 
132 72 22 272 196 272 
133 145 254 224 82 224 
134 240 197 110 224 110 
135 177 128 128 218 128 
136 61 216 177 168 177 
137 254 110 191 4 191 
138 274 34 210 230 210 
139 29 161 265 173 140 
140 237 187 66 170 66 
141 9 218 258 241 218 
142 118 101 203 275 203 
143 227 123 138 225 278 
144 201 112 30 197 30 
145 125 43 197 84 197 
146 168 105 67 94 32 
147 188 46 46 38 46 
148 141 223 98 81 98 
149 261 82 107 149 107 
150 114 156 156 194 156 
151 275 74 51 193 51 
152 5 273 44 150 44 
153 23 85 186 96 265 
154 187 54 97 105 97 
155 63 66 20 187 20 
156 253 207 52 251 52 
157 94 213 129 59 129 
158 17 88 108 195 108 
159 135 183 261 21 261 
160 101 71 71 139 71 
161 258 25 194 244 228 
162 232 83 124 208 180 
163 272 64 118 227 118 
164 111 72 89 175 145 
165 62 100 55 110 92 
166 45 198 208 24 126 
167 163 27 227 239 109 
168 238 28 204 54 12 
169 216 153 76 172 8 
170 15 162 31 140 229 
171 120 142 25 10 170 
172 77 155 151 22 75 
173 36 31 155 17 36 
174 40 89 132 238 48 
175 136 97 179 113 105 
176 221 235 235 202 235 
177 74 117 87 266 87 
178 233 73 233 78 68 
179 91 14 143 116 143 
180 47 32 267 190 200 
181 122 178 214 216 214 
182 110 33 205 70 138 
183 246 272 28 264 73 
184 7 29 111 23 135 
185 265 125 84 261 238 
186 182 247 10 259 193 
187 22 35 172 201 78 
188 266 149 176 137 122 
189 148 36 171 95 166 
190 257 37 170 108 31 
191 220 230 115 118 151 
192 54 102 190 9 179 
193 75 188 114 67 114 
194 269 94 12 121 221 
195 209 41 74 77 233 
196 92 38 17 163 230 
197 66 2 159 271 159 
198 255 77 77 28 77 
199 115 141 122 166 112 
200 116 146 169 75 111 
201 134 151 217 198 232 
202 89 115 268 127 33 
203 123 180 3 158 267 
204 26 86 56 86 241 
205 157 47 257 98 190 
206 58 244 62 90 259 
207 121 220 218 232 169 
208 208 49 221 71 132 
209 195 87 252 19 252 
210 108 39 39 101 39 
211 144 160 160 255 160 
212 247 91 264 144 55 
213 176 269 142 134 217 
214 73 215 245 223 89 
215 183 184 184 35 4 
216 100 205 153 80 61 
217 224 234 92 161 225 
218 84 76 27 220 258 
219 180 245 91 40 6 
220 215 249 119 112 268 
221 49 199 195 236 195 
222 179 56 86 11 244 
223 202 185 81 228 81 
224 55 19 168 39 168 
225 250 57 4 155 25 
226 234 134 100 91 100 
227 85 224 127 32 127 
228 80 90 90 99 90 
229 172 132 112 53 27 
230 245 140 33 206 253 
231 105 270 145 68 123 
232 43 58 163 235 227 
233 6 59 109 128 184 
234 244 258 29 248 245 
235 32 95 80 20 161 
236 171 238 270 69 270 
237 217 61 41 257 67 
238 276 62 35 120 172 
239 10 111 126 31 205 
240 57 152 166 26 206 
241 205 144 198 253 198 
242 162 130 246 25 7 
243 128 157 34 174 34 
244 131 169 149 156 149 
245 112 278 96 178 96 
246 230 260 61 160 35 
247 218 116 93 16 93 
248 270 276 38 30 249 
249 109 233 241 74 58 
250 158 78 103 278 103 
251 70 154 8 141 115 
252 147 206 121 263 121 
253 81 131 75 169 194 
254 25 42 251 229 251 
255 2 191 13 148 13 
256 277 231 117 242 117 
257 154 256 256 50 256 
258 64 263 263 87 263 
259 130 192 40 8 40 
260 155 65 22 56 155 
261 138 93 116 58 116 
262 190 253 274 103 274 
263 268 20 207 126 207 
264 93 133 271 45 271 
265 193 212 69 138 69 
266 127 51 18 214 18 
267 67 201 65 85 65 
268 156 181 211 177 211 
269 27 44 273 205 273 
270 151 189 63 200 63 
271 69 229 250 147 250 
272 167 277 269 203 269 
273 4 167 47 276 47 
274 204 209 165 133 165 
275 222 202 239 64 239 
276 88 108 88 262 88 
277 191 211 43 79 43 
278 199 195 199 46 199 
279 140 242 158 279 158 
