***********************************
Experiment parameters:
Experiment results:
Permutations:
I U RANK QCV rand PATH 
1 264 129 168 47 268 
2 225 135 279 186 279 
3 69 34 3 180 3 
4 220 97 132 273 132 
5 147 200 143 176 143 
6 212 23 235 14 235 
7 270 146 156 135 47 
8 91 141 56 167 56 
9 92 122 255 267 255 
10 66 171 169 142 269 
11 59 2 83 234 113 
12 138 22 259 72 259 
13 18 92 20 245 20 
14 16 229 108 57 108 
15 28 259 192 66 192 
16 174 111 6 125 6 
17 214 249 240 207 240 
18 159 209 252 254 252 
19 44 4 126 171 126 
20 265 68 66 104 66 
21 9 151 162 5 162 
22 67 24 254 93 254 
23 5 48 4 65 175 
24 216 243 15 76 15 
25 200 89 277 15 277 
26 2 226 49 52 83 
27 198 101 69 151 69 
28 131 8 109 42 109 
29 61 148 76 185 57 
30 195 196 65 159 65 
31 8 159 104 274 104 
32 83 201 55 265 55 
33 199 227 245 100 182 
34 266 86 172 48 156 
35 38 152 39 217 176 
36 43 262 248 188 248 
37 111 172 260 107 243 
38 27 239 124 13 124 
39 234 119 273 55 25 
40 57 124 178 213 178 
41 4 12 268 199 270 
42 45 254 247 123 247 
43 35 55 25 221 169 
44 130 94 120 191 120 
45 204 257 2 153 2 
46 7 74 164 124 78 
47 196 180 145 183 145 
48 137 70 94 233 94 
49 161 47 157 204 157 
50 187 77 242 215 242 
51 72 165 129 237 129 
52 242 221 193 212 193 
53 116 207 251 37 251 
54 106 271 226 109 36 
55 101 14 64 7 64 
56 94 96 137 249 137 
57 50 240 136 219 223 
58 211 13 127 277 127 
59 249 169 54 43 54 
60 87 228 238 88 238 
61 136 203 7 130 7 
62 246 220 72 252 101 
63 118 66 232 182 232 
64 226 134 107 211 195 
65 219 103 183 268 183 
66 155 279 139 146 139 
67 10 198 32 270 32 
68 251 167 161 114 119 
69 250 278 133 260 133 
70 228 56 141 192 141 
71 11 104 159 132 159 
72 146 251 135 226 135 
73 19 142 117 34 117 
74 193 17 142 129 142 
75 156 33 48 209 48 
76 3 102 70 102 70 
77 271 64 59 184 59 
78 186 173 44 6 179 
79 37 255 151 246 151 
80 109 131 33 33 33 
81 51 6 96 269 96 
82 148 87 239 210 239 
83 160 188 37 115 37 
84 26 90 78 122 216 
85 258 185 213 240 201 
86 135 69 176 143 107 
87 272 265 237 111 237 
88 194 223 27 117 27 
89 31 18 9 152 79 
90 132 120 184 3 184 
91 114 11 191 164 191 
92 17 242 275 63 275 
93 245 115 19 131 19 
94 56 42 170 231 170 
95 178 49 40 44 136 
96 177 46 87 51 87 
97 84 84 41 49 41 
98 58 176 262 189 186 
99 235 117 267 61 267 
100 13 61 234 73 234 
101 49 113 211 62 211 
102 68 107 266 2 194 
103 243 128 166 18 229 
104 241 191 199 106 199 
105 95 272 17 92 17 
106 78 231 154 1 154 
107 21 216 149 36 149 
108 105 15 271 250 271 
109 143 71 229 154 147 
110 210 214 174 29 174 
111 230 241 43 27 43 
112 122 99 63 83 63 
113 64 195 10 258 10 
114 162 52 219 12 219 
115 149 218 75 162 75 
116 133 126 222 181 222 
117 183 184 163 272 163 
118 128 274 8 243 8 
119 247 19 249 256 249 
120 47 41 105 41 105 
121 110 250 86 119 118 
122 15 275 253 179 253 
123 275 60 130 157 130 
124 82 79 57 97 206 
125 205 130 257 60 82 
126 259 192 221 247 221 
127 54 238 228 222 228 
128 236 193 217 145 217 
129 252 217 110 165 110 
130 262 179 119 89 233 
131 14 182 53 136 168 
132 240 138 150 196 150 
133 223 85 84 82 84 
134 248 88 210 224 210 
135 112 38 38 218 38 
136 55 219 52 168 52 
137 33 37 276 4 276 
138 276 205 21 230 21 
139 176 190 223 173 213 
140 90 9 121 170 121 
141 170 40 115 241 76 
142 142 127 13 275 13 
143 167 186 148 225 74 
144 163 20 67 197 67 
145 139 189 112 84 112 
146 70 194 90 94 60 
147 279 155 155 38 155 
148 229 261 122 81 122 
149 232 3 34 149 34 
150 129 1 1 194 1 
151 100 75 114 193 114 
152 202 224 236 150 236 
153 81 245 231 96 81 
154 63 232 190 105 190 
155 237 121 207 187 207 
156 99 80 246 251 246 
157 96 178 202 59 202 
158 25 123 177 195 177 
159 145 43 188 21 188 
160 254 204 204 139 204 
161 127 26 47 244 244 
162 151 72 179 208 258 
163 255 65 128 227 128 
164 157 73 269 175 97 
165 158 161 256 110 256 
166 102 27 23 24 265 
167 261 157 244 239 23 
168 231 29 60 54 95 
169 88 143 263 172 4 
170 165 168 220 140 115 
171 98 109 116 10 161 
172 77 116 42 22 42 
173 71 100 274 17 116 
174 113 247 26 238 26 
175 97 256 265 113 164 
176 121 93 93 202 93 
177 60 30 28 266 28 
178 257 237 196 78 212 
179 115 252 209 116 209 
180 74 32 261 190 49 
181 108 106 89 216 89 
182 185 25 58 70 50 
183 213 164 97 264 12 
184 86 82 22 23 263 
185 256 149 24 261 185 
186 164 35 198 259 274 
187 20 36 81 201 208 
188 36 59 45 137 45 
189 171 154 74 95 73 
190 119 150 68 108 98 
191 41 108 243 118 231 
192 227 39 62 9 197 
193 124 253 51 67 51 
194 244 235 61 121 245 
195 267 63 197 77 261 
196 22 206 125 163 22 
197 180 199 11 271 11 
198 208 145 180 28 180 
199 217 67 111 166 111 
200 215 156 118 75 198 
201 40 158 12 198 35 
202 32 160 98 127 172 
203 179 44 195 158 134 
204 173 233 73 86 24 
205 29 222 216 98 99 
206 79 263 194 90 40 
207 120 137 92 232 92 
208 224 50 173 71 61 
209 1 28 77 19 77 
210 190 230 230 101 230 
211 192 181 181 255 181 
212 169 78 95 144 68 
213 42 98 175 134 260 
214 125 76 82 223 264 
215 260 264 167 35 266 
216 52 54 35 80 125 
217 24 248 99 161 257 
218 152 81 185 220 44 
219 268 266 50 40 9 
220 263 125 152 112 200 
221 166 174 214 236 214 
222 253 57 147 11 196 
223 239 236 224 228 224 
224 80 202 46 39 46 
225 12 58 29 155 62 
226 175 225 215 91 215 
227 189 153 85 32 85 
228 39 140 140 99 140 
229 30 132 212 53 29 
230 76 211 208 206 86 
231 134 83 264 68 90 
232 107 162 186 235 152 
233 274 234 258 128 167 
234 273 268 79 248 273 
235 73 95 113 20 220 
236 207 62 71 69 72 
237 206 269 233 257 53 
238 233 147 134 120 58 
239 153 10 100 31 171 
240 117 105 270 26 173 
241 182 166 201 253 71 
242 34 136 200 25 148 
243 278 21 205 174 205 
244 6 45 241 156 241 
245 93 260 146 178 146 
246 184 270 206 160 166 
247 150 91 218 16 218 
248 48 273 182 30 39 
249 277 16 101 74 262 
250 269 244 138 278 138 
251 62 110 171 141 100 
252 65 197 225 263 225 
253 144 139 91 169 91 
254 23 267 272 229 272 
255 181 276 106 148 106 
256 188 51 30 242 30 
257 168 5 5 50 5 
258 191 144 144 87 144 
259 218 187 31 8 31 
260 141 118 250 56 250 
261 46 114 203 58 203 
262 75 163 131 103 131 
263 103 246 80 126 80 
264 89 208 227 45 227 
265 222 215 16 138 16 
266 203 7 153 214 153 
267 201 213 158 85 158 
268 154 210 88 177 88 
269 104 183 103 205 103 
270 238 133 278 200 278 
271 221 258 165 147 165 
272 197 170 36 203 226 
273 126 212 160 276 160 
274 209 277 14 133 14 
275 53 53 18 64 18 
276 123 177 123 262 123 
277 140 112 189 79 189 
278 172 31 187 46 187 
279 85 175 102 279 102 
