***********************************
Experiment parameters:
Experiment results:
Permutations:
I U RANK QCV rand PATH 
1 183 56 1 47 72 
2 233 199 2 186 238 
3 14 259 3 180 224 
4 239 175 4 273 48 
5 264 198 5 176 171 
6 42 12 6 14 66 
7 78 21 7 135 211 
8 186 50 8 167 226 
9 185 99 9 267 180 
10 6 231 10 142 260 
11 197 2 11 234 223 
12 171 19 12 72 136 
13 1 154 13 245 242 
14 222 216 14 57 6 
15 274 192 15 66 198 
16 107 233 16 125 227 
17 3 195 17 207 31 
18 158 251 18 254 131 
19 88 6 19 171 254 
20 86 254 20 104 209 
21 8 141 21 5 35 
22 247 102 22 93 274 
23 74 67 23 65 230 
24 180 148 24 76 244 
25 23 208 25 15 261 
26 77 87 26 52 49 
27 70 97 27 151 19 
28 243 150 28 42 146 
29 127 3 29 185 257 
30 27 180 30 159 231 
31 50 224 31 274 259 
32 134 123 32 265 192 
33 114 173 33 100 61 
34 206 152 34 48 95 
35 67 4 35 217 205 
36 49 138 36 188 158 
37 211 82 37 107 163 
38 137 27 38 13 217 
39 131 146 39 55 264 
40 275 119 40 213 149 
41 153 103 41 199 128 
42 270 63 42 123 64 
43 98 135 43 221 113 
44 72 212 44 191 115 
45 230 241 45 153 246 
46 61 113 46 124 57 
47 73 181 47 183 94 
48 100 115 48 233 47 
49 79 244 49 204 93 
50 168 14 50 215 197 
51 48 16 51 237 76 
52 273 260 52 212 110 
53 44 1 53 37 36 
54 194 158 54 109 84 
55 94 215 55 7 228 
56 47 229 56 249 100 
57 176 203 57 219 83 
58 241 11 58 277 263 
59 112 164 59 43 112 
60 108 53 60 88 162 
61 225 206 61 130 272 
62 252 220 62 252 142 
63 43 64 63 182 175 
64 32 139 64 211 275 
65 175 271 65 268 249 
66 28 273 66 146 80 
67 64 187 67 270 79 
68 7 73 68 114 30 
69 118 217 69 260 132 
70 124 5 70 192 50 
71 179 10 71 132 10 
72 142 109 72 226 43 
73 89 270 73 34 81 
74 96 81 74 129 270 
75 125 179 75 209 212 
76 80 47 76 102 179 
77 103 228 77 184 237 
78 169 142 78 6 218 
79 164 267 79 246 191 
80 200 239 80 33 130 
81 271 96 81 269 229 
82 204 149 82 210 119 
83 219 166 83 115 243 
84 56 165 84 122 29 
85 66 107 85 240 278 
86 115 172 86 143 139 
87 208 246 87 111 13 
88 155 69 88 117 165 
89 184 230 89 152 188 
90 232 131 90 3 251 
91 122 39 91 164 74 
92 154 197 92 63 213 
93 5 112 93 131 44 
94 226 23 94 231 200 
95 178 117 95 44 63 
96 228 185 96 51 27 
97 135 52 97 49 240 
98 55 170 98 189 2 
99 181 261 99 61 269 
100 195 24 100 73 276 
101 217 15 101 62 143 
102 136 183 102 2 62 
103 163 126 103 18 183 
104 196 45 104 106 252 
105 260 121 105 92 8 
106 62 236 106 1 248 
107 198 182 107 36 203 
108 20 279 108 250 103 
109 242 70 109 154 170 
110 21 122 110 29 161 
111 26 242 111 27 9 
112 132 90 112 83 102 
113 143 191 113 258 21 
114 245 277 114 12 184 
115 150 40 115 162 140 
116 259 169 116 181 24 
117 105 91 117 272 106 
118 268 116 118 243 114 
119 106 225 119 256 172 
120 75 43 120 41 52 
121 166 234 121 119 26 
122 193 213 122 179 125 
123 41 238 123 157 199 
124 93 93 124 97 178 
125 149 80 125 60 32 
126 54 189 126 247 65 
127 269 162 127 222 53 
128 258 128 128 145 59 
129 111 274 129 165 225 
130 177 188 130 89 134 
131 30 22 131 136 60 
132 84 211 132 196 195 
133 92 240 133 82 174 
134 15 133 134 224 121 
135 97 151 135 218 151 
136 192 184 136 168 277 
137 224 20 137 4 268 
138 63 111 138 230 92 
139 138 176 139 173 160 
140 24 275 140 170 109 
141 227 147 141 241 147 
142 231 7 142 275 11 
143 35 190 143 225 86 
144 272 193 144 197 253 
145 203 202 145 84 133 
146 190 201 146 94 71 
147 238 196 147 38 196 
148 58 18 148 81 189 
149 156 124 149 149 137 
150 250 252 150 194 45 
151 152 140 151 193 219 
152 59 68 152 150 250 
153 234 88 153 96 279 
154 202 264 154 105 266 
155 60 36 155 187 1 
156 120 248 156 251 120 
157 45 108 157 59 5 
158 29 204 158 195 58 
159 249 243 159 21 193 
160 277 186 160 139 186 
161 128 25 161 244 34 
162 69 71 162 208 3 
163 104 65 163 227 28 
164 236 72 164 175 25 
165 267 101 165 110 56 
166 188 26 166 24 234 
167 256 167 167 239 216 
168 147 28 168 54 255 
169 161 163 169 172 265 
170 52 62 170 140 23 
171 18 29 171 10 101 
172 223 114 172 22 138 
173 10 31 173 17 267 
174 87 266 174 238 97 
175 57 98 175 113 187 
176 172 118 176 202 118 
177 117 214 177 266 194 
178 167 207 178 78 116 
179 95 130 179 116 67 
180 165 33 180 190 54 
181 40 237 181 216 157 
182 174 34 182 70 46 
183 160 86 183 264 69 
184 91 30 184 23 98 
185 116 89 185 261 173 
186 130 35 186 259 159 
187 148 232 187 201 38 
188 213 8 188 137 208 
189 191 37 189 95 51 
190 220 38 190 108 258 
191 33 75 191 118 141 
192 248 143 192 9 126 
193 261 125 193 67 14 
194 246 276 194 121 236 
195 229 41 195 77 207 
196 123 32 196 163 104 
197 235 74 197 271 39 
198 278 94 198 28 181 
199 37 253 199 166 96 
200 81 42 200 75 87 
201 53 278 201 198 177 
202 113 44 202 127 152 
203 99 83 203 158 156 
204 85 85 204 86 15 
205 214 223 205 98 16 
206 254 210 206 90 41 
207 240 92 207 232 233 
208 263 49 208 71 4 
209 151 194 209 19 155 
210 9 263 210 101 7 
211 121 235 211 255 235 
212 146 84 212 144 164 
213 205 95 213 134 123 
214 139 51 214 223 88 
215 16 110 215 35 167 
216 207 145 216 80 73 
217 141 76 217 161 99 
218 119 77 218 220 262 
219 265 245 219 40 176 
220 257 136 220 112 37 
221 102 17 221 236 17 
222 279 247 222 11 22 
223 253 250 223 228 68 
224 39 226 224 39 185 
225 38 104 225 155 85 
226 189 129 226 91 145 
227 90 222 227 32 55 
228 22 256 228 99 256 
229 187 134 229 53 129 
230 25 144 230 206 148 
231 51 78 231 68 190 
232 244 59 232 235 201 
233 251 60 233 128 210 
234 110 57 234 248 245 
235 12 54 235 20 127 
236 76 61 236 69 77 
237 83 257 237 257 182 
238 170 258 238 120 117 
239 101 171 239 31 12 
240 216 255 240 26 42 
241 173 159 241 253 78 
242 212 160 242 25 135 
243 201 100 243 174 154 
244 162 227 244 156 166 
245 71 13 245 178 150 
246 19 262 246 160 247 
247 126 174 247 16 40 
248 82 265 248 30 75 
249 144 66 249 74 70 
250 262 79 250 278 221 
251 34 178 251 141 107 
252 218 209 252 263 232 
253 255 272 253 169 273 
254 129 269 254 229 111 
255 266 268 255 148 20 
256 68 155 256 242 214 
257 13 168 257 50 168 
258 109 137 258 87 124 
259 17 161 259 8 153 
260 4 127 260 56 82 
261 145 219 261 58 206 
262 2 106 262 103 91 
263 221 120 263 126 33 
264 199 177 264 45 90 
265 215 221 265 138 220 
266 237 55 266 214 222 
267 159 218 267 85 18 
268 140 9 268 177 105 
269 133 249 269 205 271 
270 31 132 270 200 108 
271 209 48 271 147 89 
272 182 156 272 203 169 
273 157 200 273 276 241 
274 65 157 274 133 215 
275 36 205 275 64 144 
276 11 58 276 262 204 
277 276 105 277 79 202 
278 46 153 278 46 122 
279 210 46 279 279 239 
