***********************************
Experiment parameters:
Experiment results:
Permutations:
I U RANK QCV rand PATH 
1 260 250 260 47 21 
2 247 73 21 186 5 
3 38 162 38 180 40 
4 162 215 22 273 104 
5 173 180 173 176 173 
6 111 247 253 14 217 
7 256 242 256 135 256 
8 154 172 154 167 154 
9 257 198 257 267 257 
10 20 1 102 142 102 
11 13 3 13 234 13 
12 66 23 66 72 66 
13 11 98 11 245 11 
14 231 264 231 57 231 
15 60 24 109 66 60 
16 25 15 25 125 25 
17 36 66 36 207 36 
18 21 277 238 254 53 
19 51 152 51 171 51 
20 41 158 277 104 73 
21 201 178 201 5 201 
22 53 270 158 93 79 
23 97 194 97 65 97 
24 150 273 150 76 150 
25 133 156 133 15 133 
26 81 205 81 52 81 
27 228 182 228 151 228 
28 109 38 60 42 109 
29 248 102 248 185 248 
30 98 26 98 159 98 
31 174 174 174 274 174 
32 63 27 63 265 63 
33 8 204 8 100 8 
34 148 233 233 48 84 
35 131 124 131 217 131 
36 169 244 169 188 169 
37 157 139 157 107 157 
38 198 128 198 13 198 
39 271 54 271 55 271 
40 190 190 190 213 190 
41 230 230 230 199 230 
42 276 55 276 123 276 
43 200 13 200 221 200 
44 40 50 40 191 38 
45 80 118 80 153 80 
46 9 234 9 124 9 
47 177 279 177 183 177 
48 263 263 263 233 263 
49 73 103 41 204 101 
50 195 12 195 215 195 
51 43 267 43 237 43 
52 86 201 86 212 86 
53 144 212 144 37 144 
54 117 48 117 109 117 
55 221 221 221 7 221 
56 213 213 213 249 213 
57 84 238 35 219 103 
58 120 117 120 277 120 
59 170 157 170 43 170 
60 151 64 151 88 151 
61 34 229 34 130 34 
62 6 251 6 252 6 
63 30 243 30 182 30 
64 52 248 52 211 52 
65 114 208 114 268 114 
66 132 31 132 146 132 
67 274 274 274 270 274 
68 184 70 184 114 184 
69 22 110 247 260 110 
70 16 148 16 192 16 
71 164 62 164 132 164 
72 265 6 265 226 265 
73 61 33 61 34 61 
74 258 164 258 129 258 
75 242 10 242 209 242 
76 45 219 45 102 45 
77 194 19 194 184 194 
78 44 173 44 6 44 
79 28 37 28 246 28 
80 76 189 76 33 76 
81 85 217 85 269 85 
82 128 191 53 210 111 
83 65 132 65 115 65 
84 75 150 75 122 75 
85 185 97 185 240 185 
86 254 127 254 143 254 
87 24 34 24 111 24 
88 64 39 64 117 64 
89 152 58 152 152 152 
90 219 95 219 3 219 
91 208 114 208 164 208 
92 140 59 140 63 140 
93 12 85 12 131 12 
94 168 71 168 231 168 
95 227 235 227 44 227 
96 18 119 18 51 18 
97 90 90 90 49 90 
98 58 104 58 189 58 
99 102 35 79 61 158 
100 72 237 72 73 72 
101 267 153 267 62 267 
102 124 125 33 2 33 
103 50 218 50 18 50 
104 236 122 236 106 236 
105 35 41 101 92 160 
106 100 100 100 1 100 
107 87 87 87 36 87 
108 79 53 84 250 166 
109 193 224 193 154 193 
110 192 254 192 29 192 
111 262 46 262 27 262 
112 14 192 14 83 14 
113 105 241 105 258 105 
114 5 120 5 12 22 
115 181 42 181 162 181 
116 206 167 206 181 206 
117 141 141 141 272 141 
118 7 165 7 243 7 
119 3 211 3 256 3 
120 273 72 273 41 273 
121 46 47 46 119 46 
122 217 92 217 179 35 
123 91 256 91 157 91 
124 119 18 119 97 108 
125 29 155 29 60 29 
126 207 115 207 247 207 
127 115 137 115 222 115 
128 68 136 68 145 68 
129 88 75 88 165 88 
130 33 130 124 89 124 
131 108 265 108 136 119 
132 180 45 180 196 180 
133 171 184 171 82 171 
134 2 52 2 224 2 
135 110 79 73 218 191 
136 118 60 118 168 118 
137 205 170 205 4 205 
138 214 2 214 230 214 
139 163 163 163 173 163 
140 93 209 93 170 93 
141 235 227 235 241 235 
142 56 56 56 275 56 
143 19 99 19 225 19 
144 188 7 188 197 188 
145 202 51 202 84 202 
146 240 88 240 94 240 
147 203 261 203 38 203 
148 255 255 255 81 255 
149 134 40 134 149 134 
150 264 16 264 194 264 
151 269 236 269 193 269 
152 130 61 130 150 130 
153 225 105 225 96 225 
154 239 239 239 105 239 
155 246 246 246 187 246 
156 116 220 116 251 116 
157 199 32 199 59 199 
158 252 252 252 195 252 
159 212 20 212 21 212 
160 245 36 245 139 245 
161 113 8 113 244 113 
162 222 161 222 208 222 
163 272 272 272 227 272 
164 94 94 94 175 94 
165 42 225 42 110 42 
166 216 5 216 24 216 
167 145 145 145 239 145 
168 266 4 266 54 266 
169 126 126 126 172 126 
170 57 222 57 140 57 
171 172 193 172 10 172 
172 244 186 244 22 244 
173 159 168 159 17 159 
174 78 69 78 238 78 
175 127 259 127 113 127 
176 158 101 249 202 215 
177 178 160 110 266 233 
178 147 275 147 78 147 
179 234 77 234 116 234 
180 137 49 137 190 137 
181 69 199 69 216 69 
182 237 113 237 70 237 
183 211 123 211 264 211 
184 204 140 204 23 204 
185 153 106 153 261 153 
186 139 81 139 259 139 
187 70 74 70 201 70 
188 135 271 135 137 135 
189 275 96 275 95 275 
190 125 131 125 108 125 
191 175 276 175 118 175 
192 122 29 122 9 122 
193 197 154 197 67 197 
194 49 68 49 121 49 
195 54 210 54 77 54 
196 26 133 26 163 26 
197 182 231 182 271 182 
198 229 179 229 28 229 
199 210 135 210 166 210 
200 196 43 196 75 196 
201 27 146 27 198 27 
202 129 112 129 127 129 
203 226 147 226 158 226 
204 107 171 224 86 224 
205 96 107 96 98 96 
206 62 214 62 90 62 
207 31 11 31 232 31 
208 176 181 176 71 176 
209 138 169 138 19 138 
210 4 266 4 101 55 
211 55 91 104 255 4 
212 112 76 112 144 112 
213 209 93 209 134 209 
214 220 116 220 223 220 
215 146 138 146 35 146 
216 37 228 37 80 37 
217 149 149 149 161 149 
218 187 187 187 220 187 
219 83 278 107 40 107 
220 48 195 48 112 48 
221 59 188 59 236 59 
222 278 226 278 11 278 
223 123 200 123 228 123 
224 218 268 218 39 218 
225 155 17 155 155 155 
226 233 260 111 91 238 
227 238 253 270 32 247 
228 167 44 167 99 167 
229 161 159 161 53 161 
230 165 207 165 206 165 
231 17 57 17 68 17 
232 251 80 251 235 251 
233 241 269 241 128 241 
234 160 262 20 248 20 
235 74 142 74 20 74 
236 224 63 83 69 83 
237 253 28 178 257 178 
238 103 67 128 120 128 
239 250 21 250 31 249 
240 189 129 189 26 189 
241 1 258 1 253 1 
242 277 22 103 25 250 
243 121 223 121 174 121 
244 92 89 92 156 92 
245 259 175 259 178 259 
246 101 84 160 160 253 
247 261 203 261 16 261 
248 47 245 47 30 47 
249 39 197 39 74 39 
250 142 14 142 278 142 
251 215 257 148 141 148 
252 179 134 179 263 179 
253 71 176 71 169 71 
254 99 185 99 229 99 
255 82 82 82 148 82 
256 32 78 32 242 32 
257 23 30 23 50 23 
258 136 240 136 87 136 
259 77 9 77 8 77 
260 166 166 166 56 260 
261 186 177 186 58 186 
262 143 143 143 103 143 
263 183 183 183 126 183 
264 268 108 268 45 268 
265 106 196 106 138 106 
266 243 86 243 214 243 
267 270 249 191 85 270 
268 223 121 223 177 223 
269 15 25 15 205 15 
270 89 216 89 200 89 
271 67 144 67 147 67 
272 191 109 162 203 162 
273 249 111 215 276 277 
274 95 65 95 133 95 
275 232 202 232 64 232 
276 104 151 55 262 41 
277 10 232 10 79 10 
278 279 206 279 46 279 
279 156 83 156 279 156 
