***********************************
Experiment parameters:
Experiment results:
Permutations:
I U RANK QCV rand PATH 
1 215 229 205 47 169 
2 24 126 271 186 58 
3 49 62 38 180 38 
4 44 275 250 273 205 
5 150 16 268 176 134 
6 47 264 99 14 9 
7 123 160 134 135 46 
8 166 81 61 167 61 
9 104 97 44 267 49 
10 222 1 157 142 227 
11 97 3 165 234 113 
12 141 79 51 72 268 
13 173 35 91 245 271 
14 110 195 152 57 152 
15 11 51 154 66 154 
16 218 230 265 125 265 
17 40 189 26 207 26 
18 31 214 17 254 272 
19 254 5 142 171 74 
20 217 231 136 104 57 
21 81 142 40 5 40 
22 76 6 113 93 95 
23 172 69 46 65 55 
24 270 7 30 76 30 
25 74 267 88 15 88 
26 269 83 24 52 99 
27 264 117 22 151 22 
28 241 239 52 42 184 
29 171 2 2 185 111 
30 29 274 275 159 275 
31 178 162 56 274 56 
32 96 185 256 265 256 
33 250 184 272 100 128 
34 65 157 202 48 217 
35 71 9 60 217 16 
36 51 136 257 188 250 
37 112 166 186 107 28 
38 190 181 244 13 244 
39 72 10 111 55 210 
40 54 61 181 213 181 
41 201 163 228 199 110 
42 64 268 73 123 73 
43 159 129 278 221 157 
44 121 193 90 191 90 
45 41 179 222 153 222 
46 32 170 74 124 87 
47 263 191 276 183 276 
48 208 242 214 233 214 
49 160 253 259 204 3 
50 260 213 248 215 248 
51 88 139 236 237 236 
52 16 218 189 212 189 
53 83 70 245 37 245 
54 126 99 10 109 119 
55 9 123 242 7 91 
56 19 137 19 249 19 
57 87 199 43 219 278 
58 91 77 238 277 238 
59 78 177 1 43 1 
60 199 148 183 88 183 
61 137 207 176 130 176 
62 272 198 171 252 101 
63 37 50 121 182 121 
64 69 87 215 211 66 
65 216 158 116 268 116 
66 181 128 8 146 8 
67 108 169 106 270 106 
68 227 215 277 114 36 
69 253 150 129 260 11 
70 176 96 146 192 146 
71 70 56 162 132 162 
72 251 245 200 226 200 
73 129 196 65 34 65 
74 10 65 196 129 196 
75 202 46 193 209 193 
76 28 240 130 102 130 
77 105 91 251 184 251 
78 240 217 144 6 156 
79 257 249 11 246 129 
80 1 75 209 33 209 
81 258 19 180 269 180 
82 194 244 273 210 273 
83 156 80 31 115 31 
84 153 228 66 122 247 
85 158 105 234 240 149 
86 219 106 59 143 32 
87 77 24 269 111 269 
88 38 205 184 117 231 
89 106 18 170 152 255 
90 84 209 69 3 69 
91 163 232 100 164 100 
92 197 248 168 63 168 
93 204 115 5 131 257 
94 278 254 102 231 102 
95 66 227 192 44 192 
96 275 273 270 51 270 
97 247 103 108 49 108 
98 205 17 47 189 173 
99 67 131 252 61 252 
100 61 263 239 73 239 
101 206 104 34 62 34 
102 139 95 177 2 175 
103 246 119 247 18 165 
104 25 100 212 106 212 
105 120 279 64 92 64 
106 107 211 89 1 89 
107 169 190 85 36 85 
108 183 208 117 250 117 
109 145 260 243 154 42 
110 114 201 203 29 203 
111 56 63 25 27 25 
112 119 86 249 83 249 
113 196 165 18 258 18 
114 118 147 231 12 216 
115 17 220 3 162 234 
116 85 124 114 181 114 
117 161 109 161 272 161 
118 200 114 163 243 86 
119 89 257 208 256 208 
120 73 37 155 41 155 
121 198 256 86 119 163 
122 125 246 233 179 233 
123 168 125 118 157 118 
124 98 20 9 97 266 
125 133 118 15 60 223 
126 48 171 166 247 166 
127 265 183 148 222 148 
128 128 120 194 145 194 
129 27 247 143 165 143 
130 4 188 95 89 24 
131 277 237 98 136 39 
132 23 15 254 196 254 
133 15 8 21 82 21 
134 90 235 279 224 279 
135 238 197 197 218 197 
136 35 216 147 168 147 
137 209 31 35 4 35 
138 180 76 230 230 230 
139 243 175 83 173 50 
140 273 33 103 170 103 
141 3 68 227 241 68 
142 192 238 77 275 77 
143 14 210 87 225 177 
144 187 4 187 197 187 
145 235 71 235 84 235 
146 170 243 14 94 215 
147 143 133 133 38 133 
148 249 269 105 81 105 
149 268 38 62 149 62 
150 34 94 206 194 206 
151 203 234 220 193 220 
152 189 206 94 150 94 
153 55 266 41 96 43 
154 36 14 124 105 124 
155 164 155 70 187 70 
156 279 23 37 251 37 
157 267 146 96 59 96 
158 239 72 72 195 72 
159 193 252 63 21 63 
160 100 172 172 139 172 
161 6 134 190 244 83 
162 225 151 211 208 144 
163 13 145 253 227 253 
164 214 101 229 175 211 
165 8 98 216 110 195 
166 237 26 255 24 199 
167 242 28 140 239 153 
168 184 29 151 54 159 
169 140 186 223 172 151 
170 266 236 7 140 186 
171 50 30 274 10 79 
172 223 111 266 22 7 
173 52 143 29 17 2 
174 186 159 28 238 262 
175 39 173 237 113 107 
176 234 219 219 202 219 
177 179 276 191 266 191 
178 7 73 50 78 261 
179 33 130 75 116 75 
180 20 32 261 190 60 
181 101 121 145 216 145 
182 211 222 179 70 228 
183 122 92 262 264 277 
184 59 27 55 23 10 
185 58 85 6 261 259 
186 195 34 79 259 274 
187 5 149 68 201 29 
188 226 251 267 137 267 
189 53 258 264 95 171 
190 146 140 164 108 164 
191 79 74 218 118 59 
192 261 39 174 9 138 
193 236 233 213 67 213 
194 2 40 169 121 6 
195 274 41 78 77 242 
196 151 36 153 163 33 
197 155 212 232 271 232 
198 152 167 167 28 167 
199 103 180 67 166 67 
200 138 42 138 75 179 
201 68 43 185 198 93 
202 262 44 149 127 78 
203 95 93 173 158 174 
204 188 153 54 86 27 
205 82 48 156 98 44 
206 220 47 20 90 202 
207 132 67 4 232 4 
208 131 49 175 71 14 
209 93 127 246 19 246 
210 46 13 13 101 13 
211 248 182 182 255 182 
212 177 255 221 144 142 
213 18 202 159 134 125 
214 162 272 48 223 237 
215 102 52 210 35 243 
216 229 53 199 80 54 
217 148 225 125 161 41 
218 134 141 195 220 120 
219 210 54 198 40 20 
220 60 55 42 112 140 
221 22 241 135 236 135 
222 233 110 107 11 185 
223 21 271 131 228 131 
224 135 270 150 39 150 
225 259 57 58 155 52 
226 167 156 53 91 53 
227 207 21 84 32 84 
228 42 82 82 99 82 
229 127 204 160 53 198 
230 224 138 49 206 17 
231 142 102 39 68 170 
232 175 58 16 235 188 
233 221 164 115 128 160 
234 75 59 27 248 15 
235 144 89 119 20 51 
236 117 122 93 69 98 
237 12 60 110 257 48 
238 228 107 57 120 97 
239 92 261 120 31 264 
240 115 12 141 26 221 
241 185 152 217 253 136 
242 30 221 97 25 47 
243 80 64 76 174 76 
244 157 265 80 156 80 
245 111 277 263 178 263 
246 231 113 32 160 190 
247 45 224 126 16 126 
248 99 144 36 30 115 
249 191 66 188 74 229 
250 255 78 128 278 5 
251 26 262 101 141 218 
252 57 194 33 263 141 
253 232 108 12 169 12 
254 230 187 137 229 137 
255 276 112 112 148 112 
256 245 168 127 242 127 
257 86 178 178 50 178 
258 212 132 132 87 132 
259 94 135 201 8 201 
260 174 250 260 56 260 
261 62 176 224 58 224 
262 109 161 109 103 109 
263 147 200 23 126 23 
264 113 259 258 45 258 
265 154 174 92 138 92 
266 136 84 207 214 207 
267 149 192 225 85 225 
268 271 25 226 177 226 
269 213 116 158 205 158 
270 244 11 81 200 81 
271 124 278 204 147 204 
272 130 154 122 203 122 
273 165 22 139 276 139 
274 252 88 123 133 123 
275 256 223 104 64 104 
276 116 45 45 262 45 
277 63 226 71 79 71 
278 182 203 241 46 241 
279 43 90 240 279 240 
