***********************************
Experiment parameters:
Experiment results:
Permutations:
I U RANK QCV rand PATH 
1 1 132 1 47 159 
2 88 227 2 186 197 
3 76 197 3 180 78 
4 29 258 4 273 31 
5 147 226 5 176 224 
6 237 260 6 14 237 
7 34 144 7 135 84 
8 33 49 8 167 173 
9 11 123 9 267 275 
10 263 60 10 142 123 
11 245 181 11 234 172 
12 261 220 12 72 120 
13 57 185 13 245 214 
14 111 218 14 57 244 
15 26 4 15 66 135 
16 59 111 16 125 262 
17 251 54 17 207 134 
18 123 205 18 254 118 
19 168 6 19 171 75 
20 244 48 20 104 10 
21 258 155 21 5 185 
22 221 177 22 93 258 
23 75 46 23 65 20 
24 58 8 24 76 108 
25 62 147 25 15 79 
26 183 88 26 52 221 
27 31 99 27 151 223 
28 277 9 28 42 145 
29 79 2 29 185 129 
30 278 187 30 159 55 
31 53 106 31 274 39 
32 50 133 32 265 43 
33 190 182 33 100 168 
34 243 85 34 48 157 
35 143 5 35 217 215 
36 206 180 36 188 62 
37 92 162 37 107 259 
38 133 266 38 13 26 
39 228 10 39 55 60 
40 9 3 40 213 103 
41 89 186 41 199 180 
42 132 249 42 123 83 
43 218 139 43 221 264 
44 42 262 44 191 127 
45 259 242 45 153 16 
46 70 200 46 124 167 
47 208 241 47 183 24 
48 215 1 48 233 32 
49 182 274 49 204 19 
50 54 230 50 215 163 
51 189 157 51 237 175 
52 158 236 52 212 65 
53 126 109 53 37 132 
54 85 108 54 109 256 
55 81 47 55 7 254 
56 64 121 56 249 2 
57 10 62 57 219 5 
58 41 102 58 277 147 
59 188 253 59 43 30 
60 254 149 60 88 232 
61 6 127 61 130 86 
62 212 219 62 252 166 
63 213 141 63 182 47 
64 257 211 64 211 64 
65 78 151 65 268 49 
66 140 69 66 146 202 
67 197 191 67 270 73 
68 27 83 68 114 46 
69 56 193 69 260 250 
70 196 212 70 192 113 
71 207 225 71 132 225 
72 269 176 72 226 189 
73 205 143 73 34 111 
74 130 188 74 129 143 
75 271 21 75 209 150 
76 191 196 76 102 1 
77 95 154 77 184 183 
78 144 104 78 6 196 
79 231 239 79 246 265 
80 121 113 80 33 104 
81 94 42 81 269 52 
82 14 210 82 210 210 
83 267 183 83 115 154 
84 255 16 84 122 22 
85 181 252 85 240 21 
86 164 161 86 143 70 
87 86 271 87 111 222 
88 83 235 88 117 165 
89 179 17 89 152 148 
90 225 91 90 3 205 
91 119 107 91 164 7 
92 7 163 92 63 50 
93 226 116 93 131 82 
94 262 231 94 231 122 
95 232 270 95 44 186 
96 195 22 96 51 212 
97 104 63 97 49 146 
98 60 125 98 189 99 
99 169 71 99 61 203 
100 48 254 100 73 235 
101 192 263 101 62 115 
102 17 19 102 2 34 
103 200 275 103 18 87 
104 21 199 104 106 107 
105 66 261 105 92 188 
106 71 251 106 1 238 
107 44 209 107 36 138 
108 116 279 108 250 80 
109 201 70 109 154 231 
110 101 61 110 29 229 
111 106 45 111 27 101 
112 239 221 112 83 249 
113 37 178 113 258 182 
114 113 272 114 12 234 
115 202 206 115 162 128 
116 109 269 116 181 211 
117 63 18 117 272 23 
118 107 120 118 243 278 
119 38 237 119 256 74 
120 102 145 120 41 267 
121 184 238 121 119 97 
122 220 277 122 179 208 
123 155 171 123 157 11 
124 246 214 124 97 63 
125 174 11 125 60 126 
126 248 259 126 247 28 
127 67 232 127 222 260 
128 252 168 128 145 56 
129 152 244 129 165 236 
130 30 204 130 89 192 
131 51 103 131 136 171 
132 61 138 132 196 155 
133 8 34 133 82 77 
134 249 78 134 224 67 
135 276 190 135 218 190 
136 175 234 136 168 272 
137 236 14 137 4 252 
138 170 58 138 230 8 
139 161 189 139 173 170 
140 145 247 140 170 176 
141 185 276 141 241 276 
142 124 124 142 275 102 
143 128 23 143 225 3 
144 131 35 144 197 233 
145 16 67 145 84 131 
146 90 122 146 94 239 
147 227 213 147 38 213 
148 52 278 148 81 204 
149 151 50 149 149 57 
150 49 179 150 194 179 
151 25 248 151 193 227 
152 80 114 152 150 140 
153 159 89 153 96 246 
154 166 246 154 105 169 
155 96 245 155 187 117 
156 272 55 156 251 226 
157 193 119 157 59 110 
158 77 105 158 195 119 
159 247 150 159 21 53 
160 103 94 160 139 94 
161 253 25 161 244 228 
162 32 12 162 208 69 
163 176 64 163 227 243 
164 223 153 164 175 257 
165 118 118 165 110 247 
166 273 26 166 24 90 
167 24 98 167 239 89 
168 172 28 168 54 114 
169 234 257 169 172 273 
170 20 169 170 140 181 
171 23 29 171 10 209 
172 114 126 172 22 88 
173 260 31 173 17 178 
174 137 93 174 238 255 
175 134 100 175 113 95 
176 127 156 176 202 156 
177 148 59 177 266 194 
178 74 75 178 78 100 
179 186 39 179 116 18 
180 204 243 180 190 109 
181 219 158 181 216 219 
182 173 33 182 70 193 
183 210 87 183 264 144 
184 87 30 184 23 6 
185 153 90 185 261 216 
186 91 268 186 259 177 
187 19 152 187 201 116 
188 110 68 188 137 14 
189 69 36 189 95 17 
190 160 37 190 108 160 
191 149 76 191 118 133 
192 242 56 192 9 240 
193 150 208 193 67 201 
194 167 40 194 121 92 
195 139 41 195 77 40 
196 233 38 196 163 245 
197 72 7 197 271 199 
198 235 202 198 28 241 
199 39 77 199 166 42 
200 222 160 200 75 130 
201 157 43 201 198 161 
202 129 44 202 127 217 
203 46 92 203 158 191 
204 122 128 204 86 149 
205 209 65 205 98 207 
206 135 216 206 90 195 
207 28 173 207 232 58 
208 270 201 208 71 153 
209 45 194 209 19 230 
210 13 52 210 101 124 
211 162 184 211 255 184 
212 98 82 212 144 279 
213 97 97 213 134 270 
214 18 74 214 223 96 
215 266 73 215 35 37 
216 178 228 216 80 251 
217 93 165 217 161 200 
218 180 167 218 220 112 
219 5 223 219 40 54 
220 279 159 220 112 152 
221 40 27 221 236 27 
222 136 250 222 11 274 
223 99 140 223 228 151 
224 36 222 224 39 106 
225 112 57 225 155 12 
226 117 130 226 91 164 
227 274 170 227 32 25 
228 229 174 228 99 174 
229 125 136 229 53 36 
230 100 148 230 206 220 
231 82 79 231 68 4 
232 238 240 232 235 98 
233 146 112 233 128 66 
234 256 256 234 248 48 
235 2 95 235 20 91 
236 35 175 236 69 38 
237 216 264 237 257 269 
238 264 146 238 120 33 
239 4 110 239 31 41 
240 115 267 240 26 13 
241 214 172 241 253 51 
242 241 135 242 25 218 
243 68 129 243 174 72 
244 203 72 244 156 68 
245 268 13 245 178 35 
246 240 265 246 160 268 
247 275 53 247 16 136 
248 22 273 248 30 44 
249 84 66 249 74 277 
250 265 80 250 278 206 
251 198 115 251 141 76 
252 230 224 252 263 187 
253 156 117 253 169 139 
254 108 203 254 229 71 
255 47 255 255 148 141 
256 187 51 256 242 59 
257 142 81 257 50 81 
258 15 142 258 87 142 
259 43 229 259 8 137 
260 194 207 260 56 242 
261 250 131 261 58 15 
262 138 24 262 103 93 
263 177 164 263 126 45 
264 141 134 264 45 162 
265 224 217 265 138 266 
266 12 192 266 214 198 
267 171 215 267 85 263 
268 65 32 268 177 121 
269 163 101 269 205 125 
270 199 195 270 200 85 
271 120 20 271 147 271 
272 73 166 272 203 253 
273 105 198 273 276 9 
274 165 15 274 133 158 
275 55 233 275 64 29 
276 217 96 276 262 105 
277 3 86 277 79 261 
278 154 137 278 46 61 
279 211 84 279 279 248 
