***********************************
Experiment parameters:
Experiment results:
Permutations:
I U RANK QCV rand PATH 
1 246 158 177 47 19 
2 244 155 208 186 275 
3 14 41 14 180 14 
4 139 62 233 273 264 
5 99 217 99 176 99 
6 62 177 262 14 248 
7 78 211 78 135 78 
8 128 63 128 167 128 
9 12 79 12 267 12 
10 28 81 28 142 28 
11 97 47 97 234 97 
12 65 180 65 72 65 
13 216 223 216 245 216 
14 271 202 153 57 153 
15 24 103 24 66 107 
16 112 111 112 125 112 
17 79 124 79 207 79 
18 41 46 16 254 93 
19 247 222 247 171 247 
20 52 178 19 104 11 
21 67 277 67 5 67 
22 16 214 244 93 25 
23 9 108 9 65 9 
24 225 255 225 76 225 
25 116 242 116 15 116 
26 185 176 185 52 185 
27 19 127 271 151 271 
28 107 200 107 42 24 
29 206 187 206 185 206 
30 137 95 137 159 137 
31 133 148 133 274 133 
32 73 279 73 265 73 
33 55 60 55 100 55 
34 72 278 46 48 129 
35 4 205 4 217 4 
36 3 30 3 188 3 
37 121 231 121 107 121 
38 92 22 92 13 92 
39 100 32 100 55 100 
40 74 145 74 213 74 
41 120 184 120 199 120 
42 17 243 17 123 17 
43 261 9 261 221 261 
44 103 212 103 191 103 
45 164 164 164 153 164 
46 162 100 162 124 162 
47 34 266 34 183 34 
48 70 70 70 233 70 
49 147 220 52 204 134 
50 126 11 126 215 126 
51 223 268 223 237 223 
52 237 15 237 212 237 
53 259 206 259 37 259 
54 43 126 43 109 43 
55 57 237 57 7 57 
56 39 39 39 249 39 
57 134 262 62 219 139 
58 64 106 64 277 64 
59 89 221 89 43 89 
60 98 90 98 88 98 
61 182 14 182 130 182 
62 195 167 195 252 195 
63 273 238 273 182 273 
64 124 133 124 211 124 
65 232 261 232 268 232 
66 59 59 59 146 59 
67 113 113 113 270 113 
68 171 272 171 114 171 
69 46 52 214 260 147 
70 15 135 15 192 15 
71 22 138 22 132 22 
72 251 190 251 226 251 
73 205 86 205 34 205 
74 238 136 238 129 238 
75 222 78 222 209 222 
76 266 34 266 102 266 
77 108 161 108 184 108 
78 123 132 123 6 123 
79 81 146 81 246 81 
80 152 252 152 33 152 
81 2 43 2 269 2 
82 110 233 191 210 155 
83 95 3 95 115 95 
84 61 93 61 122 61 
85 88 48 88 240 88 
86 263 171 263 143 263 
87 189 195 189 111 189 
88 87 141 87 117 87 
89 91 263 91 152 91 
90 132 210 132 3 132 
91 248 209 248 164 52 
92 93 225 93 63 62 
93 106 64 106 131 106 
94 224 192 224 231 224 
95 196 229 196 44 196 
96 1 193 1 51 1 
97 35 35 35 49 35 
98 77 87 77 189 77 
99 155 139 83 61 158 
100 40 245 40 73 40 
101 150 179 150 62 150 
102 156 107 156 2 156 
103 165 189 165 18 165 
104 257 173 257 106 257 
105 135 191 246 92 177 
106 33 33 33 1 33 
107 229 80 229 36 229 
108 83 244 219 250 178 
109 111 247 111 154 111 
110 44 218 44 29 44 
111 194 172 194 27 194 
112 82 130 82 83 82 
113 159 249 159 258 159 
114 11 27 11 12 83 
115 267 10 267 162 267 
116 256 116 256 181 256 
117 161 7 161 272 161 
118 188 42 188 243 188 
119 235 226 235 256 235 
120 245 109 245 41 245 
121 18 92 18 119 18 
122 25 2 25 179 110 
123 63 72 63 157 63 
124 212 251 167 97 167 
125 169 250 169 60 169 
126 84 26 84 247 84 
127 66 40 66 222 66 
128 215 101 215 145 215 
129 117 117 117 165 117 
130 142 1 142 89 142 
131 167 50 212 136 212 
132 276 54 276 196 276 
133 51 112 51 82 51 
134 146 12 146 224 146 
135 158 16 278 218 191 
136 125 156 125 168 125 
137 149 185 149 4 149 
138 277 18 277 230 277 
139 31 175 31 173 31 
140 5 240 5 170 5 
141 274 196 274 241 274 
142 264 203 264 275 46 
143 226 232 226 225 226 
144 26 140 26 197 26 
145 122 181 122 84 122 
146 101 55 101 94 101 
147 275 275 275 38 16 
148 258 258 258 81 258 
149 6 165 6 149 6 
150 145 20 145 194 145 
151 250 105 250 193 250 
152 50 125 50 150 50 
153 75 115 75 96 75 
154 48 170 48 105 48 
155 209 53 209 187 209 
156 96 96 96 251 96 
157 38 38 38 59 38 
158 68 235 68 195 68 
159 236 28 236 21 236 
160 228 259 228 139 228 
161 56 157 56 244 56 
162 115 198 115 208 115 
163 80 274 80 227 80 
164 176 207 176 175 176 
165 198 159 198 110 198 
166 27 25 27 24 27 
167 114 114 114 239 114 
168 69 31 69 54 69 
169 260 260 260 172 260 
170 102 75 102 140 102 
171 90 122 90 10 90 
172 37 73 37 22 37 
173 192 224 192 17 192 
174 151 227 151 238 151 
175 85 77 85 113 85 
176 129 219 220 202 208 
177 136 110 110 266 214 
178 269 241 269 78 269 
179 231 89 231 116 231 
180 60 188 60 190 60 
181 227 253 227 216 227 
182 140 56 140 70 140 
183 47 248 47 264 47 
184 109 61 109 23 109 
185 23 256 23 261 23 
186 252 162 252 259 252 
187 272 143 272 201 272 
188 207 121 207 137 207 
189 76 144 76 95 76 
190 200 182 200 108 200 
191 36 82 36 118 36 
192 270 102 270 9 270 
193 197 91 197 67 197 
194 42 84 42 121 42 
195 32 254 32 77 32 
196 13 99 13 163 13 
197 172 57 172 271 172 
198 234 131 234 28 234 
199 221 152 221 166 221 
200 279 49 279 75 279 
201 179 276 179 198 179 
202 104 71 104 127 104 
203 7 76 7 158 7 
204 153 98 72 86 72 
205 201 97 201 98 201 
206 127 74 127 90 127 
207 54 123 54 232 54 
208 168 169 168 71 168 
209 174 13 174 19 174 
210 230 230 230 101 230 
211 45 85 45 255 45 
212 254 104 254 144 254 
213 240 5 240 134 240 
214 160 160 160 223 160 
215 163 163 163 35 163 
216 202 153 202 80 202 
217 203 264 203 161 203 
218 58 58 58 220 58 
219 144 68 144 40 144 
220 184 29 184 112 184 
221 255 66 255 236 255 
222 53 269 53 11 53 
223 241 88 241 228 241 
224 86 24 86 39 86 
225 173 257 173 155 173 
226 220 19 129 91 219 
227 208 246 134 32 220 
228 30 174 30 99 30 
229 105 267 105 53 105 
230 199 199 199 206 199 
231 10 168 10 68 10 
232 193 234 193 235 193 
233 249 270 249 128 249 
234 191 228 136 248 135 
235 243 186 243 20 243 
236 217 21 217 69 217 
237 177 118 135 257 136 
238 180 65 180 120 180 
239 233 265 147 31 233 
240 71 166 71 26 71 
241 138 194 138 253 138 
242 262 129 155 25 244 
243 183 119 183 174 183 
244 8 120 8 156 8 
245 186 36 186 178 186 
246 214 147 139 160 246 
247 154 154 154 16 154 
248 148 236 148 30 148 
249 211 197 211 74 211 
250 204 44 204 278 204 
251 213 213 213 141 213 
252 131 4 131 263 131 
253 94 94 94 169 94 
254 170 201 170 229 170 
255 239 239 239 148 239 
256 253 151 253 242 253 
257 187 67 187 50 187 
258 157 215 157 87 157 
259 166 149 166 8 166 
260 219 208 265 56 262 
261 49 23 49 58 49 
262 175 69 175 103 175 
263 181 45 181 126 181 
264 190 142 190 45 190 
265 21 137 21 138 21 
266 20 271 20 214 20 
267 265 83 178 85 265 
268 119 183 119 177 119 
269 130 204 130 205 130 
270 29 8 29 200 29 
271 118 273 118 147 118 
272 178 6 41 203 41 
273 278 134 158 276 278 
274 210 150 210 133 210 
275 141 51 141 64 141 
276 143 128 143 262 143 
277 218 17 218 79 218 
278 268 216 268 46 268 
279 242 37 242 279 242 
