***********************************
Experiment parameters:
Experiment results:
Permutations:
I U RANK QCV rand PATH 
1 212 136 18 47 28 
2 93 155 167 186 14 
3 102 59 264 180 264 
4 160 157 145 273 49 
5 151 196 74 176 112 
6 238 279 28 14 220 
7 88 149 128 135 74 
8 251 278 26 167 26 
9 202 105 164 267 164 
10 97 148 93 142 40 
11 124 191 218 234 218 
12 7 84 25 72 141 
13 98 205 33 245 33 
14 197 183 98 57 98 
15 236 211 105 66 85 
16 154 127 1 125 1 
17 195 228 211 207 211 
18 40 4 222 254 222 
19 91 212 191 171 43 
20 28 68 49 104 41 
21 258 190 96 5 96 
22 132 5 11 93 97 
23 12 3 112 65 152 
24 245 7 272 76 272 
25 256 22 56 15 56 
26 35 256 219 52 32 
27 117 152 113 151 113 
28 225 8 50 42 123 
29 144 6 153 185 263 
30 252 166 125 159 125 
31 75 264 59 274 59 
32 106 138 183 265 183 
33 8 186 110 100 168 
34 156 258 14 48 106 
35 82 134 261 217 173 
36 133 174 241 188 6 
37 171 87 8 107 8 
38 37 188 108 13 108 
39 143 10 186 55 55 
40 26 108 188 213 188 
41 13 11 235 199 158 
42 162 49 36 123 36 
43 239 147 55 221 274 
44 174 73 227 191 227 
45 233 252 171 153 171 
46 177 85 54 124 167 
47 87 240 240 183 240 
48 116 218 72 233 72 
49 90 271 159 204 159 
50 158 208 107 215 107 
51 38 20 20 237 20 
52 129 57 260 212 260 
53 208 63 214 37 214 
54 46 106 220 109 277 
55 185 139 161 7 161 
56 64 1 276 249 276 
57 81 223 120 219 228 
58 5 23 109 277 109 
59 253 193 80 43 80 
60 215 99 216 88 216 
61 240 163 255 130 255 
62 161 210 16 252 258 
63 70 161 42 182 42 
64 123 71 134 211 186 
65 77 230 262 268 262 
66 101 222 160 146 160 
67 230 182 136 270 136 
68 271 153 263 114 76 
69 66 95 278 260 278 
70 275 231 213 192 213 
71 57 247 247 132 247 
72 222 214 142 226 142 
73 100 115 88 34 88 
74 108 165 115 129 115 
75 113 122 73 209 73 
76 163 79 31 102 31 
77 164 75 201 184 201 
78 18 167 43 6 11 
79 69 260 57 246 57 
80 67 94 122 33 122 
81 263 12 205 269 205 
82 220 151 151 210 151 
83 23 150 248 115 248 
84 209 170 257 122 82 
85 29 128 210 240 210 
86 266 112 34 143 24 
87 146 254 223 111 223 
88 274 98 156 117 21 
89 175 18 242 152 134 
90 170 246 3 3 3 
91 95 52 143 164 143 
92 214 83 229 63 229 
93 186 121 15 131 178 
94 11 226 90 231 90 
95 24 126 19 44 19 
96 2 233 236 51 236 
97 127 204 116 49 116 
98 71 17 172 189 261 
99 250 56 131 61 131 
100 199 9 121 73 121 
101 134 120 5 62 5 
102 115 172 258 2 50 
103 254 14 207 18 207 
104 19 143 52 106 52 
105 125 248 165 92 165 
106 72 261 177 1 177 
107 172 207 141 36 25 
108 30 259 192 250 192 
109 169 234 84 154 241 
110 241 198 198 29 198 
111 206 194 53 27 53 
112 213 93 44 83 44 
113 268 177 40 258 245 
114 168 69 77 12 77 
115 1 38 47 162 47 
116 242 173 111 181 111 
117 99 72 246 272 246 
118 48 273 48 243 48 
119 136 263 182 256 182 
120 89 142 199 41 199 
121 194 249 78 119 119 
122 187 229 83 179 83 
123 39 101 266 157 266 
124 217 178 178 97 118 
125 54 266 154 60 101 
126 112 180 169 247 169 
127 105 216 99 222 99 
128 84 125 174 145 174 
129 47 274 271 165 271 
130 51 21 17 89 153 
131 272 118 21 136 170 
132 6 145 68 196 68 
133 15 255 232 82 232 
134 237 253 203 224 203 
135 107 29 29 218 29 
136 145 77 69 168 69 
137 262 206 139 4 139 
138 44 275 127 230 127 
139 31 184 273 173 273 
140 229 242 204 170 204 
141 273 67 67 241 67 
142 167 129 23 275 23 
143 74 76 51 225 84 
144 205 179 179 197 179 
145 182 217 253 84 253 
146 55 24 102 94 65 
147 50 70 70 38 70 
148 137 272 193 81 193 
149 152 103 103 149 103 
150 265 135 135 194 135 
151 188 114 38 193 38 
152 192 100 268 150 268 
153 173 90 144 96 144 
154 68 277 27 105 27 
155 179 199 133 187 133 
156 103 35 63 251 63 
157 204 213 231 59 231 
158 200 237 251 195 251 
159 111 53 150 21 150 
160 78 91 91 139 91 
161 207 25 279 244 279 
162 49 61 173 208 81 
163 216 64 45 227 45 
164 85 159 61 175 61 
165 60 110 190 110 190 
166 43 171 138 24 138 
167 4 27 10 239 10 
168 259 28 140 54 140 
169 232 164 270 172 270 
170 96 15 181 140 181 
171 219 97 267 10 267 
172 155 215 238 22 238 
173 130 30 148 17 148 
174 255 181 184 238 184 
175 228 104 81 113 221 
176 86 175 175 202 175 
177 121 187 39 266 39 
178 147 176 30 78 30 
179 34 227 94 116 94 
180 58 192 212 190 212 
181 193 42 2 216 2 
182 10 156 64 70 64 
183 119 65 9 264 9 
184 76 32 189 23 172 
185 267 92 226 261 226 
186 159 34 202 259 202 
187 138 238 245 201 145 
188 126 162 75 137 75 
189 104 36 101 95 249 
190 247 269 41 108 191 
191 198 78 256 118 256 
192 196 267 234 9 78 
193 59 107 200 67 200 
194 224 40 269 121 147 
195 190 41 196 77 196 
196 276 197 85 163 242 
197 277 185 185 271 185 
198 110 239 239 28 239 
199 270 137 12 166 12 
200 141 44 92 75 92 
201 65 45 97 198 189 
202 61 221 228 127 219 
203 17 43 76 158 102 
204 21 46 209 86 197 
205 249 48 168 98 243 
206 42 209 24 90 128 
207 279 131 132 232 132 
208 269 50 243 71 269 
209 181 39 208 19 208 
210 63 109 129 101 129 
211 45 89 89 255 89 
212 248 51 147 144 234 
213 201 130 158 134 34 
214 32 81 123 223 209 
215 226 102 58 35 110 
216 62 54 117 80 51 
217 221 244 249 161 18 
218 210 80 152 220 87 
219 184 55 87 40 224 
220 14 117 46 112 235 
221 92 124 66 236 66 
222 218 220 118 11 117 
223 140 262 230 228 230 
224 27 236 233 39 233 
225 94 58 176 155 176 
226 33 169 62 91 62 
227 56 232 155 32 155 
228 120 86 86 99 86 
229 264 141 119 53 16 
230 41 154 65 206 120 
231 261 82 6 68 46 
232 243 158 224 235 71 
233 178 60 221 128 154 
234 235 224 32 248 257 
235 9 96 274 20 93 
236 234 62 215 69 54 
237 79 123 197 257 17 
238 153 235 277 120 105 
239 244 119 244 31 244 
240 73 47 106 26 15 
241 22 243 60 253 60 
242 36 146 126 25 126 
243 109 88 137 174 137 
244 16 132 162 156 162 
245 118 16 146 178 146 
246 114 257 71 160 58 
247 128 265 250 16 250 
248 157 74 170 30 156 
249 227 111 82 74 215 
250 149 270 149 278 149 
251 231 113 195 141 195 
252 189 202 130 263 130 
253 180 116 265 169 265 
254 122 276 275 229 275 
255 52 201 206 148 206 
256 150 200 187 242 187 
257 191 37 37 50 37 
258 135 225 225 87 225 
259 278 66 13 8 13 
260 166 144 166 56 166 
261 176 160 114 58 114 
262 25 241 4 103 4 
263 211 133 35 126 35 
264 20 140 157 45 157 
265 131 195 259 138 259 
266 257 250 163 214 163 
267 260 219 252 85 252 
268 80 203 194 177 194 
269 142 268 100 205 100 
270 246 26 95 200 95 
271 203 19 254 147 254 
272 83 168 104 203 104 
273 53 189 7 276 7 
274 223 2 22 133 22 
275 165 245 180 64 180 
276 139 251 237 262 237 
277 148 33 217 79 217 
278 183 13 124 46 124 
279 3 31 79 279 79 
