***********************************
Experiment parameters:
Experiment results:
Permutations:
I U RANK QCV rand PATH 
1 261 131 259 47 19 
2 79 254 76 186 269 
3 243 195 242 180 242 
4 94 163 108 273 43 
5 27 209 5 176 147 
6 151 15 170 14 259 
7 266 140 233 135 253 
8 148 121 262 167 262 
9 37 101 263 267 170 
10 87 1 87 142 103 
11 170 223 131 234 241 
12 39 111 39 72 39 
13 83 250 246 245 246 
14 59 229 148 57 148 
15 57 159 140 66 261 
16 154 143 23 125 23 
17 103 212 77 207 77 
18 9 98 2 254 76 
19 252 5 34 171 38 
20 272 68 265 104 245 
21 101 141 79 5 79 
22 189 6 38 93 165 
23 47 73 151 65 152 
24 126 8 67 76 67 
25 121 258 18 15 18 
26 67 87 10 52 63 
27 193 222 116 151 116 
28 182 123 147 42 53 
29 238 4 165 185 131 
30 183 265 264 159 264 
31 89 242 195 274 195 
32 73 238 222 265 222 
33 211 176 201 100 122 
34 107 269 212 48 17 
35 110 7 261 217 247 
36 144 178 17 188 181 
37 120 85 192 107 244 
38 43 262 3 13 3 
39 186 10 6 55 219 
40 84 3 138 213 138 
41 88 109 99 199 205 
42 29 61 149 123 149 
43 207 183 142 221 223 
44 44 276 191 191 191 
45 50 253 228 153 228 
46 26 166 182 124 243 
47 185 169 169 183 169 
48 119 174 119 233 119 
49 250 259 209 204 209 
50 157 47 72 215 72 
51 279 161 105 237 105 
52 136 233 218 212 218 
53 253 55 203 37 203 
54 68 147 109 109 190 
55 257 248 93 7 93 
56 52 145 52 249 52 
57 118 48 123 219 123 
58 16 129 227 277 227 
59 274 192 45 43 45 
60 158 179 9 88 9 
61 180 37 225 130 225 
62 63 202 44 252 89 
63 22 93 60 182 60 
64 18 168 111 211 28 
65 69 24 31 268 31 
66 195 117 70 146 70 
67 271 187 224 270 224 
68 223 172 59 114 226 
69 11 94 198 260 198 
70 113 144 194 192 194 
71 168 78 78 132 78 
72 55 203 55 226 55 
73 108 46 75 34 75 
74 244 75 46 129 46 
75 156 139 73 209 73 
76 278 180 33 102 33 
77 98 86 156 184 156 
78 19 177 127 6 167 
79 78 260 120 246 120 
80 255 158 139 33 139 
81 214 52 270 269 270 
82 49 57 57 210 57 
83 248 150 232 115 232 
84 1 189 7 122 142 
85 6 170 183 240 183 
86 32 69 172 143 133 
87 155 252 16 111 16 
88 187 267 134 117 268 
89 140 17 63 152 249 
90 51 191 98 3 98 
91 20 66 74 164 74 
92 13 72 171 63 171 
93 191 12 114 131 168 
94 247 251 92 231 92 
95 232 271 14 44 14 
96 40 194 144 51 144 
97 175 213 175 49 175 
98 212 107 88 189 2 
99 231 270 210 61 210 
100 184 41 252 73 252 
101 41 114 125 62 125 
102 111 19 80 2 65 
103 251 130 176 18 176 
104 34 115 66 106 66 
105 66 126 40 92 40 
106 147 247 71 1 71 
107 14 201 64 36 64 
108 42 273 68 250 68 
109 74 71 226 154 58 
110 143 51 220 29 220 
111 202 230 128 27 128 
112 150 90 21 83 21 
113 230 190 15 258 15 
114 90 207 185 12 185 
115 76 32 36 162 36 
116 15 21 141 181 141 
117 149 119 174 272 174 
118 233 181 61 243 61 
119 174 255 271 256 271 
120 106 175 213 41 213 
121 220 218 100 119 100 
122 86 171 81 179 81 
123 112 76 254 157 254 
124 96 84 177 97 56 
125 60 153 130 60 80 
126 145 188 41 247 41 
127 210 9 179 222 179 
128 222 127 157 145 157 
129 138 235 69 165 69 
130 81 205 205 89 273 
131 276 80 133 136 6 
132 215 16 215 196 215 
133 97 124 221 82 221 
134 82 196 132 224 132 
135 173 25 25 218 25 
136 128 173 173 168 173 
137 169 132 274 4 274 
138 221 106 143 230 143 
139 54 164 91 173 201 
140 75 63 279 170 279 
141 209 204 277 241 204 
142 218 227 129 275 129 
143 178 103 168 225 202 
144 105 23 145 197 145 
145 188 186 196 84 196 
146 165 99 97 94 114 
147 199 22 22 38 22 
148 133 278 178 81 178 
149 194 113 113 149 113 
150 236 236 115 194 115 
151 23 221 153 193 153 
152 196 20 20 150 20 
153 17 88 48 96 255 
154 93 14 231 105 231 
155 258 279 82 187 82 
156 21 137 184 251 184 
157 117 138 42 59 42 
158 213 155 237 195 237 
159 190 118 230 21 230 
160 72 214 214 139 214 
161 62 217 206 244 177 
162 127 108 84 208 7 
163 100 64 200 227 200 
164 239 249 223 175 134 
165 38 104 247 110 163 
166 268 96 167 24 187 
167 192 27 243 239 96 
168 53 272 204 54 35 
169 64 148 253 172 189 
170 219 134 160 140 30 
171 260 29 202 10 27 
172 264 125 190 22 151 
173 160 245 110 17 85 
174 141 91 181 238 110 
175 123 100 208 113 265 
176 259 26 26 202 26 
177 200 211 11 266 11 
178 122 152 266 78 235 
179 203 28 158 116 158 
180 8 264 12 190 83 
181 129 156 86 216 86 
182 4 193 245 70 240 
183 48 215 238 264 238 
184 139 30 19 23 12 
185 269 89 85 261 130 
186 240 34 35 259 159 
187 33 35 159 201 206 
188 237 40 126 137 126 
189 146 239 163 95 212 
190 242 240 239 108 263 
191 71 157 164 118 111 
192 99 38 260 9 99 
193 61 81 47 67 47 
194 46 39 249 121 54 
195 163 149 65 77 48 
196 267 208 166 163 233 
197 164 74 236 271 236 
198 256 136 136 28 136 
199 35 18 216 166 216 
200 85 167 273 75 172 
201 36 43 58 198 208 
202 224 44 235 127 50 
203 162 226 146 158 161 
204 172 122 30 86 5 
205 95 142 56 98 87 
206 2 241 83 90 257 
207 28 256 256 232 256 
208 262 105 267 71 135 
209 114 11 112 19 112 
210 217 197 197 101 197 
211 31 234 234 255 234 
212 167 50 28 144 127 
213 142 95 269 134 4 
214 80 146 122 223 13 
215 179 243 162 35 84 
216 65 244 104 80 108 
217 92 263 27 161 239 
218 235 77 255 220 162 
219 263 54 103 40 260 
220 177 261 107 112 44 
221 116 185 207 236 207 
222 273 162 187 11 10 
223 225 246 250 228 250 
224 131 42 94 39 94 
225 228 58 54 155 160 
226 5 133 95 91 95 
227 109 275 124 32 124 
228 153 62 62 99 62 
229 161 135 152 53 267 
230 25 151 101 206 182 
231 30 257 89 68 277 
232 135 59 268 235 140 
233 159 65 240 128 146 
234 208 266 219 248 88 
235 24 92 161 20 34 
236 132 97 96 69 101 
237 226 165 43 257 91 
238 241 268 241 120 104 
239 12 116 4 31 109 
240 265 36 135 26 107 
241 166 160 272 253 272 
242 77 45 53 25 166 
243 58 210 106 174 106 
244 249 232 150 156 150 
245 216 228 29 178 29 
246 70 277 50 160 266 
247 275 2 32 16 32 
248 176 83 189 30 97 
249 102 67 13 74 192 
250 277 79 229 278 229 
251 91 110 244 141 164 
252 3 219 257 263 59 
253 171 225 117 169 117 
254 104 216 118 229 118 
255 234 274 248 148 248 
256 197 112 211 242 211 
257 125 102 102 50 102 
258 134 49 49 87 49 
259 10 154 154 8 154 
260 254 120 8 56 8 
261 137 184 37 58 37 
262 45 206 180 103 180 
263 124 82 137 126 137 
264 245 224 278 45 278 
265 227 53 188 138 188 
266 152 70 275 214 275 
267 115 231 251 85 251 
268 246 128 199 177 199 
269 205 31 24 205 24 
270 229 198 121 200 121 
271 56 13 1 147 1 
272 130 56 193 203 193 
273 206 182 217 276 217 
274 270 60 258 133 258 
275 204 200 90 64 90 
276 181 237 155 262 155 
277 7 199 186 79 186 
278 198 220 51 46 51 
279 201 33 276 279 276 
