***********************************
Experiment parameters:
Experiment results:
Permutations:
I U RANK QCV rand PATH 
1 197 118 1 47 198 
2 142 269 2 186 76 
3 178 51 3 180 42 
4 222 100 4 273 74 
5 241 205 5 176 222 
6 101 255 6 14 147 
7 59 178 7 135 158 
8 271 251 8 167 127 
9 260 236 9 267 255 
10 98 1 10 142 18 
11 145 2 11 234 153 
12 5 81 12 72 61 
13 224 187 13 245 113 
14 166 203 14 57 230 
15 52 3 15 66 128 
16 272 155 16 125 223 
17 2 206 17 207 79 
18 60 45 18 254 75 
19 255 220 19 171 234 
20 16 67 20 104 175 
21 153 20 21 5 123 
22 47 213 22 93 272 
23 247 184 23 65 101 
24 188 112 24 76 134 
25 266 193 25 15 235 
26 232 186 26 52 129 
27 36 101 27 151 271 
28 199 9 28 42 66 
29 278 6 29 185 53 
30 248 172 30 159 57 
31 17 170 31 274 162 
32 257 129 32 265 270 
33 140 183 33 100 231 
34 21 253 34 48 232 
35 46 7 35 217 189 
36 123 15 36 188 168 
37 91 83 37 107 3 
38 49 56 38 13 86 
39 38 10 39 55 93 
40 252 228 40 213 251 
41 173 21 41 199 237 
42 112 245 42 123 205 
43 9 138 43 221 211 
44 22 278 44 191 22 
45 48 246 45 153 221 
46 187 114 46 124 174 
47 55 248 47 183 108 
48 133 95 48 233 184 
49 122 261 49 204 201 
50 182 243 50 215 227 
51 150 151 51 237 31 
52 117 225 52 212 29 
53 263 4 53 37 143 
54 202 123 54 109 27 
55 162 40 55 7 32 
56 20 117 56 249 62 
57 62 226 57 219 161 
58 235 279 58 277 33 
59 127 191 59 43 30 
60 217 176 60 88 268 
61 80 5 61 130 144 
62 180 217 62 252 275 
63 4 64 63 182 199 
64 70 120 64 211 151 
65 89 148 65 268 88 
66 170 71 66 146 269 
67 179 189 67 270 122 
68 95 70 68 114 28 
69 29 11 69 260 12 
70 205 127 70 192 119 
71 129 162 71 132 170 
72 131 143 72 226 4 
73 56 99 73 34 94 
74 143 94 74 129 107 
75 279 104 75 209 188 
76 102 188 76 102 104 
77 234 82 77 184 40 
78 189 192 78 6 178 
79 71 257 79 246 258 
80 51 200 80 33 80 
81 61 277 81 269 150 
82 14 86 82 210 228 
83 239 49 83 115 96 
84 40 16 84 122 7 
85 231 124 85 240 109 
86 92 85 86 143 194 
87 254 60 87 111 263 
88 244 69 88 117 2 
89 265 260 89 152 196 
90 236 22 90 3 45 
91 126 137 91 164 84 
92 82 227 92 63 157 
93 204 111 93 131 197 
94 41 262 94 231 233 
95 251 195 95 44 149 
96 103 103 96 51 56 
97 246 54 97 49 252 
98 37 17 98 189 156 
99 75 150 99 61 155 
100 132 249 100 73 177 
101 85 168 101 62 253 
102 39 78 102 2 217 
103 6 128 103 18 112 
104 269 224 104 106 244 
105 34 107 105 92 140 
106 28 230 106 1 43 
107 25 65 107 36 132 
108 230 263 108 250 38 
109 268 231 109 154 120 
110 144 92 110 29 121 
111 125 256 111 27 24 
112 156 89 112 83 118 
113 7 182 113 258 215 
114 11 241 114 12 265 
115 8 90 115 162 267 
116 259 254 116 181 100 
117 215 91 117 272 180 
118 229 149 118 243 261 
119 233 233 119 256 179 
120 137 272 120 41 54 
121 88 234 121 119 245 
122 174 157 122 179 274 
123 53 165 123 157 102 
124 109 196 124 97 169 
125 258 102 125 60 165 
126 69 270 126 247 204 
127 147 268 127 222 176 
128 245 125 128 145 9 
129 256 247 129 165 89 
130 45 197 130 89 182 
131 194 163 131 136 186 
132 216 135 132 196 203 
133 1 144 133 82 133 
134 243 140 134 224 154 
135 198 87 135 218 87 
136 23 265 136 168 241 
137 148 160 137 4 49 
138 141 19 138 230 8 
139 124 194 139 173 172 
140 108 252 140 170 181 
141 218 139 141 241 139 
142 267 190 142 275 279 
143 93 23 143 225 212 
144 226 77 144 197 117 
145 193 154 145 84 160 
146 185 93 146 94 219 
147 18 239 147 38 239 
148 83 271 148 81 69 
149 168 42 149 149 51 
150 74 244 150 194 137 
151 274 185 151 193 63 
152 86 97 152 150 97 
153 19 177 153 96 141 
154 275 276 154 105 242 
155 44 181 155 187 238 
156 157 110 156 251 106 
157 13 119 157 59 47 
158 273 72 158 195 72 
159 119 96 159 21 256 
160 136 68 160 139 68 
161 221 29 161 244 111 
162 94 221 162 208 98 
163 79 202 163 227 125 
164 15 232 164 175 41 
165 134 179 165 110 130 
166 116 30 166 24 60 
167 128 31 167 239 225 
168 66 214 168 54 246 
169 225 169 169 172 1 
170 81 132 170 140 236 
171 209 198 171 10 81 
172 175 122 172 22 136 
173 158 34 173 17 21 
174 50 275 174 238 114 
175 120 98 175 113 15 
176 195 216 176 202 216 
177 24 108 177 266 248 
178 172 74 178 78 226 
179 31 180 179 116 91 
180 249 171 180 190 249 
181 77 32 181 216 202 
182 121 37 182 70 20 
183 183 258 183 264 183 
184 169 25 184 23 145 
185 130 116 185 261 34 
186 152 38 186 259 146 
187 27 159 187 201 218 
188 211 58 188 137 82 
189 214 41 189 95 65 
190 270 141 190 108 209 
191 161 75 191 118 266 
192 3 43 192 9 64 
193 76 274 193 67 243 
194 115 175 194 121 254 
195 227 218 195 77 6 
196 43 26 196 163 171 
197 164 84 197 271 224 
198 151 36 198 28 36 
199 186 264 199 166 277 
200 261 46 200 75 142 
201 154 174 201 198 208 
202 200 161 202 127 35 
203 219 27 203 158 78 
204 65 28 204 86 206 
205 228 50 205 98 276 
206 106 35 206 90 95 
207 33 235 207 232 19 
208 155 130 208 71 138 
209 163 131 209 19 126 
210 84 33 210 101 190 
211 138 240 211 255 240 
212 250 39 212 144 152 
213 277 215 213 134 220 
214 201 48 214 223 192 
215 223 208 215 35 85 
216 167 53 216 80 115 
217 30 76 217 161 73 
218 87 52 218 220 26 
219 196 145 219 40 105 
220 54 55 220 112 195 
221 96 44 221 236 44 
222 276 115 222 11 214 
223 171 223 223 228 148 
224 67 12 224 39 103 
225 78 57 225 155 25 
226 99 166 226 91 247 
227 220 73 227 32 259 
228 35 250 228 99 250 
229 206 136 229 53 16 
230 203 146 230 206 50 
231 26 79 231 68 23 
232 104 142 232 235 17 
233 207 152 233 128 163 
234 237 212 234 248 191 
235 64 242 235 20 83 
236 107 61 236 69 116 
237 212 106 237 257 48 
238 208 153 238 120 55 
239 242 105 239 31 166 
240 97 133 240 26 37 
241 191 167 241 253 10 
242 177 158 242 25 39 
243 238 8 243 174 77 
244 149 59 244 156 58 
245 32 222 245 178 124 
246 262 219 246 160 70 
247 90 267 247 16 90 
248 264 237 248 30 207 
249 58 66 249 74 262 
250 210 210 250 278 52 
251 213 109 251 141 135 
252 135 204 252 263 213 
253 114 63 253 169 71 
254 184 62 254 229 187 
255 190 13 255 148 13 
256 100 126 256 242 131 
257 165 229 257 50 229 
258 72 164 258 87 164 
259 63 121 259 8 173 
260 110 134 260 56 210 
261 10 18 261 58 185 
262 139 147 262 103 200 
263 159 238 263 126 110 
264 105 266 264 45 257 
265 73 209 265 138 273 
266 146 259 266 214 5 
267 57 207 267 85 159 
268 176 24 268 177 193 
269 42 88 269 205 264 
270 118 47 270 200 11 
271 181 273 271 147 260 
272 111 156 272 203 167 
273 113 201 273 276 46 
274 68 199 274 133 99 
275 240 211 275 64 67 
276 12 14 276 262 14 
277 160 113 277 79 59 
278 253 173 278 46 92 
279 192 80 279 279 278 
