***********************************
Experiment parameters:
Experiment results:
Permutations:
I U RANK QCV rand PATH 
1 255 45 1 47 45 
2 146 265 2 186 50 
3 85 193 3 180 230 
4 82 95 4 273 8 
5 66 215 5 176 151 
6 17 247 6 14 232 
7 199 141 7 135 269 
8 47 262 8 167 133 
9 52 279 9 267 26 
10 43 1 10 142 144 
11 209 190 11 234 93 
12 24 240 12 72 84 
13 110 96 13 245 276 
14 68 212 14 57 54 
15 177 3 15 66 215 
16 114 177 16 125 98 
17 278 237 17 207 136 
18 129 278 18 254 37 
19 72 5 19 171 22 
20 279 67 20 104 242 
21 215 204 21 5 28 
22 28 115 22 93 31 
23 86 164 23 65 75 
24 45 8 24 76 129 
25 235 201 25 15 102 
26 168 250 26 52 11 
27 266 148 27 151 204 
28 161 9 28 42 103 
29 33 4 29 185 4 
30 153 197 30 159 213 
31 158 230 31 274 193 
32 90 125 32 265 138 
33 44 192 33 100 7 
34 93 83 34 48 73 
35 14 7 35 217 46 
36 170 232 36 188 125 
37 26 84 37 107 229 
38 216 36 38 13 227 
39 204 10 39 55 130 
40 268 162 40 213 36 
41 94 11 41 199 190 
42 248 253 42 123 70 
43 169 138 43 221 272 
44 136 219 44 191 107 
45 13 264 45 153 139 
46 38 93 46 124 74 
47 230 210 47 183 156 
48 163 123 48 233 143 
49 221 15 49 204 277 
50 228 270 50 215 187 
51 191 153 51 237 240 
52 127 228 52 212 34 
53 80 60 53 37 124 
54 91 13 54 109 15 
55 117 49 55 7 168 
56 96 98 56 249 206 
57 56 238 57 219 196 
58 189 225 58 277 23 
59 98 208 59 43 192 
60 166 94 60 88 89 
61 81 140 61 130 101 
62 229 213 62 252 205 
63 101 168 63 182 38 
64 135 178 64 211 237 
65 39 52 65 268 128 
66 70 50 66 146 165 
67 51 173 67 270 88 
68 64 182 68 114 127 
69 1 227 69 260 92 
70 155 92 70 192 262 
71 154 186 71 132 186 
72 263 137 72 226 60 
73 53 48 73 34 183 
74 92 195 74 129 12 
75 124 107 75 209 219 
76 249 159 76 102 2 
77 113 172 77 184 111 
78 18 191 78 6 116 
79 223 242 79 246 13 
80 29 143 80 33 126 
81 244 207 81 269 59 
82 23 44 82 210 162 
83 165 233 83 115 64 
84 200 104 84 122 17 
85 144 150 85 240 250 
86 112 68 86 143 3 
87 180 277 87 111 194 
88 250 69 88 117 224 
89 5 17 89 152 9 
90 242 114 90 3 82 
91 272 61 91 164 112 
92 59 118 92 63 270 
93 79 221 93 131 30 
94 109 275 94 231 252 
95 178 117 95 44 266 
96 41 249 96 51 44 
97 195 273 97 49 100 
98 241 200 98 189 114 
99 174 183 99 61 174 
100 227 18 100 73 236 
101 212 169 101 62 67 
102 186 202 102 2 197 
103 12 266 103 18 66 
104 128 6 104 106 6 
105 259 12 105 92 195 
106 30 214 106 1 81 
107 192 194 107 36 10 
108 275 51 108 250 80 
109 233 70 109 154 40 
110 262 71 110 29 29 
111 21 25 111 27 158 
112 84 105 112 83 5 
113 58 54 113 258 239 
114 179 90 114 12 24 
115 74 53 115 162 137 
116 123 179 116 181 51 
117 25 82 117 272 123 
118 6 122 118 243 78 
119 265 239 119 256 185 
120 197 116 120 41 273 
121 185 252 121 119 148 
122 32 155 122 179 118 
123 162 189 123 157 216 
124 159 110 124 97 231 
125 87 216 125 60 32 
126 65 196 126 247 58 
127 172 89 127 222 94 
128 131 55 128 145 76 
129 108 251 129 165 69 
130 42 73 130 89 122 
131 104 218 131 136 179 
132 175 130 132 196 275 
133 173 101 133 82 243 
134 7 20 134 224 172 
135 201 248 135 218 248 
136 213 24 136 168 90 
137 126 16 137 4 175 
138 152 152 138 230 177 
139 203 185 139 173 33 
140 16 87 140 170 161 
141 62 39 141 241 39 
142 49 188 142 275 225 
143 89 74 143 225 247 
144 147 184 144 197 184 
145 240 217 145 84 20 
146 20 75 146 94 18 
147 261 21 147 38 21 
148 226 269 148 81 72 
149 232 108 149 149 108 
150 270 112 150 194 119 
151 253 220 151 193 53 
152 260 163 152 150 268 
153 149 88 153 96 27 
154 76 236 154 105 211 
155 11 86 155 187 181 
156 211 124 156 251 87 
157 37 142 157 59 41 
158 273 271 158 195 271 
159 103 64 159 21 233 
160 22 47 160 139 47 
161 71 151 161 244 43 
162 63 97 162 208 218 
163 142 63 163 227 208 
164 143 72 164 175 258 
165 105 106 165 110 85 
166 246 26 166 24 55 
167 252 27 167 239 56 
168 239 28 168 54 221 
169 247 157 169 172 109 
170 35 160 170 140 256 
171 217 154 171 10 238 
172 256 19 172 22 259 
173 19 32 173 17 274 
174 238 203 174 238 157 
175 196 99 175 113 104 
176 99 170 176 202 170 
177 107 156 177 266 210 
178 184 76 178 78 160 
179 225 126 179 116 278 
180 46 33 180 190 264 
181 95 111 181 216 201 
182 97 34 182 70 173 
183 148 85 183 264 234 
184 243 30 184 23 220 
185 277 223 185 261 19 
186 132 35 186 259 203 
187 130 263 187 201 121 
188 145 261 188 137 16 
189 140 62 189 95 228 
190 115 65 190 108 110 
191 10 77 191 118 171 
192 106 103 192 9 214 
193 134 187 193 67 155 
194 48 40 194 121 115 
195 234 56 195 77 212 
196 75 31 196 163 62 
197 67 119 197 271 61 
198 151 146 198 28 146 
199 61 59 199 166 207 
200 187 42 200 75 14 
201 206 43 201 198 149 
202 274 22 202 127 1 
203 254 222 203 158 182 
204 4 224 204 86 79 
205 160 244 205 98 169 
206 171 135 206 90 97 
207 36 102 207 232 57 
208 190 229 208 71 222 
209 8 209 209 19 166 
210 34 23 210 101 188 
211 183 131 211 255 131 
212 276 149 212 144 106 
213 138 144 213 134 145 
214 55 241 214 223 134 
215 133 91 215 35 159 
216 214 274 216 80 91 
217 88 78 217 161 251 
218 157 79 218 220 65 
219 257 245 219 40 223 
220 224 246 220 112 241 
221 210 180 221 236 147 
222 231 254 222 11 245 
223 121 128 223 228 163 
224 219 41 224 39 249 
225 264 231 225 155 135 
226 251 134 226 91 35 
227 182 243 227 32 265 
228 40 120 228 99 120 
229 122 14 229 53 132 
230 150 145 230 206 189 
231 57 80 231 68 178 
232 139 58 232 235 200 
233 258 129 233 128 191 
234 218 171 234 248 246 
235 77 132 235 20 113 
236 125 121 236 69 77 
237 2 255 237 257 254 
238 245 257 238 120 255 
239 141 113 239 31 63 
240 116 161 240 26 235 
241 202 256 241 253 199 
242 222 136 242 25 95 
243 188 174 243 174 152 
244 176 57 244 156 261 
245 31 259 245 178 263 
246 60 127 246 160 257 
247 205 226 247 16 260 
248 54 267 248 30 267 
249 194 66 249 74 99 
250 267 81 250 278 279 
251 102 109 251 141 253 
252 237 234 252 263 105 
253 15 165 253 169 153 
254 9 206 254 229 96 
255 137 175 255 148 49 
256 69 166 256 242 209 
257 193 176 257 50 176 
258 119 167 258 87 167 
259 220 147 259 8 71 
260 167 139 260 56 244 
261 236 100 261 58 226 
262 100 37 262 103 164 
263 207 181 263 126 86 
264 118 272 264 45 83 
265 111 211 265 138 68 
266 73 260 266 214 140 
267 83 205 267 85 154 
268 164 158 268 177 25 
269 50 268 269 205 52 
270 271 133 270 200 142 
271 269 46 271 147 150 
272 27 258 272 203 141 
273 198 199 273 276 42 
274 120 38 274 133 48 
275 3 235 275 64 117 
276 208 198 276 262 198 
277 181 276 277 79 217 
278 156 29 278 46 180 
279 78 2 279 279 202 
