***********************************
Experiment parameters:
Experiment results:
Permutations:
I U RANK QCV rand PATH 
1 265 127 254 47 254 
2 250 241 105 186 97 
3 55 209 114 180 114 
4 142 175 138 273 218 
5 183 18 154 176 94 
6 255 277 247 14 231 
7 66 186 237 135 227 
8 258 136 17 167 17 
9 243 101 109 267 170 
10 263 147 12 142 213 
11 181 66 214 234 240 
12 163 203 213 72 37 
13 140 257 10 245 10 
14 123 204 68 57 68 
15 252 216 181 66 138 
16 13 60 126 125 126 
17 156 212 193 207 193 
18 95 19 242 254 74 
19 233 4 227 171 151 
20 135 68 28 104 79 
21 172 154 172 5 172 
22 35 5 108 93 154 
23 6 84 151 65 34 
24 187 6 265 76 265 
25 124 104 60 15 60 
26 180 86 9 52 7 
27 218 98 271 151 271 
28 222 178 78 42 174 
29 127 7 135 185 159 
30 221 197 124 159 124 
31 100 82 29 274 29 
32 278 133 125 265 125 
33 251 191 65 100 180 
34 79 83 113 48 33 
35 275 155 137 217 26 
36 115 152 96 188 202 
37 152 244 142 107 44 
38 153 260 48 13 48 
39 149 270 218 55 111 
40 99 17 161 213 161 
41 39 106 156 199 206 
42 17 247 273 123 273 
43 93 142 177 221 107 
44 56 263 196 191 196 
45 242 242 203 153 203 
46 57 156 250 124 204 
47 148 149 67 183 67 
48 84 276 84 233 84 
49 130 272 269 204 197 
50 89 173 89 215 89 
51 73 159 232 237 232 
52 230 259 21 212 134 
53 145 39 118 37 118 
54 220 181 94 109 179 
55 61 38 38 7 38 
56 1 199 1 249 1 
57 23 194 228 219 132 
58 38 15 91 277 91 
59 254 195 31 43 31 
60 247 117 144 88 144 
61 205 243 50 130 50 
62 119 226 7 252 176 
63 50 266 106 182 106 
64 143 174 56 211 259 
65 185 168 188 268 188 
66 248 69 256 146 256 
67 273 192 167 270 167 
68 90 137 86 114 56 
69 238 54 189 260 189 
70 236 274 54 192 54 
71 113 29 82 132 82 
72 177 275 39 226 39 
73 49 253 43 34 43 
74 105 43 238 129 238 
75 41 239 40 209 40 
76 72 40 51 102 51 
77 259 36 200 184 200 
78 190 71 194 6 47 
79 176 233 83 246 83 
80 109 102 116 33 116 
81 91 166 219 269 219 
82 122 161 260 210 260 
83 9 201 115 115 115 
84 44 176 37 122 42 
85 174 112 221 240 221 
86 58 235 33 143 75 
87 14 62 6 111 6 
88 64 249 195 117 9 
89 223 190 140 152 143 
90 69 196 19 3 19 
91 48 25 58 164 58 
92 226 89 11 63 11 
93 267 164 112 131 220 
94 31 225 120 231 120 
95 208 180 13 44 13 
96 166 48 274 51 274 
97 101 77 80 49 80 
98 112 183 171 189 86 
99 260 219 158 61 158 
100 161 265 216 73 216 
101 188 113 178 62 178 
102 164 134 55 2 108 
103 36 12 179 18 49 
104 88 58 25 106 25 
105 241 238 184 92 184 
106 116 250 224 1 224 
107 192 214 270 36 270 
108 107 278 226 250 226 
109 125 72 143 154 93 
110 18 145 148 29 148 
111 47 210 257 27 257 
112 173 90 20 83 20 
113 200 193 18 258 18 
114 29 230 187 12 187 
115 158 215 15 162 32 
116 228 129 164 181 164 
117 167 3 276 272 276 
118 81 120 81 243 81 
119 147 237 147 256 147 
120 59 153 77 41 77 
121 25 232 90 119 90 
122 8 252 162 179 162 
123 216 97 241 157 241 
124 234 206 155 97 181 
125 256 50 97 60 239 
126 70 24 53 247 53 
127 71 144 117 222 117 
128 196 130 129 145 129 
129 86 258 208 165 208 
130 65 21 132 89 194 
131 19 75 49 136 139 
132 146 140 267 196 267 
133 126 256 262 82 262 
134 232 200 104 224 104 
135 74 211 211 218 211 
136 169 187 230 168 230 
137 12 115 207 4 207 
138 178 121 103 230 103 
139 137 177 57 173 92 
140 189 109 275 170 275 
141 165 222 222 241 222 
142 20 91 32 275 15 
143 4 231 234 225 228 
144 207 10 217 197 217 
145 219 248 198 84 198 
146 43 234 134 94 96 
147 2 205 205 38 205 
148 209 271 146 81 146 
149 266 114 209 149 209 
150 141 160 160 194 160 
151 7 99 223 193 223 
152 53 45 141 150 141 
153 28 87 34 96 62 
154 22 255 249 105 249 
155 231 14 236 187 236 
156 239 118 133 251 153 
157 129 169 8 59 8 
158 15 131 131 195 131 
159 201 217 201 21 201 
160 268 251 251 139 251 
161 131 167 16 244 16 
162 37 73 244 208 135 
163 249 65 2 227 2 
164 120 74 279 175 46 
165 191 124 240 110 98 
166 246 26 23 24 190 
167 103 27 278 239 165 
168 106 28 123 54 277 
169 262 171 101 172 101 
170 27 172 220 140 27 
171 179 202 180 10 242 
172 214 123 225 22 214 
173 94 31 47 17 235 
174 225 92 99 238 225 
175 269 269 176 113 278 
176 138 85 85 202 85 
177 199 11 61 266 61 
178 184 16 27 78 41 
179 151 116 3 116 3 
180 34 221 231 190 65 
181 76 2 64 216 64 
182 128 34 183 70 255 
183 217 254 44 264 127 
184 117 30 233 23 183 
185 235 110 41 261 5 
186 104 163 190 259 247 
187 195 23 166 201 140 
188 211 184 36 137 36 
189 10 240 170 95 30 
190 224 224 42 108 87 
191 162 267 159 118 23 
192 52 41 202 9 237 
193 160 162 173 67 173 
194 203 42 5 121 99 
195 78 165 268 77 191 
196 46 33 139 163 57 
197 171 122 122 271 122 
198 276 67 149 28 149 
199 42 126 127 166 166 
200 215 44 74 75 66 
201 102 125 79 198 246 
202 92 46 30 127 109 
203 77 35 255 158 171 
204 212 37 93 86 245 
205 60 47 204 98 261 
206 45 93 206 90 71 
207 67 1 121 232 121 
208 157 261 197 71 59 
209 193 61 252 19 252 
210 245 22 22 101 22 
211 85 76 76 255 76 
212 154 49 92 144 269 
213 197 96 98 134 12 
214 139 132 130 223 52 
215 240 52 246 35 268 
216 261 53 153 80 264 
217 132 78 62 161 123 
218 194 79 111 220 279 
219 51 107 35 40 28 
220 87 55 259 112 156 
221 144 70 145 236 145 
222 30 56 75 11 250 
223 277 188 45 228 45 
224 270 8 136 39 136 
225 110 57 245 155 112 
226 186 179 258 91 258 
227 24 262 157 32 157 
228 133 100 100 99 100 
229 21 139 277 53 133 
230 82 151 191 206 55 
231 33 268 239 68 155 
232 204 273 107 235 234 
233 111 59 24 128 137 
234 264 88 174 248 233 
235 96 94 66 20 105 
236 68 111 26 69 244 
237 206 246 264 257 113 
238 279 143 52 120 21 
239 98 108 261 31 88 
240 202 150 235 26 35 
241 75 20 4 253 4 
242 54 138 59 25 78 
243 26 103 199 174 199 
244 244 185 248 156 248 
245 5 9 192 178 192 
246 121 264 88 160 195 
247 213 32 215 16 215 
248 108 279 46 30 130 
249 62 13 165 74 142 
250 155 81 87 278 24 
251 118 228 71 141 177 
252 159 213 186 263 186 
253 150 80 150 169 150 
254 32 158 185 229 185 
255 114 207 253 148 253 
256 227 128 128 242 128 
257 182 63 63 50 63 
258 63 182 182 87 182 
259 11 148 229 8 229 
260 272 135 272 56 272 
261 134 223 243 58 243 
262 80 105 102 103 102 
263 170 236 14 126 14 
264 40 146 152 45 152 
265 198 220 175 138 175 
266 168 157 69 214 69 
267 274 218 163 85 163 
268 210 95 210 177 210 
269 237 141 168 205 168 
270 271 189 169 200 169 
271 83 245 72 147 72 
272 136 170 212 203 212 
273 229 208 73 276 73 
274 175 64 266 133 266 
275 97 227 110 64 110 
276 253 119 119 262 119 
277 16 198 95 79 95 
278 257 229 70 46 70 
279 3 51 263 279 263 
