***********************************
Experiment parameters:
Experiment results:
Permutations:
I U RANK QCV rand PATH 
1 252 212 194 47 22 
2 245 252 262 186 29 
3 64 169 64 180 64 
4 132 266 22 273 54 
5 82 237 82 176 82 
6 72 200 265 14 72 
7 69 52 69 135 69 
8 216 270 216 167 216 
9 140 30 140 267 140 
10 202 42 139 142 139 
11 197 277 197 234 197 
12 46 136 46 72 46 
13 261 195 261 245 261 
14 139 119 202 57 202 
15 27 62 27 66 27 
16 157 102 157 125 157 
17 74 151 74 207 74 
18 3 129 29 254 84 
19 145 145 145 171 145 
20 29 117 252 104 93 
21 214 179 214 5 214 
22 22 153 271 93 113 
23 277 11 277 65 277 
24 165 267 165 76 165 
25 56 38 56 15 56 
26 49 100 49 52 49 
27 57 243 57 151 57 
28 171 207 171 42 171 
29 114 91 114 185 114 
30 199 199 199 159 199 
31 119 24 119 274 119 
32 16 217 16 265 16 
33 5 241 5 100 5 
34 84 163 200 48 117 
35 207 229 207 217 207 
36 28 233 28 188 28 
37 105 130 105 107 105 
38 143 128 143 13 143 
39 100 48 100 55 100 
40 185 279 185 213 185 
41 224 218 224 199 224 
42 187 150 187 123 187 
43 255 211 255 221 255 
44 176 60 176 191 176 
45 159 86 159 153 159 
46 278 21 278 124 278 
47 23 259 23 183 23 
48 32 32 32 233 32 
49 89 152 54 204 120 
50 124 170 124 215 124 
51 190 16 190 237 190 
52 125 202 125 212 125 
53 279 214 279 37 279 
54 228 224 228 109 228 
55 81 222 81 7 81 
56 127 127 127 249 127 
57 152 29 72 219 129 
58 218 41 218 277 218 
59 13 278 13 43 13 
60 221 98 221 88 221 
61 15 184 15 130 15 
62 8 64 8 252 8 
63 136 225 136 182 136 
64 227 227 227 211 227 
65 220 1 220 268 220 
66 257 190 257 146 257 
67 67 131 67 270 67 
68 238 19 238 114 238 
69 93 276 276 260 132 
70 24 3 24 192 24 
71 268 17 268 132 268 
72 25 213 25 226 25 
73 76 239 76 34 76 
74 14 114 14 129 14 
75 45 36 45 209 45 
76 189 75 189 102 189 
77 12 197 12 184 12 
78 233 110 233 6 233 
79 91 14 91 246 91 
80 130 49 130 33 130 
81 182 124 182 269 182 
82 117 132 266 210 144 
83 92 87 92 115 92 
84 267 73 267 122 267 
85 215 274 215 240 215 
86 33 37 33 143 33 
87 60 248 60 111 60 
88 63 155 63 117 63 
89 37 70 37 152 37 
90 250 92 250 3 250 
91 18 90 18 164 18 
92 251 59 251 63 251 
93 41 96 41 131 41 
94 109 103 109 231 109 
95 78 146 78 44 78 
96 156 249 156 51 156 
97 160 160 160 49 160 
98 98 154 98 189 98 
99 153 120 93 61 152 
100 7 251 7 73 7 
101 87 2 87 62 87 
102 256 156 264 2 264 
103 229 34 229 18 229 
104 9 112 9 106 9 
105 120 271 84 92 153 
106 122 122 122 1 122 
107 146 78 146 36 146 
108 113 183 117 250 163 
109 155 45 155 154 155 
110 273 216 273 29 273 
111 151 125 151 27 151 
112 178 221 178 83 178 
113 103 180 103 258 103 
114 44 182 272 12 272 
115 246 9 246 162 246 
116 38 232 38 181 38 
117 172 275 172 272 172 
118 241 231 241 243 241 
119 164 12 164 256 164 
120 209 142 209 41 209 
121 206 235 206 119 206 
122 272 97 44 179 44 
123 175 238 175 157 175 
124 248 15 169 97 169 
125 101 47 101 60 101 
126 142 71 142 247 142 
127 73 77 73 222 73 
128 208 115 208 145 208 
129 123 174 123 165 123 
130 264 256 256 89 256 
131 169 168 248 136 248 
132 108 82 108 196 108 
133 70 191 70 82 70 
134 30 236 30 224 30 
135 129 262 113 218 183 
136 86 171 86 168 86 
137 162 35 162 4 162 
138 17 161 17 230 17 
139 247 106 247 173 247 
140 58 147 58 170 58 
141 198 111 198 241 198 
142 40 40 40 275 40 
143 141 193 141 225 141 
144 204 165 204 197 204 
145 150 188 150 84 150 
146 174 204 174 94 174 
147 263 263 263 38 263 
148 80 80 80 81 80 
149 173 264 173 149 173 
150 205 205 205 194 205 
151 234 61 234 193 234 
152 184 173 184 150 184 
153 269 10 269 96 269 
154 1 255 1 105 1 
155 31 220 31 187 31 
156 158 158 158 251 158 
157 104 177 104 59 104 
158 167 18 167 195 167 
159 42 206 42 21 42 
160 161 46 161 139 161 
161 240 5 240 244 240 
162 47 138 47 208 47 
163 111 198 111 227 111 
164 35 43 35 175 35 
165 61 269 61 110 61 
166 170 94 170 24 170 
167 253 253 253 239 253 
168 203 181 203 54 203 
169 4 4 4 172 4 
170 138 260 138 140 138 
171 154 63 154 10 154 
172 110 250 110 22 110 
173 10 210 10 17 10 
174 186 104 186 238 186 
175 188 273 188 113 188 
176 54 93 245 202 194 
177 144 265 120 266 200 
178 149 31 149 78 149 
179 21 223 21 116 21 
180 77 208 77 190 77 
181 131 186 131 216 131 
182 53 209 53 70 53 
183 275 118 275 264 275 
184 231 123 231 23 231 
185 254 254 254 261 254 
186 242 162 242 259 242 
187 121 135 121 201 121 
188 116 242 116 137 116 
189 11 141 11 95 11 
190 213 89 213 108 213 
191 107 107 107 118 107 
192 66 66 66 9 66 
193 191 68 191 67 191 
194 71 7 71 121 71 
195 39 39 39 77 39 
196 259 257 259 163 259 
197 236 244 236 271 236 
198 239 76 239 28 239 
199 43 83 43 166 43 
200 75 23 75 75 75 
201 230 51 230 198 230 
202 97 6 223 127 223 
203 90 164 90 158 90 
204 99 157 99 86 99 
205 118 149 118 98 118 
206 128 57 128 90 128 
207 26 26 26 232 26 
208 260 246 260 71 260 
209 217 28 217 19 217 
210 181 247 181 101 181 
211 19 20 19 255 270 
212 48 13 48 144 48 
213 147 58 147 134 147 
214 148 148 148 223 148 
215 51 55 51 35 51 
216 179 65 179 80 179 
217 126 126 126 161 126 
218 192 133 192 220 192 
219 193 215 193 40 193 
220 223 272 97 112 97 
221 226 53 226 236 226 
222 211 166 211 11 211 
223 274 167 274 228 274 
224 168 8 168 39 168 
225 112 79 112 155 112 
226 194 245 129 91 212 
227 262 54 132 32 245 
228 195 189 195 99 195 
229 210 234 210 53 210 
230 59 226 59 206 59 
231 79 101 79 68 79 
232 249 176 249 235 249 
233 201 109 201 128 201 
234 212 268 225 248 243 
235 88 69 88 20 88 
236 232 219 232 69 232 
237 163 137 243 257 225 
238 200 74 244 120 244 
239 266 84 144 31 252 
240 83 105 83 26 83 
241 235 139 235 253 235 
242 265 22 152 25 262 
243 50 196 50 174 50 
244 96 228 96 156 96 
245 20 88 20 178 20 
246 225 144 153 160 265 
247 133 192 133 16 133 
248 65 185 65 30 65 
249 68 175 68 74 68 
250 36 178 36 278 36 
251 244 140 3 141 3 
252 62 25 62 263 62 
253 180 201 180 169 180 
254 166 172 166 229 166 
255 258 258 258 148 258 
256 177 67 177 242 177 
257 137 81 137 50 137 
258 115 240 115 87 115 
259 6 116 6 8 6 
260 243 113 183 56 266 
261 134 108 134 58 134 
262 106 203 106 103 106 
263 52 187 52 126 52 
264 34 27 34 45 34 
265 2 261 2 138 2 
266 222 85 222 214 222 
267 276 194 212 85 271 
268 196 50 196 177 196 
269 135 99 135 205 135 
270 94 44 94 200 94 
271 85 143 85 147 85 
272 183 159 89 203 89 
273 271 72 163 276 276 
274 219 56 219 133 219 
275 95 33 95 64 95 
276 270 121 270 262 19 
277 102 95 102 79 102 
278 237 230 237 46 237 
279 55 134 55 279 55 
