***********************************
Experiment parameters:
Experiment results:
Permutations:
I U RANK QCV rand PATH 
1 234 66 2 47 31 
2 207 2 207 186 225 
3 222 244 222 180 274 
4 169 268 31 273 145 
5 210 206 210 176 210 
6 150 67 234 14 237 
7 18 109 18 135 18 
8 243 243 243 167 243 
9 102 25 102 267 102 
10 263 47 263 142 263 
11 168 257 168 234 168 
12 13 53 13 72 13 
13 57 57 57 245 57 
14 39 62 39 57 39 
15 119 69 119 66 119 
16 255 191 255 125 255 
17 22 8 22 207 22 
18 96 216 40 254 179 
19 271 45 271 171 271 
20 43 207 41 104 182 
21 8 128 8 5 8 
22 41 270 43 93 276 
23 170 70 170 65 170 
24 213 144 213 76 213 
25 97 97 97 15 97 
26 15 87 15 52 15 
27 260 134 260 151 260 
28 242 133 242 42 242 
29 108 175 108 185 108 
30 224 226 224 159 224 
31 124 184 124 274 124 
32 151 165 151 265 151 
33 163 201 163 100 163 
34 31 220 216 48 67 
35 32 137 32 217 32 
36 176 275 176 188 176 
37 178 248 178 107 178 
38 62 95 62 13 62 
39 248 15 248 55 248 
40 27 5 27 213 27 
41 258 182 258 199 258 
42 110 112 110 123 110 
43 88 81 88 221 88 
44 274 228 274 191 222 
45 75 238 75 153 75 
46 153 186 153 124 153 
47 58 250 58 183 58 
48 14 14 14 233 14 
49 114 169 61 204 76 
50 28 44 28 215 28 
51 159 37 159 237 159 
52 184 174 184 212 184 
53 1 4 1 37 1 
54 44 103 44 109 44 
55 4 183 4 7 4 
56 223 223 223 249 223 
57 67 199 220 219 92 
58 103 132 103 277 103 
59 198 198 198 43 198 
60 19 249 19 88 19 
61 238 75 238 130 238 
62 122 78 122 252 122 
63 25 217 25 182 25 
64 23 247 23 211 23 
65 26 60 26 268 26 
66 181 185 181 146 181 
67 54 104 54 270 54 
68 121 16 121 114 121 
69 61 61 66 260 96 
70 95 99 95 192 95 
71 80 108 80 132 80 
72 235 79 235 226 235 
73 55 231 55 34 55 
74 189 189 189 129 189 
75 167 74 167 209 167 
76 165 252 165 102 165 
77 89 71 89 184 89 
78 37 176 37 6 37 
79 33 259 33 246 33 
80 245 245 245 33 245 
81 136 276 136 269 136 
82 66 135 67 210 116 
83 226 50 226 115 226 
84 201 279 201 122 201 
85 42 170 42 240 42 
86 35 30 35 143 35 
87 197 235 197 111 197 
88 191 35 191 117 191 
89 187 48 187 152 187 
90 50 58 50 3 50 
91 237 171 237 164 41 
92 179 179 179 63 61 
93 269 214 269 131 269 
94 192 125 192 231 192 
95 68 98 68 44 68 
96 12 91 12 51 12 
97 9 9 9 49 9 
98 209 188 209 189 209 
99 76 76 232 61 127 
100 38 203 38 73 38 
101 11 221 11 62 11 
102 79 242 79 2 79 
103 244 222 244 18 244 
104 59 193 59 106 59 
105 2 116 76 92 135 
106 83 83 83 1 83 
107 98 36 98 36 98 
108 63 96 199 250 160 
109 16 202 16 154 16 
110 17 115 17 29 17 
111 140 102 140 27 140 
112 109 265 109 83 109 
113 120 194 120 258 120 
114 182 123 182 12 66 
115 193 59 193 162 193 
116 185 159 185 181 185 
117 100 233 100 272 100 
118 219 94 219 243 219 
119 205 157 205 256 205 
120 173 163 173 41 173 
121 259 130 259 119 259 
122 276 28 276 179 43 
123 251 271 251 157 251 
124 91 119 91 97 91 
125 194 190 194 60 194 
126 262 172 262 247 262 
127 203 173 203 222 203 
128 279 215 279 145 279 
129 144 219 144 165 144 
130 231 138 231 89 231 
131 204 21 204 136 204 
132 278 29 278 196 278 
133 56 255 56 82 56 
134 118 260 118 224 118 
135 116 40 92 218 169 
136 69 204 69 168 69 
137 113 73 113 4 113 
138 99 143 99 230 99 
139 267 267 267 173 267 
140 129 142 129 170 129 
141 154 68 154 241 154 
142 145 145 145 275 40 
143 233 89 233 225 233 
144 230 230 230 197 230 
145 30 246 30 84 30 
146 180 211 180 94 180 
147 225 227 225 38 2 
148 84 84 84 81 84 
149 78 12 78 149 78 
150 134 80 134 194 134 
151 107 139 107 193 107 
152 138 162 138 150 138 
153 125 192 125 96 125 
154 71 146 71 105 71 
155 34 205 34 187 34 
156 77 254 77 251 77 
157 101 164 101 59 101 
158 70 86 70 195 70 
159 5 27 5 21 5 
160 128 33 128 139 128 
161 261 6 261 244 261 
162 190 196 190 208 190 
163 36 154 36 227 36 
164 73 266 73 175 73 
165 229 155 229 110 229 
166 214 236 214 24 214 
167 239 239 239 239 239 
168 272 161 272 54 272 
169 51 51 51 172 51 
170 155 240 155 140 155 
171 82 251 82 10 82 
172 117 181 117 22 117 
173 65 229 65 17 65 
174 104 101 104 238 104 
175 45 121 45 113 45 
176 92 41 241 202 199 
177 135 43 116 266 207 
178 81 88 81 78 81 
179 49 148 49 116 49 
180 172 256 172 190 172 
181 212 212 212 216 212 
182 211 213 211 70 211 
183 149 149 149 264 149 
184 94 38 94 23 94 
185 131 210 131 261 131 
186 87 153 87 259 87 
187 202 141 202 201 202 
188 266 273 266 137 266 
189 86 156 86 95 86 
190 137 32 137 108 137 
191 111 111 111 118 111 
192 90 107 90 9 90 
193 115 187 115 67 115 
194 256 261 256 121 256 
195 273 113 273 77 273 
196 3 224 3 163 3 
197 174 39 174 271 174 
198 228 197 228 28 228 
199 186 49 186 166 186 
200 29 131 29 75 29 
201 208 278 208 198 208 
202 24 24 24 127 24 
203 171 26 171 158 171 
204 143 177 246 86 246 
205 60 34 60 98 60 
206 53 140 53 90 53 
207 10 208 10 232 10 
208 240 218 240 71 240 
209 7 10 7 19 7 
210 105 272 105 101 105 
211 48 152 48 255 112 
212 147 147 147 144 147 
213 142 129 142 134 142 
214 254 77 254 223 254 
215 166 7 166 35 166 
216 47 46 47 80 47 
217 264 264 264 161 264 
218 195 195 195 220 195 
219 146 168 146 40 146 
220 40 136 236 112 236 
221 85 262 85 236 85 
222 257 100 257 11 257 
223 156 42 156 228 156 
224 21 93 21 39 21 
225 139 106 139 155 139 
226 160 127 96 91 216 
227 236 160 127 32 220 
228 275 277 275 99 275 
229 106 65 106 53 106 
230 6 180 6 206 6 
231 218 90 218 68 218 
232 93 55 93 235 93 
233 196 120 196 128 196 
234 220 263 143 248 143 
235 249 56 249 20 249 
236 221 126 221 69 221 
237 199 150 114 257 114 
238 127 22 150 120 150 
239 253 232 253 31 232 
240 148 158 148 26 148 
241 217 1 217 253 217 
242 268 234 160 25 234 
243 52 64 52 174 52 
244 132 269 132 156 132 
245 152 200 152 178 152 
246 216 31 270 160 241 
247 227 225 227 16 227 
248 46 23 46 30 46 
249 141 209 141 74 141 
250 74 17 74 278 74 
251 183 114 183 141 183 
252 133 274 133 263 133 
253 72 72 72 169 72 
254 157 237 157 229 157 
255 20 20 20 148 20 
256 164 54 164 242 164 
257 247 13 247 50 247 
258 215 85 215 87 215 
259 158 178 158 8 158 
260 232 241 135 56 253 
261 252 117 252 58 252 
262 161 105 161 103 161 
263 265 82 265 126 265 
264 162 122 162 45 162 
265 250 3 250 138 250 
266 130 118 130 214 130 
267 241 253 169 85 268 
268 64 52 64 177 64 
269 177 18 177 205 177 
270 123 258 123 200 123 
271 175 124 175 147 175 
272 246 63 63 203 63 
273 270 92 268 276 270 
274 206 151 206 133 206 
275 200 19 200 64 200 
276 112 167 112 262 48 
277 188 110 188 79 188 
278 126 166 126 46 126 
279 277 11 277 279 277 
