***********************************
Experiment parameters:
Experiment results:
Permutations:
I U RANK QCV rand PATH 
1 272 237 2 47 17 
2 246 2 205 186 26 
3 50 109 223 180 50 
4 205 276 17 273 92 
5 30 93 30 176 30 
6 75 75 29 14 264 
7 216 221 216 135 216 
8 279 233 279 167 279 
9 81 4 81 267 81 
10 16 16 203 142 203 
11 234 163 234 234 234 
12 108 211 108 72 108 
13 116 112 116 245 116 
14 203 232 156 57 156 
15 160 152 209 66 160 
16 166 49 166 125 166 
17 80 273 80 207 80 
18 61 238 34 254 32 
19 210 89 210 171 210 
20 17 204 38 104 41 
21 131 95 131 5 131 
22 34 265 41 93 61 
23 36 9 36 65 36 
24 177 278 177 76 177 
25 20 116 20 15 20 
26 53 66 53 52 53 
27 41 117 241 151 241 
28 209 15 160 42 209 
29 183 131 183 185 183 
30 268 199 268 159 268 
31 230 85 230 274 230 
32 206 63 206 265 206 
33 226 32 226 100 226 
34 2 205 229 48 68 
35 106 176 106 217 106 
36 74 86 74 188 74 
37 56 46 56 107 56 
38 76 156 76 13 76 
39 190 13 190 55 190 
40 114 185 114 213 114 
41 149 10 149 199 149 
42 52 94 52 123 52 
43 163 23 163 221 163 
44 223 178 50 191 223 
45 15 155 15 153 15 
46 274 261 274 124 274 
47 167 119 167 183 167 
48 270 270 270 233 270 
49 38 272 207 204 75 
50 10 77 10 215 10 
51 115 20 115 237 115 
52 85 170 85 212 85 
53 44 217 44 37 44 
54 248 149 248 109 248 
55 95 241 95 7 95 
56 103 103 103 249 103 
57 78 34 271 219 111 
58 102 249 102 277 102 
59 121 190 121 43 121 
60 252 165 252 88 252 
61 191 191 191 130 191 
62 176 146 176 252 176 
63 217 266 217 182 217 
64 232 183 232 211 232 
65 82 27 82 268 82 
66 3 120 3 146 3 
67 256 84 256 270 256 
68 28 37 28 114 28 
69 29 254 61 260 132 
70 267 239 267 192 267 
71 247 76 247 132 247 
72 182 257 182 226 182 
73 146 223 146 34 146 
74 117 81 117 129 117 
75 88 166 88 209 88 
76 24 145 24 102 24 
77 90 173 90 184 90 
78 240 268 240 6 240 
79 22 108 22 246 22 
80 39 275 39 33 39 
81 77 228 77 269 77 
82 68 207 68 210 158 
83 145 99 145 115 145 
84 83 8 83 122 83 
85 219 194 219 240 219 
86 250 59 250 143 250 
87 152 67 152 111 152 
88 148 161 148 117 148 
89 196 159 196 152 196 
90 91 260 91 3 91 
91 264 255 264 164 34 
92 32 253 32 63 38 
93 224 245 224 131 224 
94 87 231 87 231 87 
95 31 129 31 44 31 
96 140 242 140 51 140 
97 175 175 175 49 175 
98 164 98 164 189 164 
99 241 68 75 61 169 
100 45 258 45 73 45 
101 215 130 215 62 215 
102 67 144 214 2 67 
103 242 181 242 18 242 
104 138 105 138 106 138 
105 169 29 246 92 204 
106 69 69 69 1 69 
107 126 31 126 36 126 
108 132 169 111 250 205 
109 37 186 37 154 37 
110 89 188 89 29 89 
111 5 114 5 27 5 
112 233 252 233 83 233 
113 202 79 202 258 202 
114 228 224 228 12 228 
115 105 18 105 162 105 
116 235 151 235 181 235 
117 194 107 194 272 194 
118 258 225 258 243 258 
119 173 104 173 256 173 
120 179 168 179 41 179 
121 4 35 4 119 4 
122 245 248 245 179 245 
123 49 263 49 157 49 
124 71 140 257 97 257 
125 48 142 48 60 48 
126 137 171 137 247 137 
127 133 45 133 222 133 
128 195 172 195 145 195 
129 222 177 222 165 222 
130 214 182 67 89 214 
131 257 213 71 136 71 
132 86 206 86 196 86 
133 47 250 47 82 47 
134 58 44 58 224 58 
135 111 243 132 218 207 
136 155 50 155 168 155 
137 174 198 174 4 174 
138 64 55 64 230 64 
139 157 113 157 173 157 
140 96 101 96 170 96 
141 200 126 200 241 200 
142 92 92 92 275 29 
143 122 122 122 225 122 
144 57 133 57 197 57 
145 110 236 110 84 110 
146 168 137 168 94 168 
147 26 97 26 38 2 
148 42 42 42 81 42 
149 43 43 43 149 43 
150 25 230 25 194 25 
151 184 51 184 193 184 
152 144 54 144 150 144 
153 231 193 231 96 231 
154 104 219 104 105 104 
155 154 36 154 187 154 
156 73 100 73 251 73 
157 162 201 162 59 162 
158 255 234 255 195 255 
159 153 247 153 21 153 
160 273 64 273 139 273 
161 6 57 6 244 6 
162 118 12 118 208 118 
163 129 200 129 227 129 
164 198 121 198 175 198 
165 193 218 193 110 193 
166 277 227 277 24 277 
167 72 72 72 239 72 
168 141 128 141 54 141 
169 14 73 14 172 14 
170 65 184 65 140 65 
171 136 147 136 10 136 
172 125 240 125 22 125 
173 79 192 79 17 79 
174 40 40 40 238 40 
175 94 279 94 113 94 
176 204 17 237 202 229 
177 158 229 265 266 237 
178 62 82 62 78 62 
179 123 208 123 116 123 
180 278 6 278 190 278 
181 201 256 201 216 201 
182 8 7 8 70 8 
183 143 90 143 264 143 
184 171 179 171 23 171 
185 99 115 99 261 99 
186 66 174 66 259 66 
187 147 88 147 201 147 
188 208 53 208 137 208 
189 27 135 27 95 27 
190 109 160 109 108 109 
191 127 196 127 118 127 
192 244 48 244 9 244 
193 159 148 159 67 159 
194 172 195 172 121 172 
195 13 212 13 77 13 
196 124 125 124 163 124 
197 35 5 35 271 35 
198 181 197 181 28 181 
199 212 56 212 166 212 
200 33 91 33 75 33 
201 199 235 199 198 199 
202 189 39 189 127 189 
203 9 62 9 158 9 
204 263 210 263 86 263 
205 135 143 135 98 135 
206 55 203 55 90 55 
207 151 167 151 232 151 
208 192 244 192 71 192 
209 70 124 70 19 70 
210 113 157 113 101 113 
211 220 136 221 255 220 
212 261 274 261 144 261 
213 101 96 101 134 101 
214 100 14 100 223 100 
215 180 3 180 35 180 
216 266 58 266 80 266 
217 259 259 259 161 259 
218 97 21 97 220 97 
219 150 264 150 40 150 
220 227 277 227 112 227 
221 253 222 253 236 253 
222 262 150 262 11 262 
223 107 262 107 228 107 
224 54 71 54 39 54 
225 51 65 51 155 51 
226 207 246 238 91 238 
227 237 61 158 32 243 
228 260 180 260 99 260 
229 218 118 218 53 218 
230 225 226 225 206 225 
231 142 138 142 68 142 
232 197 214 197 235 197 
233 18 87 18 128 18 
234 211 153 16 248 16 
235 161 110 161 20 161 
236 63 70 63 69 63 
237 229 19 1 257 1 
238 156 60 211 120 211 
239 254 41 243 31 246 
240 275 123 275 26 275 
241 19 22 19 253 19 
242 265 111 254 25 254 
243 269 187 269 174 269 
244 249 102 249 156 249 
245 59 216 59 178 59 
246 243 38 169 160 265 
247 21 26 21 16 21 
248 170 25 170 30 170 
249 165 164 165 74 165 
250 186 28 186 278 186 
251 239 80 239 141 239 
252 213 78 213 263 213 
253 12 202 12 169 12 
254 23 154 23 229 23 
255 139 139 139 148 139 
256 84 162 84 242 84 
257 60 251 60 50 60 
258 7 83 7 87 7 
259 46 189 46 8 46 
260 238 158 276 56 271 
261 93 30 93 58 93 
262 128 141 128 103 128 
263 98 220 98 126 98 
264 178 209 178 45 178 
265 119 74 119 138 119 
266 251 267 251 214 251 
267 271 132 272 85 272 
268 187 269 187 177 187 
269 134 47 134 205 134 
270 11 11 11 200 11 
271 185 1 185 147 185 
272 1 106 78 203 78 
273 276 271 204 276 276 
274 120 24 120 133 120 
275 188 52 188 64 188 
276 221 134 220 262 221 
277 236 127 236 79 236 
278 112 33 112 46 112 
279 130 215 130 279 130 
