***********************************
Experiment parameters:
Experiment results:
Permutations:
I U RANK QCV rand PATH 
1 211 110 1 47 203 
2 229 51 2 186 106 
3 271 125 3 180 232 
4 175 9 4 273 259 
5 55 202 5 176 45 
6 252 20 6 14 87 
7 69 143 7 135 110 
8 184 222 8 167 204 
9 58 96 9 267 140 
10 56 1 10 142 249 
11 204 2 11 234 261 
12 10 79 12 72 99 
13 106 89 13 245 142 
14 1 209 14 57 272 
15 152 3 15 66 69 
16 168 238 16 125 66 
17 163 207 17 207 173 
18 190 41 18 254 67 
19 178 111 19 171 226 
20 192 152 20 104 135 
21 124 144 21 5 160 
22 70 235 22 93 212 
23 208 217 23 65 95 
24 272 208 24 76 29 
25 30 57 25 15 224 
26 48 83 26 52 73 
27 13 94 27 151 5 
28 18 24 28 42 230 
29 37 4 29 185 262 
30 127 179 30 159 21 
31 145 39 31 274 75 
32 173 120 32 265 239 
33 40 189 33 100 121 
34 59 80 34 48 25 
35 150 172 35 217 217 
36 78 171 36 188 200 
37 276 81 37 107 227 
38 194 224 38 13 58 
39 199 251 39 55 59 
40 144 279 40 213 146 
41 120 210 41 199 44 
42 26 254 42 123 9 
43 182 137 43 221 97 
44 188 105 44 191 8 
45 242 242 45 153 63 
46 83 174 46 124 3 
47 247 184 47 183 88 
48 267 278 48 233 4 
49 81 273 49 204 176 
50 104 139 50 215 107 
51 132 261 51 237 53 
52 240 240 52 212 211 
53 149 163 53 37 238 
54 263 97 54 109 209 
55 274 56 55 7 47 
56 41 267 56 249 89 
57 262 223 57 219 134 
58 86 132 58 277 78 
59 207 197 59 43 218 
60 38 67 60 88 10 
61 12 260 61 130 51 
62 256 204 62 252 214 
63 51 112 63 182 237 
64 248 248 64 211 247 
65 136 72 65 268 64 
66 231 85 66 146 265 
67 191 177 67 270 136 
68 165 175 68 114 42 
69 130 30 69 260 162 
70 275 194 70 192 112 
71 202 232 71 132 105 
72 232 256 72 226 153 
73 169 40 73 34 123 
74 47 239 74 129 86 
75 9 65 75 209 182 
76 243 157 76 102 266 
77 43 164 77 184 56 
78 176 126 78 6 23 
79 23 271 79 246 50 
80 239 66 80 33 33 
81 114 158 81 269 119 
82 221 115 82 210 279 
83 230 62 83 115 150 
84 158 252 84 122 143 
85 76 117 85 240 128 
86 254 68 86 143 195 
87 156 99 87 111 248 
88 80 69 88 117 126 
89 131 17 89 152 1 
90 5 219 90 3 109 
91 162 26 91 164 216 
92 141 244 92 63 193 
93 167 176 93 131 225 
94 197 227 94 231 94 
95 185 116 95 44 205 
96 139 146 96 51 194 
97 4 141 97 49 54 
98 172 181 98 189 96 
99 138 123 99 61 188 
100 151 18 100 73 171 
101 108 107 101 62 199 
102 33 19 102 2 103 
103 28 169 103 18 165 
104 44 156 104 106 278 
105 269 86 105 92 219 
106 22 272 106 1 71 
107 77 203 107 36 198 
108 62 50 108 250 271 
109 25 70 109 154 125 
110 241 122 110 29 174 
111 8 87 111 27 201 
112 206 154 112 83 276 
113 116 190 113 258 187 
114 129 113 114 12 268 
115 209 91 115 162 52 
116 103 173 116 181 170 
117 277 109 117 272 116 
118 166 102 118 243 242 
119 36 270 119 256 215 
120 113 168 120 41 223 
121 143 228 121 119 49 
122 7 193 122 179 129 
123 193 145 123 157 234 
124 21 186 124 97 72 
125 29 234 125 60 172 
126 220 274 126 247 55 
127 227 10 127 222 138 
128 119 128 128 145 77 
129 89 249 129 165 243 
130 140 198 130 89 43 
131 250 205 131 136 82 
132 213 135 132 196 147 
133 101 74 133 82 260 
134 215 180 134 224 2 
135 183 13 135 218 13 
136 24 268 136 168 113 
137 82 247 137 4 41 
138 155 114 138 230 275 
139 50 182 139 173 37 
140 234 276 140 170 246 
141 260 191 141 241 186 
142 238 104 142 275 202 
143 216 211 143 225 100 
144 96 15 144 197 255 
145 235 263 145 84 277 
146 148 214 146 94 148 
147 133 108 147 38 108 
148 111 269 148 81 229 
149 222 155 149 149 145 
150 251 206 150 194 156 
151 146 127 151 193 159 
152 52 5 152 150 83 
153 117 243 153 96 117 
154 16 22 154 105 267 
155 255 6 155 187 27 
156 179 246 156 251 6 
157 118 215 157 59 115 
158 259 231 158 195 233 
159 75 259 159 21 175 
160 102 192 160 139 192 
161 74 25 161 244 57 
162 187 71 162 208 152 
163 126 153 163 227 164 
164 135 118 164 175 111 
165 246 98 165 110 264 
166 218 101 166 24 79 
167 270 27 167 239 183 
168 189 245 168 54 22 
169 236 160 169 172 252 
170 137 130 170 140 161 
171 128 29 171 10 177 
172 72 250 172 22 197 
173 110 195 173 17 154 
174 161 88 174 238 32 
175 97 95 175 113 253 
176 107 133 176 202 133 
177 94 220 177 266 257 
178 177 73 178 78 137 
179 171 266 179 116 34 
180 233 31 180 190 263 
181 92 11 181 216 11 
182 67 32 182 70 210 
183 19 233 183 264 190 
184 219 33 184 23 168 
185 134 60 185 261 213 
186 63 34 186 259 68 
187 49 35 187 201 81 
188 196 46 188 137 40 
189 226 38 189 95 90 
190 71 149 190 108 151 
191 121 14 191 118 102 
192 214 55 192 9 61 
193 261 129 193 67 220 
194 39 213 194 121 222 
195 164 42 195 77 189 
196 88 36 196 163 236 
197 100 28 197 271 28 
198 266 136 198 28 184 
199 14 131 199 166 15 
200 195 93 200 75 144 
201 61 44 201 198 12 
202 224 45 202 127 124 
203 54 37 203 158 245 
204 34 138 204 86 270 
205 244 212 205 98 273 
206 53 106 206 90 31 
207 93 275 207 232 114 
208 154 49 208 71 130 
209 91 257 209 19 139 
210 279 16 210 101 16 
211 142 185 211 255 185 
212 228 218 212 144 118 
213 198 92 213 134 92 
214 186 170 214 223 91 
215 264 52 215 35 120 
216 212 221 216 80 191 
217 170 277 217 161 14 
218 273 76 218 220 38 
219 95 54 219 40 131 
220 105 225 220 112 157 
221 125 43 221 236 206 
222 42 264 222 11 127 
223 122 48 223 228 132 
224 225 100 224 39 207 
225 159 90 225 155 235 
226 112 150 226 91 181 
227 66 53 227 32 76 
228 64 236 228 99 18 
229 3 258 229 53 228 
230 99 148 230 206 35 
231 109 216 231 68 39 
232 35 58 232 235 256 
233 31 59 233 128 167 
234 205 229 234 248 196 
235 32 147 235 20 20 
236 73 61 236 69 80 
237 253 161 237 257 17 
238 237 237 238 120 158 
239 153 63 239 31 274 
240 87 183 240 26 60 
241 174 196 241 253 65 
242 123 134 242 25 85 
243 17 188 243 174 141 
244 268 119 244 156 62 
245 181 21 245 178 24 
246 46 253 246 160 269 
247 210 82 247 16 254 
248 257 159 248 30 244 
249 203 226 249 74 179 
250 68 78 250 278 36 
251 45 103 251 141 169 
252 11 199 252 263 258 
253 20 124 253 169 101 
254 249 262 254 229 26 
255 223 7 255 148 7 
256 200 178 256 242 74 
257 84 166 257 50 166 
258 6 84 258 87 84 
259 60 241 259 8 122 
260 15 12 260 56 48 
261 85 75 261 58 46 
262 217 77 262 103 180 
263 160 151 263 126 93 
264 79 140 264 45 251 
265 180 200 265 138 155 
266 157 265 266 214 240 
267 115 187 267 85 221 
268 265 201 268 177 19 
269 245 64 269 205 104 
270 278 162 270 200 30 
271 27 23 271 147 70 
272 90 167 272 203 178 
273 201 165 273 276 98 
274 2 47 274 133 163 
275 98 230 275 64 250 
276 147 255 276 262 231 
277 258 142 277 79 149 
278 65 121 278 46 241 
279 57 8 279 279 208 
