***********************************
Experiment parameters:
Experiment results:
Permutations:
I U RANK QCV rand PATH 
1 13 133 1 47 220 
2 38 269 2 186 48 
3 270 266 3 180 164 
4 181 92 4 273 46 
5 215 219 5 176 255 
6 107 21 6 14 222 
7 46 179 7 135 203 
8 41 127 8 167 245 
9 49 102 9 267 61 
10 72 1 10 142 21 
11 94 2 11 234 60 
12 120 80 12 72 249 
13 198 52 13 245 66 
14 80 209 14 57 207 
15 265 3 15 66 257 
16 34 134 16 125 188 
17 1 63 17 207 1 
18 76 68 18 254 235 
19 61 5 19 171 212 
20 104 233 20 104 72 
21 110 154 21 5 232 
22 14 94 22 93 121 
23 263 221 23 65 209 
24 93 7 24 76 192 
25 12 142 25 15 51 
26 175 89 26 52 3 
27 60 95 27 151 102 
28 205 220 28 42 267 
29 70 4 29 185 23 
30 163 181 30 159 79 
31 24 120 31 274 183 
32 112 243 32 265 94 
33 17 178 33 100 265 
34 105 129 34 48 119 
35 162 8 35 217 112 
36 155 151 36 188 230 
37 71 271 37 107 7 
38 89 14 38 13 14 
39 220 10 39 55 73 
40 214 122 40 213 205 
41 114 114 41 199 41 
42 216 239 42 123 151 
43 5 260 43 221 89 
44 271 270 44 191 162 
45 138 222 45 153 247 
46 256 177 46 124 191 
47 183 29 47 183 81 
48 68 198 48 233 68 
49 184 249 49 204 179 
50 37 18 50 215 85 
51 170 55 51 237 172 
52 250 248 52 212 154 
53 131 82 53 37 24 
54 167 169 54 109 108 
55 43 159 55 7 157 
56 15 31 56 249 15 
57 88 211 57 219 137 
58 244 54 58 277 11 
59 196 171 59 43 130 
60 35 62 60 88 59 
61 275 150 61 130 223 
62 222 203 62 252 129 
63 8 64 63 182 243 
64 221 173 64 211 153 
65 119 273 65 268 258 
66 28 253 66 146 103 
67 151 190 67 270 39 
68 147 145 68 114 4 
69 118 193 69 260 100 
70 44 245 70 192 127 
71 91 125 71 132 125 
72 65 259 72 226 9 
73 75 71 73 34 83 
74 51 83 74 129 71 
75 123 34 75 209 236 
76 251 236 76 102 198 
77 274 176 77 184 57 
78 21 107 78 6 117 
79 63 227 79 246 274 
80 144 208 80 33 261 
81 279 37 81 269 213 
82 140 205 82 210 226 
83 56 199 83 115 16 
84 219 109 84 122 218 
85 25 130 85 240 141 
86 158 69 86 143 181 
87 30 61 87 111 43 
88 86 70 88 117 104 
89 9 17 89 152 272 
90 141 162 90 3 270 
91 199 210 91 164 210 
92 47 85 92 63 18 
93 234 168 93 131 123 
94 245 218 94 231 44 
95 195 195 95 44 65 
96 254 226 96 51 122 
97 67 241 97 49 58 
98 4 86 98 189 148 
99 223 51 99 61 128 
100 153 265 100 73 56 
101 82 123 101 62 264 
102 42 148 102 2 69 
103 33 197 103 18 145 
104 201 105 104 106 278 
105 90 144 105 92 90 
106 53 204 106 1 246 
107 243 186 107 36 101 
108 31 279 108 250 2 
109 143 22 109 154 109 
110 272 99 110 29 126 
111 11 66 111 27 30 
112 166 88 112 83 233 
113 142 56 113 258 135 
114 257 126 114 12 6 
115 106 234 115 162 259 
116 276 172 116 181 106 
117 237 196 117 272 237 
118 85 115 118 243 219 
119 77 246 119 256 10 
120 108 36 120 41 241 
121 267 238 121 119 238 
122 211 194 122 179 26 
123 239 140 123 157 269 
124 23 182 124 97 80 
125 134 161 125 60 253 
126 213 180 126 247 149 
127 266 59 127 222 62 
128 269 131 128 145 216 
129 252 242 129 165 166 
130 92 202 130 89 211 
131 132 206 131 136 147 
132 192 137 132 196 17 
133 227 13 133 82 275 
134 149 57 134 224 144 
135 100 263 135 218 263 
136 208 11 136 168 54 
137 58 19 137 4 187 
138 226 93 138 230 134 
139 145 184 139 173 63 
140 176 191 140 170 229 
141 62 77 141 241 77 
142 172 28 142 275 28 
143 95 23 143 225 45 
144 52 15 144 197 52 
145 264 254 145 84 142 
146 66 156 146 94 116 
147 238 256 147 38 256 
148 262 255 148 81 262 
149 115 164 149 149 266 
150 139 278 150 194 139 
151 277 167 151 193 161 
152 96 252 152 150 277 
153 125 111 153 96 158 
154 98 272 154 105 170 
155 45 146 155 187 36 
156 97 24 156 251 82 
157 236 201 157 59 201 
158 81 47 158 195 155 
159 178 16 159 21 35 
160 210 152 160 139 152 
161 20 98 161 244 171 
162 150 72 162 208 86 
163 129 65 163 227 180 
164 87 73 164 175 78 
165 48 12 165 110 32 
166 224 27 166 24 271 
167 246 264 167 239 160 
168 116 274 168 54 49 
169 255 170 169 172 67 
170 64 174 170 140 22 
171 260 149 171 10 184 
172 200 112 172 22 260 
173 7 135 173 17 38 
174 190 166 174 238 178 
175 179 101 175 113 215 
176 180 250 176 202 250 
177 249 75 177 266 143 
178 137 74 178 78 111 
179 248 230 179 116 208 
180 247 32 180 190 132 
181 193 138 181 216 159 
182 130 215 182 70 88 
183 74 165 183 264 70 
184 202 25 184 23 156 
185 217 87 185 261 5 
186 188 147 186 259 174 
187 6 262 187 201 140 
188 187 90 188 137 176 
189 22 257 189 95 98 
190 235 38 190 108 76 
191 69 113 191 118 114 
192 32 39 192 9 200 
193 135 26 193 67 75 
194 242 42 194 121 8 
195 133 43 195 77 74 
196 156 33 196 163 177 
197 113 139 197 271 105 
198 99 81 198 28 29 
199 218 276 199 166 37 
200 231 44 200 75 195 
201 78 45 201 198 33 
202 39 110 202 127 27 
203 40 40 203 158 34 
204 177 41 204 86 182 
205 73 48 205 98 168 
206 173 46 206 90 202 
207 229 128 207 232 93 
208 111 49 208 71 40 
209 194 143 209 19 194 
210 3 97 210 101 97 
211 233 84 211 255 84 
212 253 119 212 144 133 
213 204 158 213 134 115 
214 136 104 214 223 197 
215 230 53 215 35 224 
216 174 106 216 80 87 
217 197 76 217 161 217 
218 241 108 218 220 25 
219 148 212 219 40 225 
220 212 224 220 112 186 
221 152 6 221 236 240 
222 161 124 222 11 228 
223 83 258 223 228 252 
224 207 183 224 39 120 
225 29 267 225 155 242 
226 55 132 226 91 136 
227 146 185 227 32 13 
228 268 268 228 99 268 
229 10 175 229 53 206 
230 203 235 230 206 227 
231 121 78 231 68 124 
232 171 153 232 235 53 
233 79 60 233 128 110 
234 228 225 234 248 244 
235 185 91 235 20 173 
236 59 232 236 69 169 
237 117 228 237 257 251 
238 169 244 238 120 190 
239 165 117 239 31 20 
240 159 229 240 26 107 
241 103 160 241 253 95 
242 26 231 242 25 248 
243 124 35 243 174 31 
244 164 188 244 156 199 
245 160 20 245 178 12 
246 109 251 246 160 204 
247 54 275 247 16 234 
248 2 121 248 30 279 
249 50 67 249 74 91 
250 225 79 250 278 175 
251 57 116 251 141 113 
252 84 216 252 263 131 
253 19 223 253 169 167 
254 101 213 254 229 276 
255 189 187 255 148 19 
256 278 96 256 242 96 
257 128 50 257 50 50 
258 126 118 258 87 118 
259 232 214 259 8 99 
260 154 136 260 56 239 
261 102 103 261 58 150 
262 259 237 262 103 196 
263 16 9 263 126 146 
264 18 141 264 45 163 
265 261 200 265 138 55 
266 122 58 266 214 185 
267 36 207 267 85 92 
268 206 30 268 177 189 
269 273 277 269 205 273 
270 168 100 270 200 193 
271 209 247 271 147 165 
272 27 163 272 203 42 
273 186 192 273 276 231 
274 191 157 274 133 138 
275 157 217 275 64 64 
276 127 155 276 262 47 
277 240 189 277 79 254 
278 258 240 278 46 214 
279 182 261 279 279 221 
