***********************************
Experiment parameters:
Experiment results:
Permutations:
I U RANK QCV rand PATH 
1 266 138 5 47 5 
2 96 137 6 186 6 
3 139 73 139 180 139 
4 85 69 10 273 10 
5 77 173 77 176 77 
6 38 72 266 14 38 
7 158 230 158 135 158 
8 230 251 230 167 230 
9 242 181 242 267 242 
10 240 91 240 142 240 
11 70 279 70 234 70 
12 132 231 132 72 132 
13 184 237 184 245 184 
14 27 97 27 57 27 
15 19 161 19 66 19 
16 86 28 86 125 86 
17 107 101 107 207 107 
18 10 5 143 254 41 
19 116 264 116 171 116 
20 5 6 235 104 43 
21 11 205 11 5 11 
22 69 233 38 93 47 
23 80 149 80 65 80 
24 191 196 191 76 191 
25 93 174 93 15 93 
26 212 212 212 52 212 
27 227 105 227 151 227 
28 148 12 148 42 148 
29 4 242 4 185 4 
30 203 40 203 159 203 
31 181 82 181 274 181 
32 156 42 156 265 156 
33 259 50 259 100 259 
34 41 266 182 48 67 
35 272 176 272 217 272 
36 61 114 61 188 61 
37 14 14 14 107 14 
38 64 132 64 13 64 
39 197 76 197 55 197 
40 101 88 101 213 101 
41 200 218 200 199 200 
42 157 36 157 123 157 
43 31 167 31 221 31 
44 176 187 176 191 176 
45 206 63 206 153 206 
46 247 197 247 124 247 
47 9 198 9 183 9 
48 37 37 37 233 37 
49 92 96 41 204 69 
50 62 1 62 215 62 
51 237 66 237 237 237 
52 117 142 117 212 117 
53 88 178 88 37 88 
54 154 62 154 109 154 
55 97 240 97 7 97 
56 244 244 244 249 244 
57 67 10 43 219 72 
58 119 154 119 277 119 
59 219 194 219 43 219 
60 108 175 108 88 108 
61 73 39 73 130 73 
62 111 135 111 252 111 
63 49 256 49 182 49 
64 118 232 118 211 118 
65 167 31 167 268 167 
66 66 156 66 146 66 
67 250 270 250 270 250 
68 207 22 207 114 207 
69 47 182 138 260 74 
70 231 107 231 192 231 
71 121 117 121 132 121 
72 187 277 187 226 187 
73 84 139 84 34 84 
74 205 11 205 129 205 
75 208 16 208 209 208 
76 198 44 198 102 198 
77 55 214 55 184 55 
78 44 246 44 6 44 
79 142 100 142 246 142 
80 199 247 199 33 199 
81 1 168 1 269 1 
82 74 103 47 210 83 
83 209 249 209 115 209 
84 278 259 278 122 278 
85 51 263 51 240 51 
86 68 113 68 143 68 
87 94 169 94 111 94 
88 35 26 35 117 35 
89 95 160 95 152 95 
90 153 229 153 3 153 
91 123 51 123 164 123 
92 257 216 257 63 257 
93 32 262 32 131 32 
94 30 79 30 231 30 
95 110 151 110 44 110 
96 192 148 192 51 192 
97 254 254 254 49 254 
98 16 193 16 189 16 
99 43 38 67 61 85 
100 268 257 268 73 268 
101 217 9 217 62 217 
102 276 20 20 2 20 
103 12 111 12 18 12 
104 261 133 261 106 261 
105 138 41 69 92 92 
106 7 7 7 1 7 
107 130 110 130 36 130 
108 82 74 72 250 96 
109 264 116 264 154 264 
110 18 248 18 29 18 
111 258 118 258 27 258 
112 131 122 131 83 131 
113 48 164 48 258 48 
114 168 211 262 12 262 
115 252 25 252 162 252 
116 114 203 114 181 114 
117 263 70 263 272 263 
118 141 59 141 243 141 
119 239 241 239 256 239 
120 216 141 216 41 216 
121 178 78 178 119 178 
122 262 32 168 179 168 
123 193 269 193 157 193 
124 222 89 63 97 222 
125 195 245 195 60 195 
126 71 172 71 247 71 
127 146 179 146 222 146 
128 106 146 106 145 106 
129 172 21 172 165 172 
130 20 129 276 89 276 
131 63 19 222 136 63 
132 202 61 202 196 202 
133 238 243 238 82 238 
134 78 15 78 224 78 
135 72 67 74 218 98 
136 102 272 102 168 102 
137 166 199 166 4 166 
138 91 46 91 230 91 
139 171 163 171 173 171 
140 224 115 224 170 224 
141 253 130 253 241 253 
142 188 183 188 275 188 
143 57 34 57 225 57 
144 50 191 50 197 50 
145 113 238 113 84 113 
146 220 71 220 94 220 
147 225 234 225 38 225 
148 159 159 159 81 159 
149 39 102 39 149 39 
150 46 49 46 194 46 
151 245 29 245 193 245 
152 135 222 135 150 135 
153 125 48 125 96 125 
154 2 271 2 105 2 
155 214 80 214 187 214 
156 134 134 134 251 134 
157 120 120 120 59 120 
158 273 267 273 195 273 
159 99 52 99 21 99 
160 52 3 52 139 52 
161 126 106 126 244 126 
162 255 125 255 208 255 
163 151 253 151 227 151 
164 76 204 76 175 76 
165 79 189 79 110 79 
166 152 152 152 24 152 
167 226 226 226 239 226 
168 8 171 8 54 8 
169 210 210 210 172 210 
170 112 177 112 140 112 
171 201 68 201 10 201 
172 174 77 174 22 174 
173 177 112 177 17 177 
174 270 250 270 238 270 
175 136 158 136 113 136 
176 105 83 233 202 103 
177 103 85 83 266 124 
178 170 55 170 78 170 
179 162 219 162 116 162 
180 196 23 196 190 196 
181 145 45 145 216 145 
182 21 87 21 70 21 
183 149 57 149 264 149 
184 23 126 23 23 23 
185 213 128 213 261 213 
186 13 190 13 259 13 
187 269 136 269 201 269 
188 104 24 104 137 104 
189 279 58 279 95 279 
190 215 53 215 108 215 
191 26 201 26 118 26 
192 133 56 133 9 133 
193 248 18 248 67 248 
194 179 155 179 121 179 
195 24 162 24 77 24 
196 260 260 260 163 260 
197 15 4 15 271 15 
198 277 192 277 28 277 
199 194 166 194 166 194 
200 246 228 246 75 246 
201 42 184 42 198 42 
202 65 223 190 127 190 
203 241 90 241 158 241 
204 6 65 65 86 65 
205 34 123 34 98 34 
206 17 17 17 90 17 
207 173 202 173 232 173 
208 25 275 25 71 25 
209 221 217 221 19 221 
210 150 150 150 101 150 
211 28 157 243 255 243 
212 204 144 204 144 204 
213 115 224 115 134 115 
214 185 185 185 223 185 
215 228 213 228 35 228 
216 256 140 256 80 256 
217 183 188 183 161 183 
218 234 186 234 220 234 
219 271 239 271 40 271 
220 190 119 211 112 211 
221 155 220 155 236 155 
222 267 2 267 11 267 
223 58 273 58 228 58 
224 53 215 53 39 53 
225 275 261 275 155 275 
226 127 124 92 91 127 
227 143 127 96 32 137 
228 109 265 109 99 109 
229 56 252 56 53 56 
230 87 268 87 206 87 
231 189 30 189 68 189 
232 169 276 169 235 169 
233 29 255 29 128 29 
234 98 27 82 248 82 
235 160 147 160 20 160 
236 249 93 249 69 249 
237 211 121 232 257 232 
238 100 165 105 120 105 
239 137 98 98 31 138 
240 223 104 223 26 223 
241 60 54 60 253 60 
242 182 47 85 25 143 
243 75 33 75 174 75 
244 274 200 274 156 274 
245 147 86 147 178 147 
246 83 43 137 160 182 
247 186 225 186 16 186 
248 165 60 165 30 165 
249 22 95 22 74 22 
250 122 108 122 278 122 
251 124 99 100 141 100 
252 161 84 161 263 161 
253 164 195 164 169 164 
254 90 170 90 229 90 
255 236 236 236 148 236 
256 45 145 45 242 45 
257 3 227 3 50 3 
258 59 278 59 87 59 
259 144 13 144 8 144 
260 232 92 103 56 233 
261 40 180 40 58 40 
262 163 8 163 103 163 
263 81 35 81 126 81 
264 89 206 89 45 89 
265 128 209 128 138 128 
266 140 258 140 214 140 
267 235 143 127 85 235 
268 33 75 33 177 33 
269 36 207 36 205 36 
270 218 274 218 200 218 
271 54 64 54 147 54 
272 129 94 129 203 129 
273 233 235 124 276 266 
274 180 221 180 133 180 
275 175 208 175 64 175 
276 243 131 28 262 28 
277 251 81 251 79 251 
278 265 109 265 46 265 
279 229 153 229 279 229 
