***********************************
Experiment parameters:
Experiment results:
Permutations:
I U RANK QCV rand PATH 
1 224 132 1 47 102 
2 141 209 2 186 95 
3 151 238 3 180 45 
4 131 90 4 273 211 
5 274 214 5 176 204 
6 68 65 6 14 7 
7 253 149 7 135 42 
8 106 77 8 167 34 
9 10 98 9 267 53 
10 19 267 10 142 98 
11 14 2 11 234 150 
12 204 80 12 72 269 
13 33 43 13 245 240 
14 147 234 14 57 180 
15 78 93 15 66 205 
16 194 20 16 125 222 
17 35 191 17 207 270 
18 76 15 18 254 16 
19 212 217 19 171 145 
20 163 68 20 104 120 
21 99 262 21 5 52 
22 22 6 22 93 242 
23 269 66 23 65 213 
24 205 208 24 76 226 
25 96 181 25 15 72 
26 138 253 26 52 119 
27 69 94 27 151 250 
28 266 9 28 42 31 
29 23 5 29 185 66 
30 98 185 30 159 164 
31 181 131 31 274 121 
32 94 133 32 265 78 
33 3 195 33 100 229 
34 54 54 34 48 47 
35 206 7 35 217 133 
36 272 183 36 188 263 
37 152 125 37 107 166 
38 190 121 38 13 199 
39 95 245 39 55 75 
40 199 146 40 213 123 
41 11 107 41 199 155 
42 256 250 42 123 176 
43 261 147 43 221 239 
44 102 206 44 191 81 
45 60 231 45 153 151 
46 44 12 46 124 137 
47 114 116 47 183 271 
48 84 8 48 233 85 
49 254 270 49 204 178 
50 247 126 50 215 96 
51 45 169 51 237 24 
52 70 230 52 212 246 
53 219 114 53 37 248 
54 207 166 54 109 157 
55 255 148 55 7 186 
56 85 71 56 249 84 
57 18 264 57 219 17 
58 263 89 58 277 3 
59 104 205 59 43 111 
60 72 46 60 88 129 
61 221 260 61 130 13 
62 122 232 62 252 161 
63 13 144 63 182 92 
64 59 163 64 211 231 
65 156 29 65 268 187 
66 243 237 66 146 159 
67 203 175 67 270 185 
68 262 14 68 114 197 
69 139 221 69 260 41 
70 251 41 70 192 221 
71 236 199 71 132 131 
72 245 248 72 226 191 
73 29 99 73 34 203 
74 92 105 74 129 278 
75 108 279 75 209 276 
76 40 153 76 102 279 
77 220 266 77 184 148 
78 79 155 78 6 247 
79 7 265 79 246 234 
80 8 276 80 33 58 
81 20 203 81 269 200 
82 73 271 82 210 146 
83 145 101 83 115 61 
84 115 165 84 122 225 
85 16 22 85 240 100 
86 189 69 86 143 26 
87 160 63 87 111 114 
88 244 70 88 117 236 
89 48 17 89 152 175 
90 61 58 90 3 15 
91 257 112 91 164 112 
92 246 96 92 63 126 
93 87 269 93 131 23 
94 178 274 94 231 74 
95 74 111 95 44 169 
96 21 152 96 51 152 
97 12 252 97 49 97 
98 202 113 98 189 76 
99 172 85 99 61 20 
100 80 275 100 73 80 
101 105 109 101 62 136 
102 103 137 102 2 160 
103 77 130 103 18 44 
104 42 142 104 106 142 
105 248 278 105 92 105 
106 9 251 106 1 37 
107 38 211 107 36 257 
108 135 24 108 250 94 
109 218 151 109 154 168 
110 110 261 110 29 170 
111 55 135 111 27 181 
112 278 102 112 83 212 
113 81 193 113 258 214 
114 195 87 114 12 216 
115 34 97 115 162 110 
116 175 136 116 181 50 
117 97 84 117 272 8 
118 75 127 118 243 230 
119 188 210 119 256 251 
120 159 39 120 41 255 
121 121 244 121 119 109 
122 62 218 122 179 156 
123 146 95 123 157 209 
124 49 128 124 97 174 
125 168 108 125 60 275 
126 260 190 126 247 67 
127 238 129 127 222 46 
128 41 117 128 145 172 
129 93 263 129 165 93 
130 226 162 130 89 210 
131 90 173 131 136 107 
132 270 204 132 196 35 
133 252 159 133 82 252 
134 273 104 134 224 273 
135 112 124 135 218 124 
136 52 216 136 168 87 
137 170 61 137 4 40 
138 187 18 138 230 233 
139 183 246 139 173 237 
140 50 10 140 170 207 
141 17 56 141 241 56 
142 277 73 142 275 89 
143 144 182 143 225 201 
144 43 235 144 197 43 
145 101 273 145 84 104 
146 30 192 146 94 179 
147 259 196 147 38 196 
148 161 257 148 81 88 
149 27 45 149 149 238 
150 209 228 150 194 62 
151 123 215 151 193 259 
152 213 254 152 150 82 
153 53 164 153 96 171 
154 215 23 154 105 232 
155 186 249 155 187 10 
156 133 207 156 251 256 
157 82 19 157 59 189 
158 28 189 158 195 277 
159 67 40 159 21 101 
160 71 219 160 139 219 
161 65 26 161 244 158 
162 158 52 162 208 184 
163 126 64 163 227 48 
164 127 272 164 175 267 
165 265 167 165 110 28 
166 137 27 166 24 258 
167 153 28 167 239 202 
168 185 177 168 54 6 
169 216 172 169 172 113 
170 132 143 170 140 30 
171 1 31 171 10 135 
172 51 50 172 22 68 
173 47 32 173 17 32 
174 36 88 174 238 147 
175 5 268 175 113 268 
176 57 223 176 202 223 
177 116 123 177 266 116 
178 208 74 178 78 12 
179 129 81 179 116 206 
180 173 33 180 190 165 
181 150 4 181 216 4 
182 37 179 182 70 38 
183 235 83 183 264 39 
184 107 25 184 23 25 
185 193 86 185 261 63 
186 167 35 186 259 183 
187 268 92 187 201 27 
188 157 140 188 137 99 
189 134 37 189 95 59 
190 225 38 190 108 54 
191 275 75 191 118 224 
192 191 247 192 9 173 
193 228 156 193 67 218 
194 264 157 194 121 193 
195 58 178 195 77 115 
196 113 30 196 163 1 
197 232 62 197 271 228 
198 164 118 198 28 118 
199 4 34 199 166 235 
200 182 42 200 75 128 
201 154 174 201 198 117 
202 217 44 202 127 83 
203 130 119 203 158 208 
204 66 120 204 86 243 
205 210 47 205 98 132 
206 196 197 206 90 143 
207 211 233 207 232 51 
208 241 49 208 71 14 
209 223 11 209 19 21 
210 214 3 210 101 73 
211 142 122 211 255 122 
212 89 202 212 144 177 
213 32 106 213 134 70 
214 118 145 214 223 198 
215 222 224 215 35 9 
216 201 53 216 80 182 
217 111 76 217 161 86 
218 140 201 218 220 55 
219 119 229 219 40 127 
220 128 55 220 112 130 
221 234 227 221 236 261 
222 271 100 222 11 167 
223 231 187 223 228 254 
224 88 277 224 39 19 
225 162 220 225 155 272 
226 177 176 226 91 220 
227 86 60 227 32 103 
228 169 194 228 99 194 
229 25 243 229 53 241 
230 267 161 230 206 2 
231 240 78 231 68 244 
232 2 239 232 235 5 
233 276 154 233 128 162 
234 192 59 234 248 190 
235 166 168 235 20 125 
236 120 184 236 69 141 
237 64 240 237 257 195 
238 258 242 238 120 253 
239 184 115 239 31 154 
240 242 255 240 26 65 
241 15 236 241 253 49 
242 180 180 242 25 192 
243 250 72 243 174 71 
244 174 200 244 156 140 
245 100 16 245 178 69 
246 136 258 246 160 138 
247 148 110 247 16 108 
248 149 158 248 30 264 
249 26 67 249 74 90 
250 155 79 250 278 217 
251 83 171 251 141 163 
252 117 213 252 263 274 
253 24 13 253 169 215 
254 46 51 254 229 18 
255 165 48 255 148 266 
256 233 21 256 242 11 
257 143 57 257 50 57 
258 237 139 258 87 139 
259 31 170 259 8 36 
260 229 138 260 56 262 
261 179 259 261 58 260 
262 56 1 262 103 153 
263 198 256 263 126 249 
264 279 141 264 45 33 
265 39 225 265 138 245 
266 109 103 266 214 60 
267 239 212 267 85 149 
268 6 134 268 177 188 
269 176 82 269 205 29 
270 124 222 270 200 77 
271 249 226 271 147 22 
272 197 150 272 203 79 
273 63 198 273 276 64 
274 200 186 274 133 144 
275 230 241 275 64 265 
276 91 91 276 262 91 
277 171 188 277 79 134 
278 227 36 278 46 227 
279 125 160 279 279 106 
