***********************************
Experiment parameters:
Experiment results:
Permutations:
I U RANK QCV rand PATH 
1 261 37 2 47 2 
2 262 2 17 186 17 
3 206 273 256 180 206 
4 58 53 262 273 19 
5 196 164 196 176 196 
6 89 84 199 14 27 
7 132 234 132 135 132 
8 88 240 88 167 88 
9 123 237 123 267 123 
10 16 136 192 142 192 
11 222 65 222 234 222 
12 17 61 202 72 202 
13 264 255 264 245 264 
14 85 69 85 57 85 
15 192 190 178 66 16 
16 240 26 240 125 240 
17 184 130 184 207 184 
18 50 89 193 254 35 
19 141 270 141 171 141 
20 37 199 19 104 37 
21 151 177 151 5 151 
22 19 267 27 93 50 
23 133 251 133 65 133 
24 266 214 266 76 266 
25 36 264 36 15 36 
26 268 9 268 52 268 
27 233 265 233 151 233 
28 178 244 16 42 178 
29 217 85 217 185 217 
30 70 196 70 159 70 
31 4 113 4 274 4 
32 87 56 87 265 87 
33 165 28 165 100 165 
34 57 205 35 48 53 
35 131 14 131 217 131 
36 279 59 279 188 279 
37 195 24 195 107 195 
38 237 82 237 13 237 
39 102 195 102 55 102 
40 113 135 113 213 113 
41 40 215 40 199 40 
42 26 71 26 123 26 
43 122 198 122 221 122 
44 256 16 206 191 256 
45 108 210 108 153 108 
46 76 76 76 124 76 
47 59 95 59 183 59 
48 258 258 258 233 258 
49 114 277 37 204 57 
50 236 236 236 215 236 
51 255 279 255 237 255 
52 82 86 82 212 82 
53 69 233 69 37 69 
54 138 105 138 109 138 
55 156 151 156 7 156 
56 146 146 146 249 146 
57 2 116 50 219 73 
58 148 235 148 277 148 
59 119 77 119 43 119 
60 68 163 68 88 68 
61 273 275 273 130 273 
62 51 149 51 252 51 
63 61 183 61 182 61 
64 265 192 265 211 265 
65 203 203 203 268 203 
66 129 129 129 146 129 
67 110 101 110 270 110 
68 75 185 75 114 75 
69 99 99 205 260 79 
70 247 202 247 192 247 
71 107 217 107 132 107 
72 210 178 210 226 210 
73 149 256 149 34 149 
74 32 253 32 129 32 
75 98 88 98 209 98 
76 81 81 81 102 81 
77 65 43 65 184 65 
78 115 224 115 6 115 
79 152 247 152 246 152 
80 229 153 229 33 229 
81 8 162 8 269 8 
82 79 261 53 210 84 
83 56 12 56 115 56 
84 213 55 213 122 213 
85 181 63 181 240 181 
86 44 3 44 143 44 
87 62 263 62 111 62 
88 270 44 270 117 270 
89 209 158 209 152 209 
90 228 33 228 3 228 
91 92 122 92 164 92 
92 180 266 180 63 180 
93 103 138 103 131 103 
94 174 121 174 231 174 
95 182 173 182 44 182 
96 263 13 263 51 263 
97 127 127 127 49 127 
98 106 141 106 189 106 
99 53 167 277 61 89 
100 109 38 109 73 109 
101 220 150 220 62 220 
102 211 51 211 2 100 
103 157 100 157 18 157 
104 23 80 23 106 23 
105 116 188 57 92 99 
106 276 276 276 1 276 
107 173 18 173 36 173 
108 27 111 73 250 111 
109 234 252 234 154 234 
110 71 269 71 29 71 
111 177 107 177 27 177 
112 21 278 21 83 21 
113 15 174 15 258 15 
114 215 8 235 12 235 
115 239 23 239 162 239 
116 272 228 272 181 272 
117 243 92 243 272 243 
118 38 221 38 243 38 
119 43 212 43 256 43 
120 219 137 219 41 219 
121 135 154 135 119 135 
122 235 40 215 179 215 
123 158 46 158 157 158 
124 207 157 207 97 191 
125 259 231 259 60 259 
126 176 161 176 247 176 
127 200 175 200 222 200 
128 64 109 64 145 64 
129 28 64 28 165 28 
130 100 191 100 89 211 
131 191 145 191 136 207 
132 187 87 187 196 187 
133 54 254 54 82 54 
134 250 11 250 224 250 
135 35 193 79 218 114 
136 145 108 145 168 145 
137 168 25 168 4 168 
138 183 22 183 230 183 
139 20 238 20 173 20 
140 271 91 271 170 271 
141 18 97 18 241 18 
142 72 72 72 275 72 
143 112 112 112 225 112 
144 221 176 221 197 221 
145 46 45 46 84 46 
146 6 90 6 94 6 
147 260 260 260 38 260 
148 96 96 96 81 96 
149 39 206 39 149 39 
150 223 152 223 194 223 
151 231 34 231 193 231 
152 208 160 208 150 208 
153 241 78 241 96 241 
154 186 222 186 105 186 
155 172 216 172 187 172 
156 104 232 104 251 104 
157 125 230 125 59 125 
158 120 218 120 195 120 
159 154 31 154 21 154 
160 197 32 197 139 197 
161 137 180 137 244 137 
162 74 128 74 208 74 
163 97 182 97 227 97 
164 83 83 83 175 83 
165 67 239 67 110 67 
166 105 1 105 24 105 
167 30 30 30 239 30 
168 42 194 42 54 42 
169 232 249 232 172 232 
170 147 15 147 140 147 
171 29 106 29 10 29 
172 164 93 164 22 164 
173 121 74 121 17 121 
174 230 125 230 238 230 
175 252 54 252 113 252 
176 130 17 84 202 116 
177 111 27 99 266 167 
178 198 120 198 78 198 
179 24 229 24 116 24 
180 90 200 90 190 90 
181 101 110 101 216 101 
182 274 142 274 70 274 
183 212 133 212 264 212 
184 142 165 142 23 142 
185 166 117 166 261 166 
186 25 268 25 259 25 
187 179 66 179 201 179 
188 9 168 9 137 9 
189 144 159 144 95 144 
190 275 227 275 108 275 
191 66 75 66 118 66 
192 80 67 80 9 80 
193 278 140 278 67 278 
194 175 213 175 121 175 
195 52 52 52 77 52 
196 150 272 150 163 150 
197 86 201 86 271 86 
198 14 211 14 28 14 
199 246 102 246 166 246 
200 60 220 60 75 60 
201 10 139 10 198 10 
202 94 49 41 127 41 
203 63 172 63 158 63 
204 248 209 94 86 94 
205 257 144 257 98 257 
206 11 250 11 90 11 
207 93 36 93 232 93 
208 47 259 47 71 47 
209 12 187 12 19 12 
210 238 42 238 101 238 
211 225 132 225 255 225 
212 153 41 153 144 153 
213 91 271 91 134 91 
214 249 104 249 223 249 
215 169 169 169 35 169 
216 118 118 118 80 118 
217 242 242 242 161 242 
218 48 48 48 220 48 
219 216 243 216 40 216 
220 41 148 248 112 248 
221 214 219 214 236 214 
222 218 257 218 11 218 
223 159 181 159 228 159 
224 244 131 244 39 244 
225 7 7 7 155 7 
226 193 19 89 91 188 
227 167 50 111 32 193 
228 171 204 171 99 171 
229 128 241 128 53 128 
230 161 6 161 206 161 
231 126 47 126 68 126 
232 160 39 160 235 160 
233 34 126 34 128 34 
234 202 123 58 248 58 
235 3 68 3 20 3 
236 224 115 224 69 224 
237 124 58 124 257 124 
238 73 184 130 120 130 
239 227 79 114 31 199 
240 49 119 49 26 49 
241 253 4 253 253 253 
242 205 262 116 25 205 
243 143 155 143 174 143 
244 162 248 162 156 162 
245 163 21 163 178 163 
246 199 114 261 160 261 
247 245 245 245 16 245 
248 5 5 5 30 5 
249 45 225 45 74 45 
250 140 94 140 278 140 
251 31 124 31 141 31 
252 13 208 13 263 13 
253 78 147 78 169 78 
254 251 186 251 229 251 
255 189 189 189 148 189 
256 170 170 170 242 170 
257 22 197 22 50 22 
258 55 274 55 87 55 
259 77 246 77 8 77 
260 188 35 267 56 262 
261 33 166 33 58 33 
262 194 20 194 103 194 
263 226 226 226 126 226 
264 190 62 190 45 190 
265 204 10 204 138 204 
266 201 223 201 214 201 
267 277 73 167 85 267 
268 155 143 155 177 155 
269 185 98 185 205 185 
270 1 103 1 200 1 
271 136 156 136 147 136 
272 84 207 227 203 227 
273 267 57 188 276 277 
274 95 171 95 133 95 
275 134 29 134 64 134 
276 269 134 269 262 269 
277 254 179 254 79 254 
278 139 60 139 46 139 
279 117 70 117 279 117 
