***********************************
Experiment parameters:
Experiment results:
Permutations:
I U RANK QCV rand PATH 
1 176 178 9 47 9 
2 177 176 227 186 17 
3 156 248 156 180 271 
4 160 127 17 273 21 
5 43 213 43 176 43 
6 279 48 21 14 48 
7 265 214 265 135 265 
8 185 265 185 167 185 
9 141 116 141 267 141 
10 6 117 89 142 89 
11 18 47 18 234 18 
12 17 247 238 72 238 
13 154 123 154 245 154 
14 89 188 6 57 6 
15 252 163 252 66 252 
16 5 196 5 125 5 
17 171 138 171 207 171 
18 14 203 48 254 63 
19 137 167 137 171 137 
20 21 228 203 104 75 
21 168 121 168 5 168 
22 9 63 250 93 78 
23 140 18 140 65 140 
24 57 254 57 76 57 
25 202 124 202 15 202 
26 67 71 67 52 67 
27 34 139 34 151 34 
28 263 164 263 42 263 
29 229 141 229 185 229 
30 246 246 246 159 246 
31 32 103 32 274 32 
32 190 230 190 265 190 
33 51 31 51 100 51 
34 88 135 228 48 86 
35 198 30 198 217 198 
36 213 8 213 188 213 
37 210 243 210 107 210 
38 24 161 24 13 24 
39 158 158 158 55 158 
40 253 159 253 213 253 
41 132 143 132 199 132 
42 129 172 129 123 129 
43 77 33 77 221 77 
44 271 198 271 191 156 
45 149 263 149 153 149 
46 270 3 270 124 270 
47 16 152 16 183 16 
48 56 56 56 233 56 
49 119 9 63 204 88 
50 170 39 170 215 170 
51 100 260 100 237 100 
52 173 171 173 212 173 
53 103 166 103 37 103 
54 235 147 235 109 235 
55 139 175 139 7 139 
56 181 181 181 249 181 
57 78 75 75 219 112 
58 39 101 39 277 39 
59 15 266 15 43 15 
60 249 180 249 88 249 
61 207 272 207 130 207 
62 222 157 222 252 222 
63 121 173 121 182 121 
64 27 183 27 211 27 
65 47 182 47 268 47 
66 76 273 76 146 76 
67 28 28 28 270 28 
68 237 131 237 114 237 
69 48 119 78 260 114 
70 161 194 161 192 161 
71 138 229 138 132 138 
72 58 2 58 226 58 
73 209 186 209 34 209 
74 159 160 159 129 159 
75 46 185 46 209 46 
76 122 122 122 102 122 
77 182 276 182 184 182 
78 85 20 85 6 85 
79 166 208 166 246 166 
80 266 67 266 33 266 
81 143 235 143 269 143 
82 63 233 86 210 119 
83 273 37 273 115 273 
84 254 51 254 122 254 
85 174 197 174 240 174 
86 275 83 275 143 275 
87 49 258 49 111 49 
88 131 72 131 117 131 
89 167 113 167 152 167 
90 220 7 220 3 220 
91 115 225 115 164 115 
92 22 104 22 63 22 
93 134 134 134 131 134 
94 41 269 41 231 41 
95 105 105 105 44 105 
96 186 19 186 51 186 
97 40 40 40 49 40 
98 217 162 217 189 217 
99 112 218 88 61 127 
100 226 232 226 73 226 
101 245 43 245 62 245 
102 35 271 61 2 61 
103 157 252 157 18 157 
104 277 96 277 106 277 
105 135 112 112 92 135 
106 44 44 44 1 44 
107 69 69 69 36 69 
108 114 184 114 250 150 
109 180 82 180 154 180 
110 196 217 196 29 196 
111 128 211 128 27 128 
112 172 255 172 83 172 
113 12 200 12 258 12 
114 59 132 59 12 59 
115 205 41 205 162 205 
116 91 154 91 181 91 
117 204 74 204 272 204 
118 236 65 236 243 236 
119 33 224 33 256 33 
120 155 241 155 41 155 
121 194 24 194 119 194 
122 147 256 147 179 147 
123 72 261 72 157 72 
124 258 156 258 97 164 
125 269 12 269 60 269 
126 133 191 133 247 133 
127 193 193 193 222 193 
128 219 192 219 145 219 
129 62 133 62 165 62 
130 61 49 35 89 35 
131 164 61 164 136 258 
132 7 23 7 196 7 
133 13 249 13 82 13 
134 38 34 38 224 38 
135 75 78 119 218 176 
136 108 264 108 168 108 
137 71 257 71 4 71 
138 106 38 106 230 106 
139 52 111 52 173 52 
140 212 110 212 170 212 
141 98 98 98 241 98 
142 95 95 95 275 95 
143 197 251 197 225 197 
144 151 151 151 197 151 
145 214 216 214 84 214 
146 104 22 104 94 104 
147 54 195 54 38 54 
148 148 148 148 81 148 
149 125 108 125 149 125 
150 118 70 118 194 118 
151 96 11 96 193 96 
152 272 130 272 150 272 
153 79 26 79 96 79 
154 145 140 145 105 145 
155 102 115 102 187 102 
156 93 93 93 251 93 
157 4 1 4 59 4 
158 179 267 179 195 179 
159 247 89 247 21 247 
160 117 6 117 139 117 
161 241 201 241 244 241 
162 268 165 268 208 268 
163 107 107 107 227 107 
164 64 270 64 175 64 
165 53 205 53 110 53 
166 90 90 90 24 90 
167 234 234 234 239 234 
168 136 94 136 54 136 
169 231 45 231 172 231 
170 36 126 36 140 36 
171 162 275 162 10 162 
172 144 199 144 22 144 
173 81 215 81 17 81 
174 1 92 1 238 1 
175 87 237 87 113 87 
176 227 17 127 202 177 
177 228 250 135 266 178 
178 276 55 276 78 276 
179 3 210 3 116 3 
180 201 169 201 190 201 
181 29 29 29 216 29 
182 169 219 169 70 169 
183 224 77 224 264 224 
184 232 226 232 23 232 
185 146 202 146 261 146 
186 80 66 80 259 80 
187 216 239 216 201 216 
188 50 206 50 137 50 
189 84 102 84 95 84 
190 2 149 2 108 2 
191 113 274 113 118 113 
192 11 53 11 9 11 
193 239 87 239 67 239 
194 65 155 65 121 65 
195 243 25 243 77 243 
196 23 100 23 163 23 
197 70 97 70 271 70 
198 19 35 19 28 19 
199 206 50 206 166 206 
200 189 16 189 75 189 
201 260 146 260 198 260 
202 257 15 257 127 257 
203 225 145 225 158 225 
204 30 242 279 86 279 
205 221 84 221 98 221 
206 97 168 97 90 97 
207 10 220 10 232 10 
208 200 81 200 71 200 
209 124 73 124 19 124 
210 111 136 111 101 111 
211 187 5 187 255 187 
212 25 64 25 144 25 
213 110 212 110 134 110 
214 45 231 45 223 45 
215 20 76 20 35 20 
216 188 118 188 80 188 
217 259 259 259 161 259 
218 109 54 109 220 109 
219 238 204 74 40 74 
220 74 59 256 112 256 
221 192 62 192 236 192 
222 251 179 251 11 251 
223 267 221 267 228 267 
224 264 58 264 39 264 
225 278 277 278 155 278 
226 150 177 184 91 184 
227 218 86 218 32 203 
228 230 245 230 99 230 
229 165 278 165 53 165 
230 191 236 191 206 191 
231 126 36 126 68 126 
232 130 209 130 235 130 
233 215 268 215 128 215 
234 208 128 14 248 14 
235 255 279 255 20 255 
236 199 190 199 69 199 
237 178 27 160 257 160 
238 86 32 208 120 208 
239 256 21 233 31 218 
240 66 80 66 26 66 
241 175 240 175 253 175 
242 233 150 150 25 227 
243 223 120 223 174 223 
244 101 170 101 156 101 
245 83 129 83 178 83 
246 184 88 262 160 228 
247 195 109 195 16 195 
248 240 244 240 30 240 
249 261 137 261 74 261 
250 82 42 82 278 82 
251 183 253 183 141 183 
252 163 207 163 263 163 
253 26 79 26 169 26 
254 55 174 55 229 55 
255 99 99 99 148 99 
256 92 4 92 242 92 
257 116 238 116 50 116 
258 31 57 31 87 31 
259 142 142 142 8 142 
260 203 114 176 56 233 
261 37 144 37 58 37 
262 94 52 94 103 94 
263 274 46 274 126 274 
264 248 222 248 45 248 
265 8 85 8 138 8 
266 244 106 244 214 244 
267 250 262 177 85 250 
268 120 223 120 177 120 
269 42 187 42 205 42 
270 68 68 68 200 68 
271 211 14 211 147 211 
272 127 125 30 203 30 
273 262 227 178 276 262 
274 152 91 152 133 152 
275 60 60 60 64 60 
276 242 153 242 262 242 
277 153 13 153 79 153 
278 123 10 123 46 123 
279 73 189 73 279 73 
