***********************************
Experiment parameters:
Experiment results:
Permutations:
I U RANK QCV rand PATH 
1 278 277 1 47 270 
2 250 65 2 186 100 
3 112 105 3 180 176 
4 64 94 4 273 243 
5 243 233 5 176 150 
6 125 266 6 14 12 
7 142 171 7 135 229 
8 16 226 8 167 120 
9 133 252 9 267 115 
10 36 1 10 142 207 
11 215 2 11 234 177 
12 121 246 12 72 108 
13 266 189 13 245 178 
14 254 229 14 57 191 
15 152 248 15 66 97 
16 196 260 16 125 199 
17 193 216 17 207 58 
18 188 240 18 254 175 
19 155 4 19 171 86 
20 181 69 20 104 94 
21 192 147 21 5 211 
22 62 5 22 93 186 
23 10 159 23 65 67 
24 258 6 24 76 203 
25 37 208 25 15 262 
26 43 88 26 52 69 
27 161 98 27 151 47 
28 105 7 28 42 21 
29 28 122 29 185 52 
30 15 186 30 159 37 
31 7 223 31 274 227 
32 91 129 32 265 62 
33 230 160 33 100 171 
34 104 83 34 48 161 
35 172 77 35 217 98 
36 246 16 36 188 56 
37 45 84 37 107 51 
38 95 120 38 13 271 
39 93 10 39 55 259 
40 157 136 40 213 162 
41 235 104 41 199 142 
42 210 256 42 123 101 
43 179 140 43 221 140 
44 136 219 44 191 124 
45 77 267 45 153 257 
46 163 167 46 124 251 
47 228 205 47 183 187 
48 22 26 48 233 38 
49 111 23 49 204 27 
50 127 43 50 215 95 
51 90 152 51 237 4 
52 143 236 52 212 154 
53 129 113 53 37 102 
54 265 103 54 109 265 
55 248 66 55 7 209 
56 38 198 56 249 22 
57 122 237 57 219 87 
58 74 106 58 277 174 
59 114 191 59 43 131 
60 223 269 60 88 44 
61 30 75 61 130 55 
62 239 204 62 252 42 
63 72 62 63 182 274 
64 149 168 64 211 107 
65 96 132 65 268 279 
66 273 232 66 146 63 
67 101 183 67 270 277 
68 120 173 68 114 149 
69 262 162 69 260 39 
70 212 184 70 192 226 
71 186 176 71 132 105 
72 216 102 72 226 139 
73 67 48 73 34 46 
74 20 46 74 129 188 
75 174 158 75 209 219 
76 150 82 76 102 26 
77 238 119 77 184 8 
78 24 67 78 6 152 
79 276 253 79 246 193 
80 177 135 80 33 212 
81 201 20 81 269 189 
82 102 271 82 210 136 
83 25 225 83 115 119 
84 83 200 84 122 5 
85 191 121 85 240 91 
86 113 70 86 143 151 
87 13 50 87 111 160 
88 236 71 88 117 165 
89 274 17 89 152 173 
90 263 124 90 3 135 
91 56 264 91 164 244 
92 44 95 92 63 134 
93 8 276 93 131 201 
94 87 14 94 231 109 
95 252 170 95 44 246 
96 145 210 96 51 210 
97 227 144 97 49 241 
98 165 86 98 189 92 
99 140 199 99 61 260 
100 42 24 100 73 6 
101 253 112 101 62 224 
102 53 207 102 2 57 
103 203 116 103 18 33 
104 247 15 104 106 239 
105 39 188 105 92 153 
106 9 202 106 1 59 
107 214 185 107 36 29 
108 46 12 108 250 14 
109 220 72 109 154 54 
110 185 96 110 29 96 
111 68 178 111 27 163 
112 4 91 112 83 236 
113 264 190 113 258 267 
114 219 215 114 12 155 
115 169 99 115 162 247 
116 195 54 116 181 228 
117 41 38 117 272 30 
118 206 117 118 243 84 
119 277 265 119 256 41 
120 211 241 120 41 144 
121 54 224 121 119 7 
122 184 273 122 179 222 
123 81 25 123 157 179 
124 233 128 124 97 116 
125 110 179 125 60 2 
126 32 192 126 247 71 
127 269 44 127 222 269 
128 59 125 128 145 145 
129 76 250 129 165 137 
130 108 213 130 89 252 
131 26 130 131 136 99 
132 123 270 132 196 256 
133 61 218 133 82 232 
134 244 234 134 224 235 
135 148 258 135 218 258 
136 21 155 136 168 215 
137 222 114 137 4 198 
138 260 9 138 230 3 
139 170 60 139 173 24 
140 124 139 140 170 263 
141 109 143 141 241 143 
142 154 174 142 275 106 
143 2 231 143 225 128 
144 132 18 144 197 18 
145 241 235 145 84 114 
146 31 249 146 94 148 
147 6 157 147 38 157 
148 240 52 148 81 32 
149 182 49 149 149 127 
150 198 239 150 194 264 
151 176 181 151 193 218 
152 267 111 152 150 220 
153 135 89 153 96 125 
154 79 13 154 105 190 
155 66 263 155 187 113 
156 75 59 156 251 196 
157 141 242 157 59 184 
158 197 81 158 195 11 
159 158 163 159 21 225 
160 134 78 160 139 78 
161 78 211 161 244 129 
162 237 97 162 208 254 
163 126 64 163 227 169 
164 116 101 164 175 35 
165 19 268 165 110 221 
166 272 193 166 24 130 
167 3 27 167 239 147 
168 137 29 168 54 249 
169 92 261 169 172 77 
170 171 164 170 140 272 
171 94 203 171 10 156 
172 65 169 172 22 34 
173 88 31 173 17 23 
174 107 92 174 238 170 
175 57 274 175 113 213 
176 183 197 176 202 197 
177 178 187 177 266 205 
178 156 245 178 78 216 
179 189 175 179 116 240 
180 118 32 180 190 31 
181 147 118 181 216 208 
182 70 35 182 70 40 
183 217 85 183 264 217 
184 35 28 184 23 200 
185 221 90 185 261 233 
186 97 36 186 259 117 
187 194 37 187 201 80 
188 100 79 188 137 48 
189 89 214 189 95 17 
190 160 172 190 108 104 
191 55 76 191 118 70 
192 47 41 192 9 60 
193 256 222 193 67 273 
194 166 42 194 121 25 
195 270 156 195 77 238 
196 27 33 196 163 89 
197 14 244 197 271 15 
198 180 133 198 28 133 
199 80 126 199 166 20 
200 50 177 200 75 64 
201 175 217 201 198 167 
202 131 150 202 127 61 
203 173 34 203 158 276 
204 130 40 204 86 53 
205 204 47 205 98 253 
206 162 142 206 90 85 
207 261 3 207 232 180 
208 159 146 208 71 202 
209 225 182 209 19 43 
210 229 110 210 101 110 
211 268 141 211 255 141 
212 200 251 212 144 275 
213 52 109 213 134 76 
214 82 254 214 223 158 
215 199 255 215 35 231 
216 224 53 216 80 168 
217 29 87 217 161 278 
218 85 151 218 220 206 
219 168 259 219 40 185 
220 207 149 220 112 1 
221 23 138 221 236 73 
222 139 56 222 11 268 
223 51 220 223 228 111 
224 119 227 224 39 223 
225 202 57 225 155 121 
226 17 166 226 91 19 
227 103 100 227 32 65 
228 226 74 228 99 74 
229 218 21 229 53 72 
230 164 148 230 206 204 
231 213 80 231 68 255 
232 245 58 232 235 28 
233 5 238 233 128 250 
234 251 272 234 248 261 
235 128 154 235 20 16 
236 1 61 236 69 266 
237 249 275 237 257 13 
238 275 161 238 120 90 
239 34 108 239 31 88 
240 86 247 240 26 122 
241 167 51 241 253 164 
242 98 257 242 25 192 
243 242 153 243 174 126 
244 279 180 244 156 79 
245 151 228 245 178 214 
246 58 278 246 160 245 
247 33 45 247 16 123 
248 205 165 248 30 194 
249 73 243 249 74 183 
250 259 107 250 278 36 
251 190 115 251 141 195 
252 144 195 252 263 166 
253 63 123 253 169 75 
254 146 22 254 229 9 
255 271 209 255 148 66 
256 115 134 256 242 182 
257 187 68 257 50 68 
258 69 127 258 87 49 
259 208 73 259 8 230 
260 231 131 260 56 112 
261 257 55 261 58 45 
262 40 30 262 103 159 
263 12 196 263 126 146 
264 99 137 264 45 50 
265 71 206 265 138 83 
266 209 63 266 214 181 
267 11 201 267 85 103 
268 232 93 268 177 234 
269 117 279 269 205 132 
270 49 39 270 200 242 
271 18 19 271 147 172 
272 255 145 272 203 237 
273 60 194 273 276 10 
274 153 262 274 133 118 
275 234 221 275 64 248 
276 106 11 276 262 81 
277 48 8 277 79 93 
278 138 230 278 46 138 
279 84 212 279 279 82 
