***********************************
Experiment parameters:
Experiment results:
Permutations:
I U RANK QCV rand PATH 
1 255 259 237 47 10 
2 259 53 10 186 22 
3 184 262 184 180 194 
4 127 255 22 273 23 
5 169 62 169 176 169 
6 50 188 215 14 48 
7 171 193 171 135 171 
8 39 276 39 167 39 
9 61 177 61 267 61 
10 10 217 144 142 144 
11 59 274 59 234 59 
12 133 227 133 72 133 
13 214 34 214 245 214 
14 144 257 177 57 177 
15 164 30 8 66 8 
16 49 12 49 125 49 
17 104 133 104 207 104 
18 55 195 23 254 50 
19 163 82 163 171 163 
20 53 187 250 104 53 
21 89 140 89 5 89 
22 22 254 195 93 66 
23 98 182 98 65 98 
24 232 232 232 76 232 
25 149 63 149 15 149 
26 80 131 80 52 80 
27 173 21 173 151 173 
28 8 206 164 42 164 
29 21 90 21 185 21 
30 91 169 91 159 91 
31 257 92 257 274 257 
32 251 74 251 265 251 
33 65 11 65 100 65 
34 23 158 48 48 69 
35 210 221 210 217 210 
36 103 219 103 188 103 
37 236 252 236 107 236 
38 118 123 118 13 118 
39 131 47 131 55 131 
40 92 67 92 213 92 
41 96 28 96 199 96 
42 120 128 120 123 120 
43 190 24 190 221 190 
44 194 248 194 191 184 
45 83 142 83 153 83 
46 124 99 124 124 124 
47 93 93 93 183 93 
48 16 16 16 233 16 
49 158 50 50 204 70 
50 161 213 161 215 161 
51 117 246 117 237 117 
52 269 144 269 212 269 
53 183 147 183 37 183 
54 129 239 129 109 129 
55 90 172 90 7 90 
56 115 115 115 249 115 
57 66 10 53 219 88 
58 141 196 141 277 141 
59 264 51 264 43 264 
60 45 159 45 88 45 
61 206 184 206 130 206 
62 221 31 221 252 221 
63 247 200 247 182 247 
64 168 226 168 211 168 
65 160 37 160 268 160 
66 208 126 208 146 208 
67 71 71 71 270 71 
68 2 109 2 114 2 
69 69 215 224 260 122 
70 136 253 136 192 136 
71 52 52 52 132 52 
72 248 210 248 226 248 
73 31 244 31 34 31 
74 67 268 67 129 67 
75 128 100 128 209 128 
76 176 14 176 102 176 
77 220 203 220 184 220 
78 170 26 170 6 170 
79 217 247 217 246 217 
80 153 153 153 33 153 
81 130 130 130 269 130 
82 70 237 66 210 127 
83 116 103 116 115 116 
84 11 18 11 122 11 
85 274 207 274 240 274 
86 202 171 202 143 202 
87 155 83 155 111 155 
88 82 111 82 117 82 
89 159 86 159 152 159 
90 242 256 242 3 242 
91 223 98 223 164 223 
92 229 240 229 63 229 
93 28 150 28 131 28 
94 212 241 212 231 212 
95 105 105 105 44 105 
96 76 165 76 51 76 
97 5 5 5 49 5 
98 186 64 186 189 186 
99 88 137 69 61 137 
100 13 243 13 73 13 
101 62 84 62 62 62 
102 263 155 272 2 272 
103 30 125 30 18 30 
104 265 119 265 106 265 
105 81 271 70 92 158 
106 234 234 234 1 234 
107 72 72 72 36 72 
108 147 69 254 250 166 
109 12 189 12 154 12 
110 29 235 29 29 29 
111 228 134 228 27 228 
112 114 112 114 83 114 
113 151 212 151 258 151 
114 185 161 185 12 185 
115 266 4 266 162 266 
116 14 176 14 181 14 
117 32 152 32 272 32 
118 33 20 33 243 33 
119 216 220 216 256 216 
120 41 138 41 41 41 
121 134 85 134 119 134 
122 196 132 196 179 196 
123 277 174 277 157 277 
124 244 17 165 97 165 
125 75 233 75 60 75 
126 145 267 145 247 145 
127 138 65 138 222 138 
128 240 145 240 145 240 
129 18 162 18 165 18 
130 272 272 263 89 263 
131 165 8 244 136 244 
132 256 201 256 196 256 
133 179 202 179 82 179 
134 192 60 192 224 192 
135 48 166 88 218 187 
136 36 194 36 168 36 
137 218 218 218 4 218 
138 226 168 226 230 226 
139 27 110 27 173 27 
140 204 209 204 170 204 
141 79 79 79 241 79 
142 57 57 57 275 57 
143 222 222 222 225 222 
144 113 43 113 197 113 
145 175 45 175 84 175 
146 7 191 7 94 7 
147 199 260 199 38 199 
148 279 279 279 81 279 
149 97 164 97 149 97 
150 135 61 135 194 135 
151 211 75 211 193 211 
152 42 36 42 150 42 
153 241 258 241 96 241 
154 77 216 77 105 77 
155 180 180 180 187 180 
156 121 198 121 251 121 
157 178 73 178 59 178 
158 182 223 182 195 182 
159 60 81 60 21 60 
160 140 278 140 139 140 
161 43 229 43 244 43 
162 245 9 245 208 245 
163 154 154 154 227 154 
164 225 225 225 175 225 
165 270 270 270 110 270 
166 213 96 213 24 213 
167 148 148 148 239 148 
168 230 106 230 54 230 
169 68 68 68 172 68 
170 258 266 258 140 258 
171 276 58 276 10 276 
172 249 242 249 22 249 
173 9 181 9 17 9 
174 156 197 156 238 156 
175 112 275 112 113 112 
176 150 224 122 202 188 
177 166 122 271 266 195 
178 203 238 203 78 203 
179 15 264 15 116 15 
180 191 78 191 190 191 
181 73 156 73 216 73 
182 267 231 267 70 267 
183 37 59 37 264 37 
184 162 113 162 23 162 
185 126 87 126 261 126 
186 108 124 108 259 108 
187 235 277 235 201 235 
188 51 80 51 137 51 
189 139 139 139 95 139 
190 262 76 262 108 262 
191 174 143 174 118 174 
192 6 19 6 9 6 
193 100 49 100 67 100 
194 231 7 231 121 231 
195 99 107 99 77 99 
196 201 91 201 163 201 
197 200 173 200 271 200 
198 56 263 56 28 56 
199 252 108 252 166 252 
200 44 249 44 75 44 
201 219 44 219 198 219 
202 24 15 107 127 107 
203 207 167 207 158 207 
204 86 54 86 86 86 
205 238 77 238 98 238 
206 227 95 227 90 227 
207 34 208 34 232 34 
208 181 245 181 71 181 
209 38 170 38 19 38 
210 106 230 106 101 106 
211 58 114 58 255 58 
212 146 236 146 144 146 
213 209 204 209 134 209 
214 198 121 198 223 198 
215 246 40 246 35 246 
216 123 135 123 80 123 
217 102 102 102 161 102 
218 260 35 260 220 260 
219 177 190 24 40 24 
220 107 129 150 112 150 
221 78 13 78 236 78 
222 261 160 261 11 261 
223 167 261 167 228 167 
224 125 97 125 39 125 
225 233 6 233 155 233 
226 137 48 127 91 215 
227 188 88 137 32 224 
228 26 38 26 99 26 
229 4 94 4 53 4 
230 20 33 20 206 20 
231 119 265 119 68 119 
232 46 55 46 235 46 
233 19 211 19 128 19 
234 187 192 147 248 147 
235 54 163 54 20 54 
236 84 149 84 69 84 
237 224 104 81 257 81 
238 122 183 268 120 268 
239 268 22 188 31 237 
240 101 101 101 26 101 
241 278 118 278 253 278 
242 237 23 187 25 250 
243 273 157 273 174 273 
244 132 141 132 156 132 
245 275 175 275 178 275 
246 195 70 158 160 254 
247 35 199 35 16 35 
248 85 228 85 30 85 
249 193 179 193 74 193 
250 111 186 111 278 111 
251 253 269 253 141 253 
252 17 42 17 263 17 
253 94 151 94 169 94 
254 152 32 152 229 152 
255 205 205 205 148 205 
256 197 178 197 242 197 
257 95 136 95 50 95 
258 243 41 243 87 243 
259 47 146 47 8 47 
260 250 66 259 56 255 
261 63 116 63 58 63 
262 110 27 110 103 110 
263 1 2 1 126 1 
264 142 46 142 45 142 
265 87 214 87 138 87 
266 172 3 172 214 172 
267 271 127 166 85 259 
268 157 273 157 177 157 
269 64 29 64 205 64 
270 239 185 239 200 239 
271 3 89 3 147 3 
272 215 56 55 203 55 
273 254 250 255 276 271 
274 25 117 25 133 25 
275 189 39 189 64 189 
276 143 120 143 262 143 
277 109 1 109 79 109 
278 74 251 74 46 74 
279 40 25 40 279 40 
