***********************************
Experiment parameters:
Experiment results:
Permutations:
I U RANK QCV rand PATH 
1 254 61 57 47 48 
2 152 211 164 186 154 
3 197 201 215 180 215 
4 8 94 253 273 49 
5 272 241 242 176 19 
6 122 12 252 14 57 
7 168 186 186 135 232 
8 11 14 193 167 193 
9 46 171 264 267 264 
10 89 1 12 142 220 
11 126 98 204 234 40 
12 180 82 126 72 126 
13 276 117 96 245 96 
14 21 21 21 57 21 
15 257 233 22 66 231 
16 201 91 117 125 117 
17 199 219 188 207 188 
18 146 6 134 254 164 
19 142 182 75 171 1 
20 186 68 49 104 186 
21 123 150 95 5 95 
22 53 5 15 93 98 
23 139 191 161 65 136 
24 15 226 180 76 180 
25 67 38 228 15 228 
26 2 114 162 52 162 
27 98 101 8 151 8 
28 20 7 262 42 224 
29 118 166 80 185 24 
30 237 19 233 159 233 
31 228 221 201 274 201 
32 200 132 174 265 174 
33 81 190 257 100 161 
34 224 83 256 48 192 
35 167 142 59 217 124 
36 213 274 19 188 252 
37 60 97 63 107 63 
38 129 227 23 13 23 
39 23 10 67 55 106 
40 163 213 251 213 251 
41 206 189 1 199 156 
42 211 258 143 123 143 
43 74 141 136 221 253 
44 58 248 52 191 52 
45 29 259 147 153 132 
46 1 176 179 124 114 
47 136 13 169 183 169 
48 194 185 194 233 194 
49 76 256 214 204 76 
50 209 102 123 215 123 
51 233 158 226 237 226 
52 128 255 261 212 261 
53 217 205 139 37 139 
54 187 111 90 109 90 
55 36 160 127 7 127 
56 91 155 91 249 91 
57 56 252 82 219 82 
58 119 86 36 277 36 
59 226 57 41 43 41 
60 145 178 145 88 145 
61 244 247 20 130 20 
62 107 231 106 252 257 
63 37 127 37 182 37 
64 93 103 142 211 107 
65 131 200 208 268 208 
66 19 148 198 146 198 
67 277 266 105 270 105 
68 79 112 58 114 22 
69 4 88 4 260 4 
70 207 193 109 192 109 
71 70 215 221 132 221 
72 97 128 131 226 131 
73 132 230 26 34 26 
74 92 267 230 129 230 
75 265 136 191 209 191 
76 32 62 135 102 135 
77 10 116 155 184 155 
78 69 179 78 6 15 
79 269 224 182 246 182 
80 190 137 185 33 185 
81 161 119 51 269 51 
82 202 23 227 210 227 
83 54 74 54 115 54 
84 133 197 152 122 115 
85 248 153 66 240 66 
86 264 70 24 143 78 
87 245 63 5 111 5 
88 196 249 122 117 110 
89 127 272 220 152 112 
90 44 277 137 3 137 
91 90 34 151 164 151 
92 130 123 102 63 102 
93 100 269 100 131 100 
94 193 8 273 231 273 
95 178 126 140 44 140 
96 179 251 213 51 213 
97 223 144 195 49 195 
98 33 220 166 189 189 
99 256 183 79 61 79 
100 198 264 83 73 83 
101 182 120 207 62 207 
102 158 225 255 2 179 
103 135 133 237 18 10 
104 31 229 42 106 42 
105 143 234 267 92 267 
106 82 250 209 1 209 
107 24 207 35 36 35 
108 174 270 241 250 241 
109 175 204 225 154 260 
110 153 84 163 29 163 
111 114 99 116 27 116 
112 192 90 129 83 129 
113 108 177 203 258 203 
114 162 2 72 12 72 
115 181 175 9 162 9 
116 154 181 266 181 266 
117 150 194 277 272 277 
118 78 223 219 243 219 
119 251 237 274 256 274 
120 188 214 144 41 144 
121 212 246 31 119 31 
122 51 199 138 179 138 
123 173 134 211 157 211 
124 246 154 121 97 239 
125 230 198 154 60 247 
126 96 196 217 247 217 
127 140 145 178 222 178 
128 164 260 81 145 81 
129 243 257 101 165 101 
130 159 232 278 89 255 
131 106 22 77 136 16 
132 195 140 18 196 18 
133 157 240 244 82 244 
134 17 65 125 224 125 
135 191 44 44 218 44 
136 102 72 2 168 2 
137 189 245 187 4 187 
138 208 130 108 230 108 
139 155 192 111 173 111 
140 18 195 128 170 128 
141 203 147 132 241 147 
142 115 28 86 275 86 
143 39 121 254 225 58 
144 59 3 3 197 3 
145 22 236 43 84 43 
146 48 24 89 94 67 
147 229 212 212 38 212 
148 73 276 168 81 168 
149 147 202 202 149 202 
150 45 151 229 194 229 
151 279 244 240 193 240 
152 151 17 30 150 30 
153 94 87 190 96 190 
154 241 15 216 105 216 
155 113 47 205 187 205 
156 221 139 175 251 175 
157 270 109 11 59 11 
158 205 71 53 195 53 
159 218 54 99 21 99 
160 38 184 184 139 184 
161 88 273 60 244 60 
162 12 73 260 208 268 
163 214 64 270 227 270 
164 210 56 56 175 56 
165 165 113 271 110 271 
166 278 161 177 24 177 
167 252 27 68 239 68 
168 215 172 149 54 149 
169 35 180 206 172 206 
170 61 253 70 140 70 
171 112 29 29 10 29 
172 266 115 159 22 159 
173 26 124 61 17 61 
174 170 167 94 238 94 
175 183 105 269 113 269 
176 171 92 92 202 92 
177 52 104 265 266 265 
178 172 75 120 78 120 
179 261 135 6 116 6 
180 166 31 246 190 93 
181 14 187 38 216 38 
182 9 235 276 70 276 
183 120 85 133 264 133 
184 41 89 232 23 77 
185 105 168 73 261 73 
186 185 35 249 259 249 
187 260 100 247 201 134 
188 71 26 234 137 234 
189 137 66 10 95 113 
190 116 217 40 108 118 
191 149 76 153 118 153 
192 49 40 250 9 246 
193 80 138 104 67 104 
194 250 41 27 121 214 
195 239 122 172 77 172 
196 68 39 39 163 237 
197 55 42 34 271 34 
198 236 169 13 28 13 
199 30 25 119 166 119 
200 47 170 170 75 170 
201 62 93 16 198 254 
202 271 129 189 127 122 
203 232 156 238 158 103 
204 6 152 197 86 248 
205 64 49 98 98 176 
206 134 48 157 90 250 
207 25 108 130 232 130 
208 125 50 124 71 69 
209 27 265 199 19 199 
210 86 36 28 101 28 
211 169 55 55 255 55 
212 83 106 93 144 181 
213 77 95 181 134 256 
214 220 157 263 223 259 
215 176 80 224 35 121 
216 111 162 268 80 262 
217 204 77 85 161 242 
218 249 78 114 220 87 
219 262 69 176 40 142 
220 238 238 48 112 152 
221 7 45 210 236 210 
222 103 254 115 11 157 
223 273 30 17 228 17 
224 253 4 88 39 88 
225 13 58 87 155 85 
226 255 261 7 91 7 
227 85 222 46 32 46 
228 101 243 243 99 243 
229 240 146 118 53 75 
230 50 149 113 206 204 
231 63 275 146 68 80 
232 124 59 231 235 39 
233 235 60 239 128 89 
234 225 262 156 248 166 
235 110 107 150 20 12 
236 141 242 64 69 64 
237 156 263 103 257 197 
238 121 268 112 120 225 
239 148 174 218 31 146 
240 3 9 148 26 150 
241 263 18 235 253 235 
242 219 271 192 25 59 
243 28 51 25 174 25 
244 117 43 74 156 74 
245 5 16 223 178 223 
246 66 110 110 160 238 
247 75 33 165 16 165 
248 138 278 69 30 263 
249 216 67 171 74 171 
250 268 81 272 278 272 
251 99 118 259 141 218 
252 34 206 50 263 50 
253 247 165 76 169 148 
254 267 79 183 229 183 
255 274 37 245 148 245 
256 234 173 173 242 173 
257 258 279 279 50 279 
258 227 32 32 87 32 
259 144 163 84 8 84 
260 57 143 141 56 141 
261 259 20 33 58 33 
262 65 164 62 103 62 
263 177 131 47 126 47 
264 43 188 196 45 196 
265 231 218 97 138 97 
266 242 46 222 214 222 
267 84 216 158 85 158 
268 109 125 65 177 65 
269 184 208 200 205 200 
270 95 11 14 200 14 
271 72 239 167 147 167 
272 275 159 275 203 275 
273 160 203 107 276 27 
274 16 228 160 133 160 
275 104 209 258 64 258 
276 40 53 71 262 71 
277 222 96 236 79 236 
278 42 210 45 46 45 
279 87 52 248 279 278 
