***********************************
Experiment parameters:
Experiment results:
Permutations:
I U RANK QCV rand PATH 
1 253 1 1 47 1 
2 229 90 9 186 13 
3 162 147 228 180 228 
4 128 117 239 273 33 
5 224 261 224 176 224 
6 130 253 15 14 125 
7 150 208 150 135 150 
8 6 265 6 167 6 
9 272 30 272 267 272 
10 9 238 77 142 77 
11 256 37 256 234 256 
12 23 127 128 72 128 
13 19 193 19 245 19 
14 30 178 30 57 30 
15 50 211 107 66 50 
16 152 26 152 125 152 
17 110 272 110 207 110 
18 52 135 259 254 151 
19 202 84 202 171 202 
20 65 52 22 104 90 
21 188 110 188 5 188 
22 15 220 210 93 96 
23 180 177 180 65 180 
24 122 111 122 76 122 
25 193 63 193 15 193 
26 55 212 55 52 55 
27 22 115 247 151 247 
28 107 243 50 42 107 
29 28 129 28 185 28 
30 213 224 213 159 213 
31 250 20 250 274 250 
32 78 10 78 265 78 
33 176 46 176 100 176 
34 96 232 52 48 101 
35 83 275 83 217 83 
36 236 267 236 188 236 
37 198 24 198 107 198 
38 144 28 144 13 144 
39 105 149 105 55 105 
40 67 38 67 213 67 
41 74 17 74 199 74 
42 215 191 215 123 215 
43 112 180 112 221 112 
44 228 58 162 191 162 
45 157 83 157 153 157 
46 31 244 31 124 31 
47 10 192 10 183 10 
48 263 263 263 233 263 
49 182 9 230 204 117 
50 279 74 279 215 279 
51 141 273 141 237 141 
52 278 234 278 212 278 
53 168 188 168 37 168 
54 75 14 75 109 75 
55 34 205 34 7 34 
56 40 40 40 249 40 
57 134 130 254 219 119 
58 41 41 41 277 41 
59 59 143 59 43 59 
60 113 91 113 88 113 
61 99 228 99 130 99 
62 131 190 131 252 131 
63 32 207 32 182 32 
64 53 225 53 211 53 
65 184 181 184 268 184 
66 221 42 221 146 221 
67 108 35 108 270 108 
68 91 114 91 114 91 
69 90 239 253 260 130 
70 205 246 205 192 205 
71 116 250 116 132 116 
72 58 98 58 226 58 
73 12 233 12 34 12 
74 266 146 266 129 266 
75 121 150 121 209 121 
76 175 141 175 102 175 
77 153 184 153 184 153 
78 251 251 251 6 251 
79 57 258 57 246 57 
80 27 59 27 33 27 
81 14 88 14 269 14 
82 230 170 101 210 134 
83 196 48 196 115 196 
84 140 60 140 122 140 
85 260 21 260 240 260 
86 118 3 118 143 118 
87 243 255 243 111 243 
88 201 118 201 117 201 
89 265 87 265 152 265 
90 142 120 142 3 142 
91 125 248 125 164 22 
92 151 79 151 63 52 
93 156 279 156 131 156 
94 138 271 138 231 138 
95 268 160 268 44 268 
96 240 99 240 51 240 
97 89 89 89 49 89 
98 204 195 204 189 204 
99 117 210 276 61 135 
100 92 249 92 73 92 
101 48 175 48 62 48 
102 5 106 23 2 5 
103 211 50 211 18 211 
104 161 173 161 106 161 
105 101 230 90 92 170 
106 223 223 223 1 223 
107 70 70 70 36 70 
108 135 15 96 250 179 
109 208 81 208 154 208 
110 133 217 133 29 133 
111 115 144 115 27 115 
112 80 237 80 83 80 
113 171 123 171 258 171 
114 17 73 227 12 227 
115 11 11 11 162 11 
116 43 148 43 181 43 
117 145 145 145 272 145 
118 249 209 249 243 249 
119 95 200 95 256 95 
120 85 85 85 41 85 
121 20 86 20 119 20 
122 227 156 17 179 17 
123 169 245 169 157 169 
124 233 274 54 97 54 
125 103 171 103 60 103 
126 104 122 104 247 104 
127 8 92 8 222 8 
128 111 140 111 145 111 
129 241 8 241 165 241 
130 77 157 5 89 23 
131 54 107 233 136 233 
132 231 213 231 196 231 
133 3 215 3 82 3 
134 137 2 137 224 137 
135 51 276 232 218 206 
136 255 131 255 168 255 
137 149 31 149 4 149 
138 234 34 234 230 234 
139 165 124 165 173 165 
140 219 68 219 170 219 
141 94 94 94 241 94 
142 33 33 33 275 15 
143 199 71 199 225 199 
144 209 151 209 197 209 
145 114 133 114 84 114 
146 102 174 102 94 102 
147 13 72 13 38 9 
148 109 109 109 81 109 
149 106 54 106 149 106 
150 86 51 86 194 86 
151 257 161 257 193 257 
152 189 240 189 150 189 
153 123 164 123 96 123 
154 181 203 181 105 181 
155 177 166 177 187 177 
156 277 277 277 251 277 
157 214 214 214 59 214 
158 203 252 203 195 203 
159 246 53 246 21 246 
160 2 67 2 139 2 
161 167 167 167 244 167 
162 271 172 271 208 271 
163 160 268 160 227 160 
164 18 25 18 175 18 
165 164 47 164 110 164 
166 73 75 73 24 73 
167 126 126 126 239 126 
168 29 29 29 54 29 
169 39 39 39 172 39 
170 226 222 226 140 226 
171 81 154 81 10 81 
172 148 242 148 22 148 
173 155 226 155 17 155 
174 4 4 4 238 4 
175 245 262 245 113 245 
176 119 259 119 202 210 
177 225 101 134 266 220 
178 166 256 166 78 166 
179 244 218 244 116 244 
180 76 176 76 190 76 
181 35 194 35 216 35 
182 46 102 46 70 46 
183 16 95 16 264 16 
184 60 36 60 23 60 
185 242 264 242 261 242 
186 216 27 216 259 216 
187 262 139 262 201 262 
188 24 105 24 137 24 
189 21 112 21 95 21 
190 274 162 274 108 274 
191 154 82 154 118 154 
192 222 66 222 9 222 
193 93 201 93 67 93 
194 36 104 36 121 36 
195 143 198 143 77 143 
196 120 269 120 163 120 
197 258 57 258 271 258 
198 49 5 49 28 49 
199 61 216 61 166 61 
200 45 7 45 75 45 
201 267 19 267 198 267 
202 88 55 212 127 212 
203 64 125 64 158 64 
204 127 93 191 86 191 
205 71 153 71 98 71 
206 129 32 129 90 129 
207 264 197 264 232 264 
208 172 138 172 71 172 
209 42 196 42 19 42 
210 183 165 183 101 183 
211 56 152 56 255 56 
212 25 18 25 144 25 
213 68 219 68 134 68 
214 158 158 158 223 158 
215 192 78 192 35 192 
216 132 247 132 80 132 
217 69 69 69 161 69 
218 72 13 72 220 72 
219 248 199 248 40 248 
220 170 187 88 112 88 
221 79 235 79 236 79 
222 252 16 252 11 252 
223 37 260 37 228 37 
224 190 23 190 39 190 
225 97 97 97 155 97 
226 206 229 117 91 229 
227 259 96 135 32 230 
228 163 142 163 99 163 
229 185 257 185 53 185 
230 235 241 235 206 235 
231 173 103 173 68 173 
232 98 49 98 235 98 
233 66 155 66 128 66 
234 191 168 51 248 182 
235 82 169 82 20 82 
236 273 43 273 69 273 
237 220 116 182 257 51 
238 212 128 225 120 225 
239 254 134 130 31 232 
240 136 136 136 26 136 
241 178 132 178 253 178 
242 276 22 229 25 239 
243 270 186 270 174 270 
244 187 159 187 156 187 
245 217 100 217 178 217 
246 179 179 170 160 253 
247 44 44 44 16 44 
248 146 266 146 30 146 
249 237 202 237 74 237 
250 195 6 195 278 195 
251 210 137 127 141 127 
252 147 12 147 263 147 
253 47 185 47 169 47 
254 200 64 200 229 200 
255 62 62 62 148 62 
256 194 108 194 242 194 
257 38 278 38 50 38 
258 174 76 174 87 174 
259 218 61 218 8 218 
260 232 254 220 56 254 
261 197 45 197 58 197 
262 124 183 124 103 124 
263 84 204 84 126 84 
264 275 65 275 45 275 
265 269 221 269 138 269 
266 207 182 207 214 207 
267 239 206 179 85 259 
268 186 270 186 177 186 
269 26 56 26 205 26 
270 159 227 159 200 159 
271 238 77 238 147 238 
272 247 189 65 203 65 
273 1 119 206 276 276 
274 63 231 63 133 63 
275 139 80 139 64 139 
276 87 113 87 262 87 
277 100 121 100 79 100 
278 261 163 261 46 261 
279 7 236 7 279 7 
