***********************************
Experiment parameters:
Experiment results:
Permutations:
I U RANK QCV rand PATH 
1 188 191 4 47 4 
2 177 40 11 186 11 
3 66 90 66 180 175 
4 230 207 155 273 24 
5 33 111 33 176 33 
6 40 4 177 14 29 
7 86 61 86 135 86 
8 266 202 266 167 266 
9 153 35 153 267 153 
10 59 178 131 142 131 
11 100 63 100 234 100 
12 20 213 140 72 140 
13 227 117 227 245 227 
14 131 169 59 57 59 
15 13 39 118 66 13 
16 202 120 202 125 202 
17 178 249 178 207 178 
18 29 160 185 254 40 
19 259 77 259 171 259 
20 11 149 191 104 43 
21 260 273 260 5 260 
22 24 116 24 93 46 
23 262 184 262 65 262 
24 200 55 200 76 200 
25 196 74 196 15 196 
26 3 197 3 52 3 
27 223 92 161 151 161 
28 118 192 13 42 118 
29 187 99 187 185 187 
30 164 234 164 159 164 
31 75 1 75 274 75 
32 165 196 165 265 165 
33 245 238 245 100 245 
34 46 46 149 48 56 
35 39 223 39 217 39 
36 222 78 222 188 222 
37 12 152 12 107 12 
38 47 140 47 13 47 
39 104 12 104 55 104 
40 256 268 256 213 256 
41 180 107 180 199 180 
42 8 81 8 123 8 
43 102 51 102 221 102 
44 175 277 175 191 66 
45 90 66 90 153 90 
46 14 132 14 124 14 
47 234 80 234 183 234 
48 217 217 217 233 217 
49 130 96 130 204 96 
50 231 60 231 215 231 
51 218 176 218 237 218 
52 35 141 35 212 35 
53 112 156 112 37 112 
54 15 146 15 109 15 
55 1 188 1 7 1 
56 5 5 5 249 5 
57 43 119 29 219 116 
58 50 15 50 277 50 
59 152 23 152 43 152 
60 120 9 120 88 120 
61 172 175 172 130 172 
62 91 203 91 252 91 
63 171 205 171 182 171 
64 169 187 169 211 169 
65 37 206 37 268 37 
66 26 265 26 146 26 
67 18 247 18 270 18 
68 58 58 58 114 58 
69 56 11 40 260 119 
70 236 230 236 192 236 
71 99 112 99 132 99 
72 65 240 65 226 65 
73 22 254 22 34 22 
74 268 110 268 129 268 
75 81 174 81 209 81 
76 186 222 186 102 186 
77 70 194 70 184 70 
78 80 235 80 6 80 
79 213 113 213 246 213 
80 53 134 53 33 53 
81 232 50 232 269 232 
82 147 185 43 210 125 
83 278 257 278 115 278 
84 193 253 193 122 193 
85 93 226 93 240 93 
86 246 126 246 143 246 
87 17 49 17 111 17 
88 216 129 216 117 216 
89 255 8 255 152 255 
90 183 227 183 3 183 
91 206 70 206 164 206 
92 137 270 137 63 137 
93 215 248 215 131 215 
94 6 225 6 231 6 
95 68 122 68 44 68 
96 28 71 28 51 28 
97 57 57 57 49 57 
98 264 86 264 189 264 
99 125 125 46 61 130 
100 45 45 45 73 45 
101 195 165 195 62 195 
102 140 17 20 2 20 
103 49 172 49 18 49 
104 62 115 62 106 62 
105 4 221 56 92 142 
106 242 242 242 1 242 
107 241 41 241 36 241 
108 116 155 207 250 147 
109 228 135 228 154 228 
110 88 259 88 29 88 
111 275 153 275 27 275 
112 279 139 279 83 279 
113 27 198 27 258 27 
114 107 232 107 12 107 
115 83 62 83 162 83 
116 74 186 74 181 74 
117 220 37 220 272 220 
118 108 243 108 243 108 
119 51 199 51 256 51 
120 55 124 55 41 55 
121 252 131 252 119 252 
122 267 231 267 179 267 
123 154 154 154 157 154 
124 71 7 10 97 223 
125 121 229 121 60 121 
126 38 123 38 247 38 
127 270 79 270 222 270 
128 85 136 85 145 85 
129 253 137 253 165 253 
130 254 28 254 89 254 
131 10 94 223 136 10 
132 257 195 257 196 257 
133 9 255 9 82 9 
134 273 75 273 224 273 
135 160 56 239 218 149 
136 94 20 94 168 94 
137 145 127 145 4 145 
138 276 275 276 230 276 
139 167 42 167 173 167 
140 87 159 87 170 87 
141 41 68 41 241 41 
142 52 52 52 275 52 
143 84 102 84 225 84 
144 128 85 128 197 128 
145 114 246 114 84 114 
146 123 2 123 94 123 
147 181 269 181 38 181 
148 133 133 133 81 133 
149 7 98 7 149 7 
150 19 276 19 194 19 
151 115 82 115 193 115 
152 277 250 277 150 277 
153 163 27 163 96 163 
154 258 100 258 105 258 
155 106 224 106 187 106 
156 95 214 95 251 95 
157 247 144 247 59 247 
158 226 69 226 195 226 
159 113 19 113 21 113 
160 249 32 249 139 249 
161 124 193 124 244 124 
162 138 121 138 208 138 
163 122 241 122 227 122 
164 134 101 134 175 134 
165 198 271 198 110 198 
166 30 30 30 24 30 
167 210 210 210 239 210 
168 42 167 42 54 42 
169 148 148 148 172 148 
170 82 103 82 140 82 
171 170 279 170 10 170 
172 78 208 78 22 78 
173 271 157 271 17 271 
174 21 21 21 238 21 
175 61 266 61 113 61 
176 191 130 147 202 155 
177 96 29 204 266 160 
178 44 84 44 78 44 
179 64 104 64 116 64 
180 272 108 272 190 272 
181 97 18 97 216 97 
182 79 38 79 70 79 
183 194 106 194 264 194 
184 2 128 2 23 2 
185 25 233 25 261 25 
186 101 145 101 259 101 
187 77 274 77 201 77 
188 197 31 197 137 197 
189 199 220 199 95 199 
190 240 22 240 108 240 
191 166 170 166 118 166 
192 168 73 168 9 168 
193 158 88 158 67 158 
194 243 245 243 121 243 
195 132 14 132 77 132 
196 111 143 111 163 111 
197 173 263 173 271 173 
198 98 118 98 28 98 
199 31 190 31 166 31 
200 109 76 109 75 109 
201 76 218 76 198 76 
202 248 3 190 127 190 
203 224 93 224 158 224 
204 126 179 126 86 126 
205 184 182 184 98 184 
206 92 34 92 90 92 
207 143 109 143 232 143 
208 103 244 103 71 103 
209 233 183 233 19 233 
210 211 211 211 101 211 
211 48 166 48 255 48 
212 23 64 23 144 23 
213 159 87 159 134 159 
214 214 95 214 223 214 
215 235 72 235 35 235 
216 205 173 205 80 205 
217 251 251 251 161 251 
218 54 54 54 220 54 
219 69 209 69 40 69 
220 190 267 248 112 248 
221 136 200 136 236 136 
222 63 262 63 11 63 
223 209 258 209 228 209 
224 250 13 250 39 250 
225 229 6 229 155 229 
226 207 204 221 91 177 
227 142 142 142 32 185 
228 72 212 72 99 72 
229 157 168 157 53 157 
230 238 261 238 206 238 
231 73 83 73 68 73 
232 203 65 203 235 203 
233 244 138 244 128 244 
234 204 256 141 248 141 
235 135 158 135 20 135 
236 265 25 265 69 265 
237 149 189 188 257 188 
238 119 236 230 120 230 
239 239 43 96 31 191 
240 105 53 105 26 105 
241 110 47 110 253 110 
242 237 147 237 25 204 
243 67 219 67 174 67 
244 146 180 146 156 146 
245 36 201 36 178 36 
246 155 237 160 160 207 
247 269 181 269 16 269 
248 189 59 189 30 189 
249 129 216 129 74 129 
250 201 114 201 278 201 
251 156 252 156 141 156 
252 192 10 192 263 192 
253 225 163 225 169 225 
254 182 44 182 229 182 
255 150 150 150 148 150 
256 144 97 144 242 144 
257 32 161 32 50 32 
258 261 272 261 87 261 
259 127 105 127 8 127 
260 185 24 116 56 221 
261 16 33 16 58 16 
262 151 151 151 103 151 
263 274 36 274 126 274 
264 89 91 89 45 89 
265 212 278 212 138 212 
266 34 260 34 214 34 
267 221 239 119 85 237 
268 219 67 219 177 219 
269 162 48 162 205 162 
270 60 215 60 200 60 
271 263 171 263 147 263 
272 161 89 71 203 71 
273 141 177 125 276 239 
274 176 164 176 133 176 
275 179 228 179 64 179 
276 139 162 139 262 139 
277 174 264 174 79 174 
278 208 16 208 46 208 
279 117 26 117 279 117 
