***********************************
Experiment parameters:
Experiment results:
Permutations:
I U RANK QCV rand PATH 
1 236 151 236 47 19 
2 193 156 19 186 20 
3 51 261 51 180 54 
4 151 226 193 273 23 
5 61 122 61 176 61 
6 50 172 20 14 26 
7 118 195 118 135 118 
8 68 205 68 167 68 
9 166 152 166 267 166 
10 20 73 45 142 45 
11 78 65 78 234 78 
12 19 150 27 72 27 
13 119 109 119 245 119 
14 45 243 243 57 243 
15 4 121 4 66 4 
16 111 53 111 125 111 
17 186 12 186 207 186 
18 233 90 23 254 47 
19 101 68 101 171 101 
20 18 277 26 104 50 
21 262 100 262 5 262 
22 23 154 197 93 83 
23 264 165 264 65 264 
24 140 207 140 76 140 
25 259 55 259 15 259 
26 225 35 225 52 225 
27 148 127 148 151 148 
28 175 275 175 42 175 
29 73 147 73 185 73 
30 135 145 135 159 135 
31 248 248 248 274 248 
32 256 32 256 265 256 
33 181 196 181 100 181 
34 47 236 47 48 88 
35 232 4 232 217 232 
36 108 256 108 188 108 
37 191 70 191 107 191 
38 104 131 104 13 104 
39 42 233 42 55 42 
40 138 174 138 213 138 
41 13 231 13 199 13 
42 158 132 158 123 158 
43 266 15 266 221 266 
44 54 34 54 191 51 
45 17 51 17 153 17 
46 137 157 137 124 137 
47 123 206 123 183 123 
48 269 269 269 233 269 
49 178 163 226 204 90 
50 211 94 211 215 211 
51 38 123 38 237 38 
52 149 185 149 212 149 
53 258 186 258 37 258 
54 194 9 194 109 194 
55 131 199 131 7 131 
56 92 92 92 249 92 
57 83 227 50 219 139 
58 217 211 217 277 217 
59 98 228 98 43 98 
60 114 99 114 88 114 
61 164 164 164 130 164 
62 212 232 212 252 212 
63 127 202 127 182 127 
64 176 24 176 211 176 
65 271 271 271 268 271 
66 241 38 241 146 241 
67 116 237 116 270 116 
68 76 85 76 114 76 
69 26 272 272 260 151 
70 147 29 147 192 147 
71 141 148 141 132 141 
72 48 208 48 226 48 
73 34 209 34 34 34 
74 86 104 86 129 86 
75 274 3 274 209 274 
76 30 241 30 102 30 
77 75 16 75 184 75 
78 109 259 109 6 109 
79 185 134 185 246 185 
80 33 102 33 33 33 
81 9 217 9 269 9 
82 43 83 227 210 154 
83 265 108 265 115 265 
84 254 89 254 122 254 
85 210 190 210 240 210 
86 189 8 189 143 189 
87 177 212 177 111 177 
88 63 28 63 117 63 
89 205 76 205 152 205 
90 55 130 55 3 55 
91 250 264 250 164 250 
92 22 198 22 63 22 
93 94 81 94 131 94 
94 239 79 239 231 239 
95 40 216 40 44 40 
96 215 215 215 51 215 
97 142 142 142 49 142 
98 84 118 84 189 84 
99 154 193 83 61 156 
100 62 25 62 73 62 
101 201 119 201 62 201 
102 243 105 82 2 18 
103 56 177 56 18 56 
104 95 153 95 106 95 
105 88 270 88 92 163 
106 192 192 192 1 192 
107 216 40 216 36 216 
108 90 260 260 250 172 
109 132 222 132 154 132 
110 85 273 85 29 85 
111 240 138 240 27 240 
112 124 274 124 83 124 
113 214 218 214 258 214 
114 184 194 231 12 231 
115 242 69 242 162 242 
116 122 64 122 181 122 
117 279 96 279 272 279 
118 89 22 89 243 89 
119 15 52 15 256 15 
120 103 155 103 41 103 
121 234 141 234 119 234 
122 231 179 184 179 184 
123 99 276 99 157 99 
124 257 18 230 97 257 
125 183 167 183 60 183 
126 25 168 25 247 25 
127 196 103 196 222 196 
128 106 49 106 145 106 
129 49 173 49 165 49 
130 82 203 18 89 82 
131 230 48 257 136 230 
132 247 160 247 196 247 
133 3 63 3 82 3 
134 74 86 74 224 74 
135 163 139 270 218 178 
136 105 54 105 168 105 
137 112 191 112 4 112 
138 202 249 202 230 202 
139 136 110 136 173 136 
140 245 67 245 170 245 
141 59 59 59 241 59 
142 36 36 36 275 36 
143 71 244 71 225 71 
144 173 1 173 197 173 
145 170 224 170 84 170 
146 155 106 155 94 155 
147 188 188 188 38 188 
148 219 219 219 81 219 
149 87 230 87 149 87 
150 80 258 80 194 80 
151 153 95 153 193 153 
152 208 171 208 150 208 
153 255 239 255 96 255 
154 96 71 96 105 96 
155 65 229 65 187 65 
156 39 66 39 251 39 
157 97 116 97 59 97 
158 16 250 16 195 16 
159 100 262 100 21 100 
160 37 14 37 139 37 
161 168 21 168 244 168 
162 246 159 246 208 246 
163 252 252 252 227 252 
164 157 169 157 175 157 
165 218 246 218 110 218 
166 129 129 129 24 129 
167 7 7 7 239 7 
168 58 136 58 54 58 
169 66 39 66 172 66 
170 159 214 159 140 159 
171 28 72 28 10 28 
172 130 247 130 22 130 
173 167 125 167 17 167 
174 237 97 237 238 237 
175 195 114 195 113 195 
176 172 178 90 202 182 
177 139 182 139 266 193 
178 165 266 165 78 165 
179 35 220 35 116 35 
180 207 180 207 190 207 
181 91 91 91 216 91 
182 198 181 198 70 198 
183 244 75 244 264 244 
184 1 113 1 23 1 
185 133 253 133 261 133 
186 102 251 102 259 102 
187 224 115 224 201 224 
188 220 137 220 137 220 
189 190 78 190 95 190 
190 121 204 121 108 121 
191 72 146 72 118 72 
192 41 57 41 9 41 
193 60 158 60 67 60 
194 180 140 180 121 180 
195 169 33 169 77 169 
196 267 265 267 163 267 
197 152 37 152 271 152 
198 261 175 261 28 261 
199 70 77 70 166 70 
200 160 223 160 75 160 
201 32 238 32 198 32 
202 29 225 233 127 233 
203 52 93 52 158 52 
204 27 84 162 86 162 
205 229 117 229 98 229 
206 263 176 263 90 263 
207 187 267 187 232 187 
208 57 255 57 71 57 
209 31 144 31 19 31 
210 110 278 110 101 110 
211 8 126 8 255 276 
212 77 42 77 144 77 
213 67 245 67 134 67 
214 46 46 46 223 46 
215 253 135 253 35 253 
216 134 43 134 80 134 
217 161 161 161 161 161 
218 5 5 5 220 5 
219 143 210 143 40 143 
220 203 13 235 112 235 
221 21 213 21 236 21 
222 93 143 93 11 93 
223 117 279 117 228 117 
224 209 17 209 39 209 
225 268 2 268 155 268 
226 156 19 151 91 197 
227 182 20 154 32 226 
228 238 128 238 99 238 
229 79 242 79 53 79 
230 113 254 113 206 113 
231 69 41 69 68 69 
232 275 56 275 235 275 
233 2 268 2 128 2 
234 199 263 199 248 199 
235 115 162 115 20 115 
236 206 187 206 69 206 
237 227 149 43 257 43 
238 162 234 29 120 29 
239 260 47 156 31 227 
240 251 112 251 26 251 
241 174 45 174 253 174 
242 277 197 163 25 236 
243 10 11 10 174 10 
244 179 184 179 156 179 
245 107 120 107 178 107 
246 226 23 277 160 260 
247 44 44 44 16 44 
248 12 74 12 30 12 
249 126 101 126 74 126 
250 273 60 273 278 273 
251 197 166 249 141 249 
252 171 257 171 263 171 
253 125 183 125 169 125 
254 6 6 6 229 6 
255 221 221 221 148 221 
256 200 200 200 242 200 
257 14 80 14 50 14 
258 213 62 213 87 213 
259 228 98 228 8 228 
260 249 88 172 56 270 
261 145 133 145 58 145 
262 278 58 278 103 278 
263 120 107 120 126 120 
264 204 87 204 45 204 
265 64 61 64 138 64 
266 150 240 150 214 150 
267 270 50 182 85 272 
268 11 10 11 177 11 
269 146 189 146 205 146 
270 81 235 81 200 81 
271 24 27 24 147 24 
272 235 82 203 203 203 
273 272 26 178 276 277 
274 223 31 223 133 223 
275 53 111 53 64 53 
276 276 124 276 262 8 
277 222 170 222 79 222 
278 128 30 128 46 128 
279 144 201 144 279 144 
