***********************************
Experiment parameters:
Experiment results:
Permutations:
I U RANK QCV rand PATH 
1 261 238 1 47 200 
2 114 154 2 186 112 
3 172 209 3 180 147 
4 37 181 4 273 15 
5 262 225 5 176 119 
6 258 48 6 14 30 
7 104 184 7 135 18 
8 132 134 8 167 202 
9 117 176 9 267 66 
10 192 65 10 142 136 
11 223 3 11 234 103 
12 22 82 12 72 107 
13 135 24 13 245 175 
14 220 207 14 57 229 
15 124 165 15 66 251 
16 227 150 16 125 188 
17 225 216 17 207 132 
18 82 220 18 254 117 
19 95 5 19 171 8 
20 216 219 20 104 277 
21 74 272 21 5 16 
22 120 6 22 93 130 
23 43 196 23 65 180 
24 102 106 24 76 23 
25 100 188 25 15 98 
26 235 87 26 52 50 
27 31 100 27 151 162 
28 40 8 28 42 213 
29 21 1 29 185 269 
30 88 14 30 159 174 
31 72 156 31 274 156 
32 68 132 32 265 87 
33 266 197 33 100 139 
34 177 278 34 48 141 
35 139 9 35 217 233 
36 46 146 36 188 88 
37 94 148 37 107 121 
38 52 12 38 13 53 
39 217 10 39 55 146 
40 128 53 40 213 12 
41 90 157 41 199 259 
42 240 254 42 123 100 
43 105 143 43 221 69 
44 23 258 44 191 13 
45 103 246 45 153 89 
46 47 85 46 124 238 
47 268 253 47 183 253 
48 201 13 48 233 201 
49 221 18 49 204 1 
50 131 36 50 215 99 
51 151 166 51 237 248 
52 208 211 52 212 47 
53 205 83 53 37 232 
54 123 19 54 109 168 
55 101 120 55 7 252 
56 150 95 56 249 150 
57 129 248 57 219 9 
58 137 178 58 277 226 
59 197 193 59 43 57 
60 118 257 60 88 84 
61 79 233 61 130 54 
62 87 210 62 252 115 
63 191 218 63 182 165 
64 155 129 64 211 105 
65 34 205 65 268 194 
66 236 90 66 146 38 
67 249 190 67 270 272 
68 59 130 68 114 122 
69 255 64 69 260 250 
70 209 250 70 192 28 
71 153 236 71 132 236 
72 133 232 72 226 161 
73 187 70 73 34 230 
74 242 230 74 129 191 
75 62 270 75 209 266 
76 148 201 76 102 61 
77 198 105 77 184 24 
78 65 168 78 6 40 
79 183 228 79 246 267 
80 86 266 80 33 270 
81 178 35 81 269 255 
82 138 235 82 210 183 
83 214 123 83 115 46 
84 159 172 84 122 145 
85 39 117 85 240 118 
86 113 96 86 143 237 
87 4 60 87 111 72 
88 84 72 88 117 176 
89 147 17 89 152 271 
90 6 61 90 3 220 
91 164 11 91 164 182 
92 108 99 92 63 113 
93 71 125 93 131 246 
94 48 16 94 231 109 
95 253 119 95 44 125 
96 213 28 96 51 235 
97 202 241 97 49 240 
98 51 177 98 189 92 
99 239 103 99 61 215 
100 267 227 100 73 184 
101 77 122 101 62 166 
102 226 180 102 2 127 
103 161 187 103 18 225 
104 173 108 104 106 11 
105 241 191 105 92 76 
106 49 262 106 1 56 
107 224 212 107 36 79 
108 50 267 108 250 263 
109 149 73 109 154 170 
110 19 102 110 29 163 
111 80 279 111 27 77 
112 140 91 112 83 212 
113 33 189 113 258 3 
114 162 142 114 12 39 
115 207 27 115 162 171 
116 271 137 116 181 249 
117 243 114 117 272 243 
118 97 128 118 243 206 
119 63 247 119 256 111 
120 11 240 120 41 25 
121 121 222 121 119 101 
122 154 7 122 179 268 
123 182 145 123 157 154 
124 81 198 124 97 211 
125 85 144 125 60 20 
126 193 200 126 247 193 
127 279 84 127 222 257 
128 230 274 128 145 186 
129 125 259 129 165 19 
130 157 21 130 89 208 
131 9 88 131 136 14 
132 30 138 132 196 55 
133 176 152 133 82 90 
134 211 135 134 224 78 
135 254 71 135 218 71 
136 70 39 136 168 142 
137 45 78 137 4 95 
138 219 160 138 230 86 
139 275 192 139 173 128 
140 244 161 140 170 241 
141 57 45 141 241 45 
142 248 226 142 275 178 
143 14 231 143 225 242 
144 245 255 144 197 245 
145 127 153 145 84 135 
146 93 67 146 94 138 
147 58 4 147 38 4 
148 53 15 148 81 187 
149 143 147 149 149 209 
150 190 182 150 194 173 
151 156 171 151 193 152 
152 152 33 152 150 140 
153 36 89 153 96 217 
154 112 20 154 105 148 
155 54 223 155 187 83 
156 76 124 156 251 52 
157 184 183 157 59 239 
158 44 234 158 195 59 
159 2 46 159 21 123 
160 263 104 160 139 104 
161 67 242 161 244 124 
162 181 74 162 208 159 
163 99 63 163 227 2 
164 274 155 164 175 81 
165 96 101 165 110 260 
166 264 26 166 24 189 
167 171 275 167 239 207 
168 270 203 168 54 227 
169 179 164 169 172 129 
170 218 170 170 140 21 
171 273 29 171 10 278 
172 189 249 172 22 210 
173 228 243 173 17 273 
174 144 93 174 238 67 
175 278 55 175 113 74 
176 73 244 176 202 244 
177 203 113 177 266 195 
178 265 158 178 78 80 
179 12 112 179 116 114 
180 18 131 180 190 82 
181 98 2 181 216 62 
182 200 34 182 70 276 
183 42 127 183 264 85 
184 32 30 184 23 116 
185 170 273 185 261 261 
186 116 151 186 259 110 
187 89 116 187 201 49 
188 35 76 188 137 37 
189 115 37 189 95 190 
190 146 277 190 108 65 
191 78 51 191 118 275 
192 250 107 192 9 17 
193 91 268 193 67 36 
194 180 40 194 121 34 
195 167 42 195 77 96 
196 60 32 196 163 203 
197 210 173 197 271 108 
198 204 185 198 28 185 
199 5 245 199 166 32 
200 252 43 200 75 228 
201 158 110 201 198 131 
202 160 109 202 127 143 
203 136 41 203 158 149 
204 66 66 204 86 120 
205 238 47 205 98 35 
206 145 237 206 90 63 
207 110 86 207 232 126 
208 215 49 208 71 274 
209 20 195 209 19 7 
210 186 44 210 101 44 
211 259 58 211 255 58 
212 17 256 212 144 6 
213 24 251 213 134 41 
214 8 260 214 223 73 
215 109 115 215 35 91 
216 222 186 216 80 219 
217 56 162 217 161 254 
218 106 79 218 220 151 
219 61 121 219 40 164 
220 25 261 220 112 258 
221 142 214 221 236 167 
222 260 264 222 11 192 
223 188 140 223 228 33 
224 83 239 224 39 64 
225 92 57 225 155 10 
226 247 50 226 91 181 
227 175 22 227 32 144 
228 257 224 228 99 224 
229 163 141 229 53 42 
230 141 206 230 206 60 
231 15 80 231 68 264 
232 26 92 232 235 198 
233 174 229 233 128 133 
234 237 265 234 248 5 
235 64 94 235 20 177 
236 119 213 236 69 197 
237 168 62 237 257 48 
238 231 269 238 120 158 
239 29 118 239 31 29 
240 126 25 240 26 204 
241 276 159 241 253 262 
242 206 174 242 25 172 
243 246 215 243 174 68 
244 111 75 244 156 279 
245 272 23 245 178 221 
246 251 69 246 160 26 
247 229 31 247 16 27 
248 27 276 248 30 94 
249 233 136 249 74 265 
250 269 81 250 278 231 
251 16 56 251 141 157 
252 122 221 252 263 155 
253 13 38 253 169 222 
254 3 68 254 229 160 
255 234 252 255 148 70 
256 134 179 256 242 179 
257 10 97 257 50 97 
258 199 169 258 87 169 
259 1 163 259 8 102 
260 169 204 260 56 51 
261 38 54 261 58 31 
262 75 111 262 103 196 
263 185 52 263 126 223 
264 195 139 264 45 106 
265 194 217 265 138 43 
266 107 126 266 214 22 
267 130 208 267 85 247 
268 41 77 268 177 75 
269 7 194 269 205 205 
270 69 202 270 200 134 
271 212 263 271 147 216 
272 277 149 272 203 93 
273 55 199 273 276 137 
274 165 98 274 133 218 
275 196 271 275 64 199 
276 166 59 276 262 234 
277 232 175 277 79 153 
278 28 167 278 46 214 
279 256 133 279 279 256 
