***********************************
Experiment parameters:
Experiment results:
Permutations:
I U RANK QCV rand PATH 
1 255 119 194 47 13 
2 244 54 13 186 126 
3 1 1 1 180 225 
4 195 239 14 273 167 
5 187 109 187 176 187 
6 229 56 244 14 219 
7 47 217 47 135 47 
8 158 228 158 167 158 
9 32 31 32 267 32 
10 13 208 234 142 234 
11 230 278 230 234 230 
12 14 115 221 72 221 
13 211 134 211 245 211 
14 234 132 209 57 209 
15 75 157 75 66 207 
16 228 35 228 125 228 
17 132 265 132 207 132 
18 86 103 269 254 63 
19 50 266 50 171 50 
20 65 86 54 104 65 
21 51 248 51 5 51 
22 102 274 56 93 79 
23 121 220 121 65 121 
24 94 238 94 76 94 
25 109 151 109 15 109 
26 182 123 182 52 182 
27 115 205 115 151 115 
28 207 193 207 42 75 
29 202 150 202 185 202 
30 106 214 106 159 106 
31 213 173 213 274 213 
32 82 153 82 265 82 
33 62 216 62 100 62 
34 63 255 191 48 86 
35 125 224 125 217 125 
36 204 140 204 188 204 
37 199 22 199 107 199 
38 146 195 146 13 146 
39 43 182 43 55 43 
40 188 156 188 213 188 
41 80 10 80 199 80 
42 113 267 113 123 113 
43 272 222 272 221 272 
44 225 75 225 191 1 
45 131 58 131 153 131 
46 210 23 210 124 210 
47 105 270 105 183 105 
48 2 2 2 233 2 
49 152 262 239 204 93 
50 249 232 249 215 249 
51 26 49 26 237 26 
52 205 202 205 212 205 
53 6 245 6 37 6 
54 27 27 27 109 27 
55 88 247 88 7 88 
56 186 186 186 249 186 
57 100 152 63 219 100 
58 15 78 15 277 15 
59 183 183 183 43 183 
60 159 159 159 88 159 
61 58 154 58 130 58 
62 154 77 154 252 154 
63 265 209 265 182 265 
64 268 221 268 211 268 
65 30 4 30 268 30 
66 214 187 214 146 214 
67 133 90 133 270 133 
68 120 165 120 114 120 
69 54 65 65 260 102 
70 155 234 155 192 155 
71 67 155 67 132 67 
72 92 170 92 226 92 
73 91 178 91 34 91 
74 31 179 31 129 31 
75 117 97 117 209 117 
76 200 175 200 102 200 
77 129 30 129 184 129 
78 73 122 73 6 73 
79 156 171 156 246 156 
80 22 83 22 33 22 
81 33 249 33 269 33 
82 163 93 163 210 103 
83 270 124 270 115 270 
84 28 227 28 122 28 
85 252 17 252 240 252 
86 149 47 149 143 149 
87 77 91 77 111 77 
88 97 130 97 117 97 
89 168 61 168 152 168 
90 49 211 49 3 49 
91 39 40 39 164 39 
92 37 231 37 63 37 
93 10 167 10 131 10 
94 20 180 20 231 20 
95 215 215 215 44 215 
96 198 207 198 51 198 
97 250 250 250 49 250 
98 61 185 61 189 61 
99 93 13 79 61 116 
100 71 237 71 73 71 
101 3 3 3 62 3 
102 34 60 41 2 41 
103 178 92 178 18 178 
104 112 166 112 106 112 
105 119 14 86 92 119 
106 143 143 143 1 143 
107 52 52 52 36 52 
108 96 63 262 250 152 
109 165 229 165 154 165 
110 251 277 251 29 251 
111 208 189 208 27 208 
112 197 158 197 83 197 
113 45 169 45 258 45 
114 167 80 167 12 14 
115 166 111 166 162 166 
116 275 196 275 181 275 
117 4 55 4 272 4 
118 235 236 235 243 235 
119 48 257 48 256 48 
120 264 62 264 41 264 
121 110 88 110 119 110 
122 219 33 219 179 54 
123 24 70 24 157 24 
124 224 198 108 97 108 
125 87 223 87 60 87 
126 11 68 11 247 11 
127 231 264 231 222 231 
128 216 94 216 145 216 
129 44 139 44 165 44 
130 41 108 34 89 34 
131 108 131 224 136 224 
132 122 105 122 196 122 
133 81 251 81 82 81 
134 12 32 12 224 12 
135 116 244 246 218 163 
136 157 34 157 168 157 
137 95 199 95 4 95 
138 8 42 8 230 8 
139 89 74 89 173 89 
140 174 164 174 170 174 
141 72 72 72 241 72 
142 59 59 59 275 59 
143 220 253 220 225 220 
144 237 37 237 197 237 
145 181 50 181 84 181 
146 68 11 68 94 68 
147 161 254 161 38 161 
148 271 271 271 81 271 
149 104 41 104 149 104 
150 42 51 42 194 42 
151 203 112 203 193 203 
152 261 66 261 150 261 
153 114 141 114 96 114 
154 40 121 40 105 40 
155 53 64 53 187 53 
156 243 243 243 251 243 
157 147 133 147 59 147 
158 64 259 64 195 64 
159 76 192 76 21 76 
160 192 76 192 139 192 
161 212 25 212 244 212 
162 145 45 145 208 145 
163 260 260 260 227 260 
164 172 95 172 175 172 
165 69 145 69 110 69 
166 232 219 232 24 232 
167 57 57 57 239 57 
168 258 89 258 54 258 
169 218 29 218 172 218 
170 256 142 256 140 256 
171 70 162 70 10 70 
172 135 106 135 22 135 
173 180 114 180 17 180 
174 279 279 279 238 279 
175 18 81 18 113 18 
176 79 163 93 202 191 
177 56 191 100 266 194 
178 257 48 257 78 257 
179 36 84 36 116 36 
180 25 38 25 190 25 
181 176 176 176 216 176 
182 139 44 139 70 139 
183 128 53 128 264 128 
184 227 71 227 23 227 
185 21 135 21 261 21 
186 23 160 23 259 23 
187 266 181 266 201 266 
188 160 210 160 137 160 
189 278 98 278 95 278 
190 60 144 60 108 60 
191 267 168 267 118 267 
192 177 69 177 9 177 
193 130 113 130 67 130 
194 38 190 38 121 38 
195 84 233 84 77 84 
196 19 273 19 163 19 
197 9 12 9 271 9 
198 170 99 170 28 170 
199 263 241 263 166 263 
200 196 275 196 75 196 
201 16 201 16 198 16 
202 241 36 241 127 241 
203 17 39 17 158 17 
204 221 184 229 86 229 
205 98 128 98 98 98 
206 245 188 245 90 245 
207 153 16 153 232 153 
208 141 177 141 71 141 
209 137 21 137 19 137 
210 107 107 107 101 46 
211 46 127 46 255 107 
212 123 263 123 144 123 
213 164 174 164 134 164 
214 29 218 29 223 29 
215 124 200 124 35 124 
216 248 8 248 80 248 
217 148 148 148 161 148 
218 254 5 254 220 254 
219 55 272 55 40 55 
220 189 96 96 112 96 
221 236 28 236 236 236 
222 222 129 222 11 222 
223 259 252 259 228 259 
224 66 125 66 39 66 
225 111 20 111 155 111 
226 194 276 102 91 239 
227 191 102 103 32 244 
228 134 82 134 99 134 
229 169 203 169 53 169 
230 190 212 190 206 190 
231 223 87 223 68 223 
232 242 225 242 235 242 
233 136 136 136 128 136 
234 171 67 195 248 195 
235 217 197 217 20 217 
236 140 7 140 69 140 
237 246 213 171 257 171 
238 103 110 189 120 189 
239 262 246 255 31 246 
240 83 43 83 26 83 
241 150 85 150 253 150 
242 239 269 274 25 255 
243 138 118 138 174 138 
244 226 226 226 156 226 
245 184 117 184 178 184 
246 209 100 116 160 262 
247 5 161 5 16 5 
248 173 240 173 30 173 
249 185 24 185 74 185 
250 127 120 127 278 127 
251 247 268 247 141 247 
252 144 242 144 263 144 
253 142 256 142 169 142 
254 253 230 253 229 253 
255 101 101 101 148 101 
256 90 147 90 242 90 
257 240 9 240 50 240 
258 238 235 238 87 238 
259 233 172 233 8 233 
260 274 194 119 56 269 
261 273 137 273 58 273 
262 74 258 74 103 74 
263 206 46 206 126 206 
264 99 261 99 45 99 
265 7 26 7 138 7 
266 85 6 85 214 85 
267 269 116 276 85 274 
268 118 138 118 177 118 
269 277 126 277 205 277 
270 78 15 78 200 78 
271 179 146 179 147 179 
272 193 104 193 203 193 
273 276 79 152 276 276 
274 201 19 201 133 201 
275 35 206 35 64 35 
276 126 149 126 262 56 
277 162 18 162 79 162 
278 151 73 151 46 151 
279 175 204 175 279 175 
