***********************************
Experiment parameters:
Experiment results:
Permutations:
I U RANK QCV rand PATH 
1 242 104 190 47 7 
2 245 45 7 186 27 
3 16 228 93 180 16 
4 124 80 181 273 45 
5 234 249 234 176 234 
6 126 85 179 14 59 
7 106 31 106 135 106 
8 66 231 66 167 66 
9 23 202 23 267 23 
10 81 40 81 142 81 
11 65 218 65 234 65 
12 172 269 172 72 172 
13 248 256 248 245 248 
14 206 227 206 57 206 
15 22 122 22 66 22 
16 231 20 231 125 231 
17 3 127 3 207 3 
18 80 124 158 254 61 
19 13 266 13 171 13 
20 104 132 27 104 80 
21 77 167 77 5 77 
22 85 7 191 93 85 
23 12 38 12 65 12 
24 232 214 232 76 232 
25 166 103 166 15 166 
26 87 219 87 52 87 
27 27 51 269 151 269 
28 236 123 236 42 236 
29 10 172 10 185 10 
30 173 21 173 159 173 
31 270 192 270 274 270 
32 33 117 33 265 33 
33 112 240 112 100 112 
34 7 135 255 48 96 
35 34 34 34 217 34 
36 117 178 117 188 117 
37 97 129 97 107 97 
38 235 254 235 13 235 
39 219 157 219 55 219 
40 175 77 175 213 175 
41 153 239 153 199 153 
42 75 272 75 123 75 
43 76 201 76 221 76 
44 93 46 16 191 93 
45 70 183 70 153 70 
46 50 50 50 124 50 
47 246 58 246 183 246 
48 217 217 217 233 217 
49 132 191 245 204 104 
50 222 44 222 215 222 
51 21 237 21 237 21 
52 51 141 51 212 51 
53 4 262 4 37 4 
54 101 101 101 109 101 
55 62 250 62 7 62 
56 145 145 145 249 145 
57 114 208 45 219 108 
58 49 212 49 277 49 
59 169 64 169 43 169 
60 161 94 161 88 161 
61 149 115 149 130 149 
62 265 236 265 252 265 
63 176 253 176 182 176 
64 167 264 167 211 167 
65 11 185 11 268 11 
66 72 143 72 146 72 
67 110 174 110 270 110 
68 211 198 211 114 211 
69 45 255 59 260 109 
70 202 148 202 192 202 
71 138 156 138 132 138 
72 220 6 220 226 220 
73 63 241 63 34 63 
74 264 62 264 129 264 
75 182 204 182 209 182 
76 78 131 78 102 78 
77 88 200 88 184 88 
78 24 173 24 6 24 
79 196 175 196 246 196 
80 260 89 260 33 260 
81 159 1 159 269 159 
82 59 181 61 210 114 
83 178 74 178 115 178 
84 271 244 271 122 271 
85 177 258 177 240 177 
86 223 82 223 143 223 
87 241 149 241 111 241 
88 266 29 266 117 266 
89 94 182 94 152 94 
90 170 166 170 3 170 
91 86 177 86 164 86 
92 17 25 17 63 17 
93 39 222 39 131 39 
94 102 229 102 231 102 
95 154 154 154 44 154 
96 54 128 54 51 54 
97 155 155 155 49 155 
98 187 207 187 189 187 
99 61 179 208 61 124 
100 240 26 240 73 240 
101 19 24 19 62 19 
102 6 188 6 2 115 
103 183 220 183 18 183 
104 52 118 52 106 52 
105 135 242 80 92 132 
106 163 163 163 1 163 
107 98 84 98 36 98 
108 109 27 242 250 135 
109 272 140 272 154 272 
110 29 276 29 29 29 
111 250 176 250 27 250 
112 233 66 233 83 233 
113 32 216 32 258 32 
114 43 39 239 12 239 
115 213 37 213 162 213 
116 53 53 53 181 53 
117 164 65 164 272 164 
118 130 9 130 243 130 
119 218 48 218 256 218 
120 214 79 214 41 214 
121 156 81 156 119 156 
122 239 49 43 179 43 
123 68 205 68 157 68 
124 46 199 228 97 46 
125 37 274 37 60 37 
126 160 116 160 247 160 
127 116 195 116 222 116 
128 180 112 180 145 180 
129 152 125 152 165 152 
130 115 265 115 89 6 
131 228 267 46 136 228 
132 74 248 74 196 74 
133 99 273 99 82 99 
134 28 67 28 224 28 
135 96 147 85 218 147 
136 113 16 113 168 113 
137 89 215 89 4 89 
138 262 3 262 230 262 
139 275 275 275 173 275 
140 257 162 257 170 257 
141 84 98 84 241 84 
142 15 15 15 275 15 
143 105 277 105 225 105 
144 244 41 244 197 244 
145 2 233 2 84 2 
146 41 130 41 94 41 
147 90 243 90 38 90 
148 36 36 36 81 36 
149 8 54 8 149 8 
150 253 4 253 194 253 
151 268 56 268 193 268 
152 123 70 123 150 123 
153 47 137 47 96 47 
154 277 226 277 105 277 
155 200 86 200 187 200 
156 197 197 197 251 197 
157 120 110 120 59 120 
158 278 261 278 195 278 
159 254 23 254 21 254 
160 40 139 40 139 40 
161 125 152 125 244 125 
162 121 121 121 208 121 
163 263 263 263 227 263 
164 119 169 119 175 119 
165 221 268 221 110 221 
166 1 159 1 24 1 
167 142 142 142 239 142 
168 203 210 203 54 203 
169 69 134 69 172 69 
170 91 213 91 140 91 
171 224 75 224 10 224 
172 249 251 249 22 249 
173 229 32 229 17 229 
174 184 73 184 238 184 
175 276 238 276 113 276 
176 158 158 151 202 151 
177 147 61 96 266 158 
178 38 76 38 78 38 
179 60 95 60 116 60 
180 26 160 26 190 26 
181 174 184 174 216 174 
182 195 55 195 70 195 
183 100 111 100 264 100 
184 55 57 55 23 55 
185 256 259 256 261 256 
186 30 260 30 259 30 
187 273 168 273 201 273 
188 64 119 64 137 64 
189 258 88 258 95 258 
190 189 22 189 108 189 
191 71 68 71 118 71 
192 42 91 42 9 42 
193 207 71 207 67 207 
194 25 180 25 121 25 
195 157 87 157 77 157 
196 144 107 144 163 144 
197 67 206 67 271 67 
198 188 5 188 28 188 
199 129 97 129 166 129 
200 136 78 136 75 136 
201 131 136 131 198 131 
202 35 30 215 127 215 
203 111 11 111 158 111 
204 127 211 205 86 205 
205 48 100 48 98 48 
206 139 138 139 90 139 
207 58 170 58 232 58 
208 56 102 56 71 56 
209 193 33 193 19 193 
210 252 252 252 101 252 
211 20 161 20 255 20 
212 83 83 83 144 83 
213 162 257 162 134 162 
214 134 69 134 223 134 
215 237 193 237 35 237 
216 192 235 192 80 192 
217 171 171 171 161 171 
218 243 90 243 220 243 
219 226 105 226 40 226 
220 205 153 165 112 165 
221 57 232 57 236 57 
222 261 12 261 11 261 
223 185 164 185 228 185 
224 199 8 199 39 199 
225 225 42 225 155 225 
226 179 114 104 91 179 
227 208 59 108 32 181 
228 103 234 103 99 103 
229 274 225 274 53 274 
230 79 17 79 206 79 
231 118 52 118 68 118 
232 5 93 5 235 5 
233 216 47 216 128 216 
234 108 194 127 248 127 
235 31 187 31 20 31 
236 279 144 279 69 279 
237 267 196 194 257 194 
238 151 186 126 120 126 
239 181 190 109 31 190 
240 95 230 95 26 95 
241 148 10 148 253 148 
242 190 151 114 25 191 
243 247 92 247 174 247 
244 44 165 44 156 44 
245 140 106 140 178 140 
246 215 96 124 160 208 
247 209 209 209 16 209 
248 227 270 227 30 227 
249 198 223 198 74 198 
250 150 224 150 278 150 
251 165 126 35 141 35 
252 128 113 128 263 128 
253 137 221 137 169 137 
254 201 278 201 229 201 
255 146 146 146 148 146 
256 73 120 73 242 73 
257 133 28 133 50 133 
258 9 271 9 87 9 
259 230 60 230 8 230 
260 255 245 147 56 242 
261 143 18 143 58 143 
262 210 203 210 103 210 
263 14 2 14 126 14 
264 122 189 122 45 122 
265 18 279 18 138 18 
266 141 35 141 214 141 
267 194 108 132 85 245 
268 92 247 92 177 92 
269 238 13 238 205 238 
270 212 43 212 200 212 
271 186 133 186 147 186 
272 269 63 267 203 267 
273 191 109 135 276 255 
274 259 19 259 133 259 
275 204 14 204 64 204 
276 168 150 168 262 168 
277 82 99 82 79 82 
278 107 246 107 46 107 
279 251 72 251 279 251 
