***********************************
Experiment parameters:
Experiment results:
Permutations:
I U RANK QCV rand PATH 
1 171 119 175 47 26 
2 269 35 26 186 35 
3 36 204 205 180 205 
4 155 180 180 273 39 
5 21 67 21 176 21 
6 132 84 229 14 43 
7 243 264 243 135 243 
8 185 38 185 167 185 
9 136 53 136 267 136 
10 170 239 170 142 170 
11 234 261 234 234 234 
12 4 168 4 72 4 
13 140 73 140 245 140 
14 101 246 101 57 101 
15 13 126 13 66 263 
16 198 34 198 125 198 
17 222 132 222 207 222 
18 85 150 212 254 44 
19 34 276 34 171 34 
20 35 184 35 104 45 
21 239 114 239 5 239 
22 26 195 200 93 84 
23 66 172 66 65 66 
24 8 279 8 76 8 
25 73 89 73 15 73 
26 209 141 209 52 209 
27 112 138 112 151 112 
28 263 277 263 42 13 
29 25 98 25 185 25 
30 6 51 6 159 6 
31 168 144 168 274 168 
32 58 224 58 265 58 
33 210 8 210 100 210 
34 44 129 39 48 85 
35 108 174 108 217 108 
36 67 96 67 188 67 
37 142 213 142 107 142 
38 225 157 225 13 225 
39 218 32 218 55 218 
40 98 159 98 213 98 
41 116 95 116 199 116 
42 272 86 272 123 272 
43 252 273 252 221 252 
44 205 202 36 191 36 
45 59 31 59 153 59 
46 20 215 20 124 20 
47 27 100 27 183 27 
48 72 72 72 233 72 
49 84 228 43 204 93 
50 95 115 95 215 95 
51 183 9 183 237 183 
52 30 143 30 212 30 
53 246 170 246 37 246 
54 128 191 128 109 128 
55 143 179 143 7 143 
56 24 24 24 249 24 
57 127 44 171 219 119 
58 10 55 10 277 10 
59 77 209 77 43 77 
60 214 133 214 88 214 
61 262 257 262 130 262 
62 5 139 5 252 5 
63 17 232 17 182 17 
64 179 245 179 211 179 
65 151 192 151 268 151 
66 64 182 64 146 64 
67 250 102 250 270 250 
68 125 146 125 114 125 
69 93 155 44 260 127 
70 82 274 82 192 82 
71 41 70 41 132 41 
72 257 169 257 226 257 
73 266 266 266 34 266 
74 274 136 274 129 274 
75 61 124 61 209 61 
76 96 265 96 102 96 
77 196 57 196 184 196 
78 9 247 9 6 9 
79 159 130 159 246 159 
80 92 142 92 33 92 
81 120 120 120 269 120 
82 129 226 45 210 129 
83 51 235 51 115 51 
84 156 210 156 122 156 
85 110 62 110 240 110 
86 80 166 80 143 80 
87 122 14 122 111 122 
88 107 185 107 117 107 
89 249 107 249 152 249 
90 111 241 111 3 111 
91 207 234 207 164 207 
92 74 230 74 63 74 
93 68 128 68 131 68 
94 48 177 48 231 48 
95 165 165 165 44 165 
96 169 36 169 51 169 
97 256 256 256 49 256 
98 267 148 267 189 267 
99 150 163 228 61 150 
100 167 88 167 73 167 
101 247 21 247 62 247 
102 139 56 11 2 11 
103 126 122 126 18 126 
104 71 203 71 106 71 
105 43 171 84 92 155 
106 158 158 158 1 158 
107 1 1 1 36 1 
108 119 39 85 250 163 
109 264 243 264 154 264 
110 133 194 133 29 133 
111 162 75 162 27 162 
112 197 272 197 83 197 
113 16 258 16 258 16 
114 55 68 55 12 55 
115 244 71 244 162 244 
116 224 27 224 181 224 
117 261 154 261 272 261 
118 78 15 78 243 78 
119 237 237 237 256 237 
120 231 113 231 41 231 
121 232 82 232 119 232 
122 115 22 115 179 115 
123 146 278 146 157 146 
124 118 69 253 97 253 
125 160 244 160 60 160 
126 2 76 2 247 2 
127 76 149 76 222 76 
128 42 231 42 145 42 
129 193 152 193 165 193 
130 11 262 139 89 139 
131 253 108 118 136 118 
132 182 64 182 196 182 
133 148 267 148 82 148 
134 53 17 53 224 53 
135 45 217 226 218 171 
136 56 263 56 168 56 
137 97 97 97 4 97 
138 259 18 259 230 259 
139 188 60 188 173 188 
140 49 240 49 170 49 
141 220 135 220 241 220 
142 109 109 109 275 109 
143 192 87 192 225 192 
144 88 42 88 197 88 
145 147 249 147 84 147 
146 279 193 279 94 279 
147 178 178 178 38 178 
148 248 248 248 81 248 
149 94 11 94 149 94 
150 114 25 114 194 114 
151 203 160 203 193 203 
152 277 5 277 150 277 
153 131 16 131 96 131 
154 87 110 87 105 87 
155 164 207 164 187 164 
156 219 181 219 251 219 
157 102 250 102 59 102 
158 57 252 57 195 57 
159 103 101 103 21 103 
160 18 112 18 139 18 
161 113 156 113 244 113 
162 186 131 186 208 186 
163 135 220 135 227 135 
164 201 233 201 175 201 
165 79 206 79 110 79 
166 191 275 191 24 191 
167 254 254 254 239 254 
168 190 28 190 54 190 
169 40 40 40 172 40 
170 177 270 177 140 177 
171 99 106 99 10 99 
172 134 242 134 22 134 
173 105 186 105 17 105 
174 268 268 268 238 268 
175 33 61 33 113 33 
176 212 85 184 202 175 
177 163 93 217 266 180 
178 46 255 46 78 46 
179 141 54 141 116 141 
180 83 74 83 190 83 
181 223 223 223 216 223 
182 15 83 15 70 15 
183 172 260 172 264 172 
184 173 2 173 23 173 
185 23 111 23 261 23 
186 236 218 236 259 236 
187 238 81 238 201 238 
188 213 187 213 137 213 
189 260 151 260 95 260 
190 174 13 174 108 174 
191 278 125 278 118 278 
192 206 48 206 9 206 
193 12 197 12 67 12 
194 3 3 3 121 3 
195 233 90 233 77 233 
196 89 121 89 163 89 
197 75 63 75 271 75 
198 31 59 31 28 31 
199 54 92 54 166 54 
200 100 123 100 75 100 
201 235 37 235 198 235 
202 215 20 215 127 215 
203 273 66 273 158 273 
204 194 12 194 86 194 
205 91 91 91 98 91 
206 145 103 145 90 145 
207 208 6 208 232 208 
208 258 271 258 71 258 
209 37 161 37 19 37 
210 60 190 60 101 60 
211 29 99 86 255 29 
212 90 236 90 144 90 
213 240 49 240 134 240 
214 181 219 181 223 181 
215 7 183 7 35 7 
216 138 145 138 80 138 
217 137 137 137 161 137 
218 104 52 104 220 104 
219 255 199 255 40 255 
220 39 116 275 112 275 
221 149 173 149 236 149 
222 154 164 154 11 154 
223 62 196 62 228 62 
224 227 118 227 39 227 
225 65 79 65 155 65 
226 180 43 93 91 184 
227 200 175 195 32 195 
228 121 251 121 99 121 
229 211 105 211 53 211 
230 152 167 152 206 152 
231 221 65 221 68 221 
232 204 205 204 235 204 
233 270 221 270 128 270 
234 275 216 216 248 216 
235 153 147 153 20 153 
236 161 208 161 69 161 
237 195 222 157 257 157 
238 157 162 269 120 269 
239 217 200 150 31 200 
240 187 201 187 26 187 
241 63 4 63 253 63 
242 226 45 119 25 212 
243 47 117 47 174 47 
244 22 176 22 156 22 
245 81 19 81 178 81 
246 228 229 127 160 217 
247 52 104 52 16 52 
248 70 225 70 30 70 
249 276 29 276 74 276 
250 166 198 166 278 166 
251 184 30 132 141 132 
252 69 94 69 263 69 
253 271 211 271 169 271 
254 199 46 199 229 199 
255 189 189 189 148 189 
256 50 50 50 242 50 
257 130 41 130 50 130 
258 230 78 230 87 230 
259 32 77 32 8 32 
260 175 127 155 56 226 
261 241 23 241 58 241 
262 28 188 28 103 28 
263 19 33 19 126 19 
264 14 227 14 45 14 
265 123 58 123 138 123 
266 245 259 245 214 245 
267 229 212 129 85 228 
268 117 47 117 177 117 
269 38 214 38 205 38 
270 176 10 176 200 176 
271 144 269 144 147 144 
272 202 253 202 203 202 
273 216 26 163 276 229 
274 251 7 251 133 251 
275 124 238 124 64 124 
276 86 80 29 262 86 
277 106 153 106 79 106 
278 242 134 242 46 242 
279 265 140 265 279 265 
