***********************************
Experiment parameters:
Experiment results:
Permutations:
I U RANK QCV rand PATH 
1 176 133 1 47 152 
2 65 123 2 186 44 
3 117 225 3 180 14 
4 215 92 4 273 253 
5 104 199 5 176 148 
6 213 266 6 14 276 
7 180 268 7 135 235 
8 175 4 8 167 211 
9 71 104 9 267 191 
10 162 1 10 142 149 
11 198 2 11 234 69 
12 138 273 12 72 198 
13 233 101 13 245 239 
14 160 224 14 57 140 
15 4 112 15 66 134 
16 271 109 16 125 231 
17 189 227 17 207 12 
18 46 70 18 254 214 
19 28 191 19 171 65 
20 267 263 20 104 273 
21 120 144 21 5 170 
22 15 184 22 93 130 
23 107 158 23 65 49 
24 128 165 24 76 35 
25 158 29 25 15 53 
26 84 171 26 52 228 
27 16 97 27 151 7 
28 90 7 28 42 11 
29 44 127 29 185 199 
30 273 257 30 159 249 
31 262 71 31 274 48 
32 253 134 32 265 185 
33 102 185 33 100 122 
34 265 82 34 48 21 
35 13 176 35 217 192 
36 268 143 36 188 146 
37 168 83 37 107 213 
38 100 252 38 13 141 
39 111 10 39 55 92 
40 39 269 40 213 269 
41 76 255 41 199 205 
42 228 248 42 123 255 
43 53 138 43 221 51 
44 266 262 44 191 251 
45 55 233 45 153 37 
46 278 11 46 124 210 
47 105 103 47 183 229 
48 70 228 48 233 89 
49 42 279 49 204 63 
50 2 278 50 215 271 
51 94 250 51 237 52 
52 51 237 52 212 79 
53 93 68 53 37 108 
54 122 276 54 109 250 
55 114 164 55 7 120 
56 89 93 56 249 70 
57 33 202 57 219 177 
58 67 30 58 277 259 
59 231 190 59 43 184 
60 66 207 60 88 256 
61 109 209 61 130 264 
62 242 215 62 252 32 
63 234 277 63 182 277 
64 171 126 64 211 166 
65 220 219 65 268 43 
66 141 42 66 146 110 
67 184 181 67 270 220 
68 34 124 68 114 153 
69 115 231 69 260 237 
70 167 208 70 192 193 
71 246 13 71 132 13 
72 159 8 72 226 183 
73 14 36 73 34 25 
74 58 25 74 129 28 
75 6 108 75 209 218 
76 37 110 76 102 156 
77 165 5 77 184 93 
78 144 270 78 6 22 
79 181 217 79 246 161 
80 152 87 80 33 182 
81 99 12 81 269 236 
82 230 120 82 210 260 
83 148 212 83 115 223 
84 187 179 84 122 195 
85 108 114 85 240 50 
86 116 69 86 143 238 
87 131 63 87 111 76 
88 155 241 88 117 240 
89 81 17 89 152 61 
90 45 254 90 3 158 
91 110 272 91 164 88 
92 68 55 92 63 278 
93 132 117 93 131 188 
94 136 19 94 231 78 
95 82 118 95 44 159 
96 5 264 96 51 208 
97 211 45 97 49 56 
98 270 137 98 189 58 
99 236 274 99 61 95 
100 178 22 100 73 268 
101 154 115 101 62 128 
102 156 196 102 2 40 
103 272 131 103 18 132 
104 174 6 104 106 234 
105 237 223 105 92 167 
106 219 249 106 1 113 
107 9 186 107 36 227 
108 190 24 108 250 202 
109 75 163 109 154 244 
110 134 105 110 29 105 
111 35 239 111 27 34 
112 118 9 112 83 266 
113 52 188 113 258 131 
114 106 85 114 12 46 
115 96 56 115 162 200 
116 264 51 116 181 143 
117 147 275 117 272 147 
118 209 128 118 243 162 
119 101 220 119 256 77 
120 31 170 120 41 123 
121 204 244 121 119 116 
122 59 155 122 179 55 
123 10 148 123 157 8 
124 245 20 124 97 83 
125 85 218 125 60 20 
126 139 168 126 247 75 
127 225 256 127 222 207 
128 41 121 128 145 84 
129 78 245 129 165 42 
130 119 200 130 89 82 
131 200 205 131 136 111 
132 169 136 132 196 24 
133 151 172 133 82 41 
134 103 216 134 224 109 
135 275 66 135 218 60 
136 173 60 136 168 66 
137 194 142 137 4 164 
138 256 194 138 230 36 
139 38 183 139 173 67 
140 250 3 140 170 267 
141 63 173 141 241 204 
142 185 259 142 275 30 
143 80 149 143 225 86 
144 274 80 144 197 101 
145 172 189 145 84 274 
146 129 206 146 94 19 
147 229 90 147 38 90 
148 208 253 148 81 263 
149 145 14 149 149 64 
150 19 169 150 194 174 
151 255 178 151 193 81 
152 259 174 152 150 169 
153 166 86 153 96 151 
154 252 16 154 105 94 
155 244 251 155 187 68 
156 223 113 156 251 3 
157 191 141 157 59 173 
158 125 204 158 195 252 
159 269 28 159 21 212 
160 203 203 160 139 203 
161 163 159 161 244 137 
162 79 72 162 208 160 
163 232 65 163 227 232 
164 177 94 164 175 126 
165 72 106 165 110 209 
166 205 27 166 24 168 
167 36 160 167 239 33 
168 207 54 168 54 180 
169 20 147 169 172 179 
170 140 130 170 140 91 
171 224 152 171 10 72 
172 91 192 172 22 31 
173 217 31 173 17 118 
174 170 157 174 238 117 
175 47 125 175 113 59 
176 195 73 176 202 73 
177 88 100 177 266 258 
178 193 74 178 78 178 
179 11 77 179 116 275 
180 210 32 180 190 247 
181 241 18 181 216 112 
182 62 161 182 70 186 
183 1 84 183 264 119 
184 86 26 184 23 115 
185 279 247 185 261 97 
186 182 35 186 259 135 
187 137 162 187 201 279 
188 29 95 188 137 5 
189 238 37 189 95 233 
190 43 38 190 108 124 
191 239 75 191 118 246 
192 112 40 192 9 265 
193 40 271 193 67 15 
194 21 41 194 121 248 
195 95 230 195 77 139 
196 74 33 196 163 47 
197 30 88 197 271 6 
198 258 48 198 28 103 
199 276 211 199 166 242 
200 92 180 200 75 241 
201 23 44 201 198 257 
202 214 246 202 127 27 
203 149 39 203 158 215 
204 243 96 204 86 230 
205 146 47 205 98 39 
206 54 122 206 90 190 
207 48 116 207 232 80 
208 254 49 208 71 114 
209 222 258 209 19 155 
210 24 57 210 101 57 
211 124 154 211 255 154 
212 199 210 212 144 96 
213 49 177 213 134 26 
214 61 213 214 223 245 
215 197 235 215 35 9 
216 130 53 216 80 196 
217 192 265 217 161 125 
218 69 226 218 220 221 
219 240 238 219 40 133 
220 87 150 220 112 171 
221 143 46 221 236 85 
222 221 153 222 11 181 
223 216 236 223 228 219 
224 121 229 224 39 71 
225 7 129 225 155 106 
226 150 221 226 91 16 
227 123 187 227 32 172 
228 218 107 228 99 107 
229 179 140 229 53 127 
230 113 146 230 206 163 
231 25 78 231 68 222 
232 27 58 232 235 270 
233 135 59 233 128 99 
234 126 99 234 248 2 
235 206 91 235 20 129 
236 83 62 236 69 10 
237 257 61 237 257 62 
238 235 240 238 120 136 
239 12 111 239 31 104 
240 263 267 240 26 138 
241 18 166 241 253 144 
242 201 135 242 25 197 
243 251 167 243 174 194 
244 32 145 244 156 201 
245 226 222 245 178 150 
246 26 243 246 160 23 
247 261 23 247 16 261 
248 157 79 248 30 157 
249 133 67 249 74 224 
250 196 151 250 278 243 
251 188 119 251 141 206 
252 60 214 252 263 176 
253 22 193 253 169 254 
254 56 89 254 229 145 
255 249 232 255 148 29 
256 183 15 256 242 100 
257 98 64 257 50 225 
258 64 234 258 87 272 
259 127 175 259 8 175 
260 73 132 260 56 226 
261 202 81 261 58 45 
262 142 182 262 103 262 
263 247 76 263 126 74 
264 17 139 264 45 1 
265 248 195 265 138 217 
266 97 261 266 214 187 
267 153 198 267 85 165 
268 77 34 268 177 142 
269 186 43 269 205 216 
270 164 260 270 200 4 
271 277 21 271 147 17 
272 161 50 272 203 38 
273 50 197 273 276 54 
274 212 242 274 133 18 
275 57 52 275 64 121 
276 227 98 276 262 98 
277 260 201 277 79 189 
278 3 102 278 46 102 
279 8 156 279 279 87 
