***********************************
Experiment parameters:
Experiment results:
Permutations:
I U RANK QCV rand PATH 
1 272 127 1 47 74 
2 34 193 2 186 235 
3 36 121 3 180 139 
4 206 158 4 273 98 
5 52 219 5 176 77 
6 160 24 6 14 43 
7 178 142 7 135 158 
8 121 64 8 167 230 
9 174 98 9 267 242 
10 25 129 10 142 183 
11 203 2 11 234 105 
12 164 269 12 72 240 
13 53 258 13 245 184 
14 255 213 14 57 27 
15 62 95 15 66 44 
16 262 91 16 125 86 
17 87 202 17 207 107 
18 89 153 18 254 143 
19 14 6 19 171 61 
20 161 69 20 104 259 
21 124 34 21 5 11 
22 16 7 22 93 10 
23 225 163 23 65 80 
24 120 8 24 76 191 
25 119 78 25 15 93 
26 268 133 26 52 133 
27 173 96 27 151 227 
28 181 112 28 42 19 
29 246 4 29 185 4 
30 75 179 30 159 203 
31 188 53 31 274 181 
32 226 128 32 265 156 
33 199 189 33 100 204 
34 222 83 34 48 41 
35 198 182 35 217 26 
36 192 172 36 188 67 
37 32 157 37 107 14 
38 254 101 38 13 64 
39 11 11 39 55 23 
40 130 120 40 213 101 
41 144 12 41 199 82 
42 193 250 42 123 157 
43 145 138 43 221 31 
44 74 208 44 191 176 
45 15 234 45 153 206 
46 68 185 46 124 95 
47 45 277 47 183 9 
48 244 198 48 233 37 
49 201 217 49 204 201 
50 94 248 50 215 62 
51 28 249 51 237 237 
52 250 240 52 212 17 
53 2 214 53 37 88 
54 106 191 54 109 165 
55 175 145 55 7 97 
56 37 50 56 249 244 
57 21 51 57 219 83 
58 93 188 58 277 119 
59 84 183 59 43 219 
60 162 146 60 88 108 
61 56 235 61 130 73 
62 184 226 62 252 111 
63 234 161 63 182 49 
64 67 204 64 211 12 
65 139 36 65 268 167 
66 227 164 66 146 66 
67 263 56 67 270 250 
68 237 272 68 114 200 
69 59 192 69 260 92 
70 39 92 70 192 231 
71 140 139 71 132 121 
72 187 81 72 226 187 
73 66 180 73 34 84 
74 88 103 74 129 205 
75 153 199 75 209 208 
76 132 229 76 102 198 
77 251 236 77 184 55 
78 118 16 78 6 29 
79 241 239 79 246 142 
80 33 162 80 33 199 
81 77 244 81 269 1 
82 104 47 82 210 47 
83 169 99 83 115 209 
84 54 17 84 122 35 
85 27 106 85 240 51 
86 141 70 86 143 13 
87 70 111 87 111 94 
88 259 71 88 117 65 
89 80 151 89 152 179 
90 158 143 90 3 153 
91 277 15 91 164 123 
92 46 62 92 63 257 
93 8 116 93 131 32 
94 213 13 94 231 30 
95 182 178 95 44 110 
96 123 231 96 51 192 
97 78 216 97 49 254 
98 165 207 98 189 189 
99 166 90 99 61 85 
100 134 14 100 73 268 
101 48 107 101 62 217 
102 6 20 102 2 229 
103 107 114 103 18 70 
104 236 46 104 106 261 
105 135 205 105 92 103 
106 76 201 106 1 7 
107 147 200 107 36 130 
108 102 42 108 250 266 
109 243 275 109 154 220 
110 110 155 110 29 18 
111 163 184 111 27 258 
112 85 89 112 83 131 
113 97 190 113 258 48 
114 1 102 114 12 168 
115 253 187 115 162 252 
116 100 256 116 181 114 
117 172 37 117 272 263 
118 101 259 118 243 141 
119 18 227 119 256 239 
120 248 254 120 41 216 
121 207 266 121 119 178 
122 176 257 122 179 262 
123 273 195 123 157 193 
124 264 211 124 97 255 
125 64 72 125 60 269 
126 55 268 126 247 71 
127 238 108 127 222 146 
128 150 122 128 145 106 
129 223 255 129 165 172 
130 82 220 130 89 68 
131 275 23 131 136 222 
132 202 131 132 196 202 
133 7 73 133 82 238 
134 195 33 134 224 78 
135 218 124 135 218 124 
136 35 168 136 168 102 
137 146 104 137 4 166 
138 209 58 138 230 91 
139 129 170 139 173 171 
140 217 223 140 170 224 
141 23 253 141 241 253 
142 151 119 142 275 188 
143 127 222 143 225 215 
144 72 1 144 197 50 
145 86 166 145 84 113 
146 133 228 146 94 207 
147 274 225 147 38 225 
148 50 67 148 81 159 
149 171 39 149 149 39 
150 156 261 150 194 46 
151 245 40 151 193 245 
152 99 135 152 150 135 
153 232 87 153 96 149 
154 214 279 154 105 2 
155 247 224 155 187 214 
156 233 88 156 251 134 
157 108 218 157 59 120 
158 117 243 158 195 273 
159 57 209 159 21 99 
160 266 52 160 139 52 
161 116 26 161 244 126 
162 220 10 162 208 57 
163 261 156 163 227 151 
164 83 74 164 175 76 
165 69 100 165 110 79 
166 73 27 166 24 152 
167 103 147 167 239 226 
168 230 29 168 54 8 
169 235 22 169 172 210 
170 170 136 170 140 112 
171 13 30 171 10 197 
172 29 110 172 22 174 
173 137 31 173 17 125 
174 148 117 174 238 270 
175 26 210 175 113 136 
176 22 5 176 202 5 
177 111 45 177 266 233 
178 24 132 178 78 170 
179 114 263 179 116 162 
180 189 32 180 190 177 
181 208 93 181 216 145 
182 260 152 182 70 264 
183 10 154 183 264 116 
184 42 232 184 23 212 
185 177 270 185 261 213 
186 138 35 186 259 211 
187 196 115 187 201 190 
188 31 274 188 137 104 
189 229 212 189 95 196 
190 279 38 190 108 234 
191 210 76 191 118 228 
192 63 126 192 9 275 
193 126 262 193 67 248 
194 197 237 194 121 25 
195 231 41 195 77 60 
196 269 241 196 163 42 
197 38 123 197 271 15 
198 205 9 198 28 277 
199 183 55 199 166 194 
200 270 43 200 75 21 
201 19 174 201 198 20 
202 136 175 202 127 24 
203 179 44 203 158 63 
204 190 278 204 86 232 
205 43 48 205 98 223 
206 58 247 206 90 256 
207 44 86 207 232 173 
208 143 130 208 71 195 
209 221 233 209 19 221 
210 252 150 210 101 150 
211 92 28 211 255 28 
212 109 260 212 144 34 
213 41 94 213 134 115 
214 105 82 214 223 267 
215 155 118 215 35 132 
216 180 54 216 80 16 
217 90 77 217 161 279 
218 228 159 218 220 241 
219 276 276 219 40 138 
220 211 267 220 112 38 
221 79 18 221 236 155 
222 91 57 222 11 117 
223 125 194 223 228 58 
224 9 181 224 39 53 
225 65 125 225 155 260 
226 81 169 226 91 137 
227 113 140 227 32 72 
228 200 109 228 99 109 
229 168 21 229 53 56 
230 122 246 230 206 246 
231 191 79 231 68 127 
232 51 60 232 235 169 
233 142 61 233 128 148 
234 271 105 234 248 247 
235 215 177 235 20 160 
236 60 49 236 69 249 
237 185 63 237 257 272 
238 267 65 238 120 154 
239 40 149 239 31 100 
240 212 252 240 26 87 
241 249 171 241 253 118 
242 257 137 242 25 271 
243 216 85 243 174 75 
244 167 173 244 156 274 
245 71 264 245 178 147 
246 96 165 246 160 276 
247 112 238 247 16 186 
248 12 271 248 30 278 
249 4 68 249 74 22 
250 278 206 250 278 122 
251 256 160 251 141 182 
252 239 197 252 263 161 
253 49 186 253 169 164 
254 30 75 254 229 90 
255 265 97 255 148 236 
256 61 221 256 242 45 
257 115 3 257 50 3 
258 242 59 258 87 59 
259 224 265 259 8 144 
260 3 19 260 56 96 
261 98 66 261 58 40 
262 17 80 262 103 163 
263 149 134 263 126 81 
264 47 141 264 45 89 
265 159 203 265 138 128 
266 128 245 266 214 140 
267 152 215 267 85 6 
268 219 251 268 177 33 
269 157 167 269 205 36 
270 154 230 270 200 218 
271 194 25 271 147 54 
272 20 148 272 203 129 
273 240 196 273 276 69 
274 131 84 274 133 180 
275 5 242 275 64 175 
276 258 273 276 262 243 
277 186 113 277 79 251 
278 95 144 278 46 265 
279 204 176 279 279 185 
