***********************************
Experiment parameters:
Experiment results:
Permutations:
I U RANK QCV rand PATH 
1 263 220 8 47 8 
2 269 239 206 186 30 
3 183 14 208 180 183 
4 206 211 215 273 46 
5 53 48 53 176 53 
6 100 206 211 14 81 
7 202 186 202 135 202 
8 158 229 158 167 158 
9 243 193 243 267 243 
10 160 240 160 142 160 
11 4 12 4 234 4 
12 136 275 136 72 136 
13 226 28 226 245 226 
14 212 271 212 57 212 
15 163 156 163 66 163 
16 2 112 2 125 2 
17 207 230 207 207 207 
18 98 209 30 254 86 
19 200 252 200 171 200 
20 46 201 46 104 100 
21 225 225 225 5 225 
22 56 244 209 93 107 
23 221 132 221 65 221 
24 166 199 166 76 166 
25 29 248 29 15 29 
26 72 21 72 52 72 
27 43 105 43 151 43 
28 168 31 168 42 168 
29 157 62 157 185 157 
30 26 33 26 159 26 
31 275 261 275 274 275 
32 71 161 71 265 71 
33 90 13 90 100 90 
34 127 8 81 48 127 
35 14 170 14 217 14 
36 152 49 152 188 152 
37 73 73 73 107 73 
38 116 56 116 13 116 
39 266 65 266 55 266 
40 262 236 262 213 262 
41 42 222 42 199 42 
42 172 158 172 123 172 
43 102 153 102 221 102 
44 208 174 183 191 208 
45 150 35 150 153 150 
46 74 146 74 124 74 
47 140 99 140 183 140 
48 235 235 235 233 235 
49 107 139 201 204 139 
50 52 95 52 215 52 
51 49 278 49 237 49 
52 105 243 105 212 105 
53 240 251 240 37 240 
54 204 42 204 109 204 
55 193 3 193 7 193 
56 44 44 44 249 44 
57 139 269 189 219 165 
58 247 198 247 277 247 
59 120 85 120 43 120 
60 137 172 137 88 137 
61 131 83 131 130 131 
62 145 180 145 252 145 
63 77 40 77 182 77 
64 62 43 62 211 62 
65 254 18 254 268 254 
66 256 264 256 146 256 
67 179 126 179 270 179 
68 103 6 103 114 103 
69 8 107 255 260 176 
70 203 253 203 192 203 
71 251 212 251 132 251 
72 31 109 31 226 31 
73 155 104 155 34 155 
74 123 203 123 129 123 
75 186 122 186 209 186 
76 161 196 161 102 161 
77 59 254 59 184 59 
78 38 53 38 6 38 
79 3 219 3 246 3 
80 21 120 21 33 21 
81 92 247 92 269 92 
82 197 127 86 210 178 
83 99 67 99 115 99 
84 187 190 187 122 187 
85 276 238 276 240 276 
86 195 69 195 143 195 
87 156 117 156 111 156 
88 64 195 64 117 64 
89 213 169 213 152 213 
90 248 68 248 3 248 
91 238 242 238 164 238 
92 173 76 173 63 173 
93 198 204 198 131 198 
94 260 223 260 231 260 
95 124 124 124 44 124 
96 83 131 83 51 83 
97 191 191 191 49 191 
98 84 2 84 189 84 
99 81 189 100 61 188 
100 16 194 16 73 16 
101 278 140 278 62 278 
102 51 183 51 2 55 
103 181 163 181 18 181 
104 101 128 101 106 101 
105 165 165 107 92 189 
106 7 7 7 1 7 
107 25 25 25 36 25 
108 86 258 220 250 201 
109 32 133 32 154 32 
110 97 257 97 29 97 
111 151 77 151 27 151 
112 69 272 69 83 69 
113 159 260 159 258 159 
114 24 92 222 12 222 
115 148 101 148 162 148 
116 264 216 264 181 264 
117 47 250 47 272 47 
118 119 10 119 243 119 
119 80 22 80 256 80 
120 175 205 175 41 175 
121 11 82 11 119 11 
122 222 110 24 179 24 
123 93 249 93 157 93 
124 23 192 35 97 23 
125 50 159 50 60 50 
126 106 78 106 247 106 
127 13 125 13 222 13 
128 205 91 205 145 205 
129 194 173 194 165 194 
130 55 167 55 89 51 
131 35 181 23 136 35 
132 115 89 115 196 115 
133 133 241 133 82 133 
134 54 94 54 224 54 
135 188 100 139 218 206 
136 174 61 174 168 174 
137 5 266 5 4 5 
138 253 98 253 230 253 
139 130 130 130 173 130 
140 20 277 20 170 20 
141 39 39 39 241 39 
142 279 15 279 275 279 
143 242 66 242 225 242 
144 185 149 185 197 185 
145 6 233 6 84 6 
146 91 106 91 94 91 
147 134 228 134 38 134 
148 37 37 37 81 37 
149 167 23 167 149 167 
150 94 11 94 194 94 
151 128 34 128 193 128 
152 170 51 170 150 170 
153 27 184 27 96 27 
154 18 87 18 105 18 
155 87 59 87 187 87 
156 147 217 147 251 147 
157 162 162 162 59 162 
158 66 60 66 195 66 
159 259 19 259 21 259 
160 231 54 231 139 231 
161 125 90 125 244 125 
162 274 144 274 208 274 
163 171 171 171 227 171 
164 65 164 65 175 65 
165 227 274 227 110 227 
166 129 24 129 24 129 
167 70 70 70 239 70 
168 267 268 267 54 267 
169 45 147 45 172 45 
170 144 265 144 140 144 
171 272 143 272 10 272 
172 196 96 196 22 196 
173 184 108 184 17 184 
174 135 179 135 238 135 
175 169 79 169 113 169 
176 176 81 127 202 209 
177 201 46 244 266 211 
178 60 102 60 78 60 
179 121 121 121 116 121 
180 78 111 78 190 78 
181 126 245 126 216 126 
182 190 166 190 70 190 
183 153 4 153 264 153 
184 111 175 111 23 111 
185 246 256 246 261 246 
186 85 5 85 259 85 
187 112 84 112 201 112 
188 146 197 146 137 146 
189 22 47 22 95 22 
190 61 168 61 108 61 
191 41 93 41 118 41 
192 36 36 36 9 36 
193 249 182 249 67 249 
194 10 187 10 121 10 
195 232 177 232 77 232 
196 142 113 142 163 142 
197 40 262 40 271 40 
198 138 55 138 28 138 
199 177 72 177 166 177 
200 33 214 33 75 33 
201 273 246 273 198 273 
202 117 63 197 127 197 
203 132 75 132 158 132 
204 30 200 241 86 241 
205 75 80 75 98 75 
206 230 136 230 90 230 
207 96 115 96 232 96 
208 265 227 265 71 265 
209 67 9 67 19 67 
210 268 270 268 101 268 
211 143 141 143 255 143 
212 164 58 164 144 164 
213 277 20 277 134 277 
214 217 45 217 223 217 
215 89 71 89 35 89 
216 19 231 19 80 19 
217 15 279 15 161 15 
218 228 17 228 220 228 
219 118 276 118 40 118 
220 154 52 110 112 110 
221 149 185 149 236 149 
222 250 114 250 11 250 
223 114 221 114 228 114 
224 180 138 180 39 180 
225 34 50 34 155 34 
226 178 215 258 91 215 
227 241 178 165 32 220 
228 68 226 68 99 68 
229 108 148 108 53 108 
230 76 16 76 206 76 
231 57 57 57 68 57 
232 192 208 192 235 192 
233 224 27 224 128 224 
234 215 151 56 248 56 
235 252 202 252 20 252 
236 214 29 214 69 214 
237 211 237 154 257 154 
238 110 154 271 120 271 
239 209 188 269 31 239 
240 58 232 58 26 58 
241 237 259 237 253 237 
242 220 263 188 25 244 
243 88 234 88 174 88 
244 95 129 95 156 95 
245 233 97 233 178 233 
246 258 176 239 160 255 
247 17 134 17 16 17 
248 219 157 219 30 219 
249 122 103 122 74 122 
250 79 213 79 278 79 
251 189 116 98 141 98 
252 104 155 104 263 104 
253 223 224 223 169 223 
254 12 118 12 229 12 
255 210 210 210 148 210 
256 245 135 245 242 245 
257 82 123 82 50 82 
258 199 119 199 87 199 
259 63 74 63 8 63 
260 244 86 178 56 258 
261 28 142 28 58 28 
262 270 267 270 103 270 
263 182 41 182 126 182 
264 109 145 109 45 109 
265 9 152 9 138 9 
266 236 160 236 214 236 
267 255 30 176 85 263 
268 234 88 234 177 234 
269 141 64 141 205 141 
270 1 1 1 200 1 
271 261 207 261 147 261 
272 271 150 117 203 117 
273 239 255 263 276 269 
274 48 273 48 133 48 
275 229 218 229 64 229 
276 257 137 257 262 257 
277 218 32 218 79 218 
278 216 38 216 46 216 
279 113 26 113 279 113 
