***********************************
Experiment parameters:
Experiment results:
Permutations:
I U RANK QCV rand PATH 
1 156 31 14 47 14 
2 207 106 16 186 16 
3 211 149 259 180 211 
4 192 107 31 273 31 
5 52 81 52 176 52 
6 134 243 234 14 68 
7 48 55 48 135 48 
8 193 227 193 167 193 
9 262 115 262 267 262 
10 3 137 125 142 125 
11 41 5 41 234 41 
12 23 206 23 72 23 
13 220 151 220 245 220 
14 16 125 3 57 3 
15 167 225 167 66 167 
16 101 119 101 125 101 
17 111 130 111 207 111 
18 106 68 239 254 84 
19 122 271 122 171 122 
20 36 207 68 104 106 
21 201 77 201 5 201 
22 14 174 207 93 107 
23 223 279 223 65 223 
24 94 60 94 76 94 
25 70 89 70 15 70 
26 183 183 183 52 183 
27 39 158 39 151 39 
28 250 246 250 42 250 
29 158 182 158 185 158 
30 221 221 221 159 221 
31 164 257 164 274 164 
32 62 133 62 265 62 
33 30 30 30 100 30 
34 84 256 84 48 108 
35 54 143 54 217 54 
36 22 268 22 188 22 
37 161 7 161 107 161 
38 130 195 130 13 130 
39 128 13 128 55 128 
40 257 86 257 213 257 
41 57 274 57 199 57 
42 227 58 227 123 227 
43 188 41 188 221 188 
44 259 250 211 191 259 
45 149 54 149 153 149 
46 69 212 69 124 69 
47 80 52 80 183 80 
48 171 171 171 233 171 
49 108 145 217 204 110 
50 102 57 102 215 102 
51 10 147 10 237 10 
52 218 218 218 212 218 
53 77 24 77 37 77 
54 186 270 186 109 186 
55 210 29 210 7 210 
56 202 202 202 249 202 
57 107 144 238 219 113 
58 205 156 205 277 205 
59 180 269 180 43 180 
60 37 154 37 88 37 
61 278 197 278 130 278 
62 121 35 121 252 121 
63 29 36 29 182 29 
64 206 262 206 211 206 
65 279 45 279 268 279 
66 147 194 147 146 147 
67 163 117 163 270 163 
68 55 112 55 114 55 
69 123 142 106 260 134 
70 146 222 146 192 146 
71 88 164 88 132 88 
72 184 211 184 226 184 
73 275 209 275 34 275 
74 137 179 137 129 137 
75 73 177 73 209 73 
76 173 157 173 102 173 
77 190 185 190 184 190 
78 124 229 124 6 124 
79 34 201 34 246 34 
80 272 38 272 33 272 
81 15 66 15 269 15 
82 269 254 107 210 142 
83 157 50 157 115 157 
84 264 235 264 122 264 
85 114 188 114 240 114 
86 140 44 140 143 140 
87 225 249 225 111 225 
88 112 37 112 117 112 
89 58 152 58 152 58 
90 151 241 151 3 151 
91 166 223 166 164 166 
92 237 237 237 63 237 
93 274 9 274 131 274 
94 98 200 98 231 98 
95 1 63 1 44 1 
96 26 132 26 51 26 
97 131 131 131 49 131 
98 271 79 271 189 271 
99 113 134 108 61 144 
100 104 59 104 73 104 
101 61 129 61 62 61 
102 249 252 249 2 249 
103 175 93 175 18 175 
104 251 169 251 106 251 
105 64 14 110 92 145 
106 135 135 135 1 135 
107 28 1 28 36 28 
108 68 217 113 250 174 
109 119 48 119 154 119 
110 155 261 155 29 155 
111 267 103 267 27 267 
112 266 266 266 83 266 
113 277 230 277 258 277 
114 66 40 66 12 66 
115 200 20 200 162 200 
116 51 124 51 181 51 
117 65 260 65 272 65 
118 78 32 78 243 78 
119 260 214 260 256 260 
120 32 253 32 41 32 
121 195 64 195 119 195 
122 139 186 139 179 139 
123 236 236 236 157 236 
124 197 187 197 97 93 
125 230 273 230 60 230 
126 235 104 235 247 235 
127 92 94 92 222 92 
128 72 92 72 145 72 
129 59 136 59 165 59 
130 258 141 258 89 258 
131 93 175 93 136 197 
132 43 220 43 196 43 
133 177 233 177 82 177 
134 53 146 53 224 53 
135 110 16 134 218 178 
136 209 184 209 168 209 
137 67 161 67 4 67 
138 2 88 2 230 2 
139 8 265 8 173 8 
140 116 83 116 170 116 
141 162 28 162 241 162 
142 19 19 19 275 19 
143 4 166 4 225 4 
144 153 90 153 197 153 
145 100 215 100 84 100 
146 60 153 60 94 60 
147 172 172 172 38 172 
148 148 148 148 81 148 
149 246 259 246 149 246 
150 115 96 115 194 115 
151 20 251 20 193 20 
152 276 121 276 150 276 
153 18 25 18 96 18 
154 45 240 45 105 45 
155 126 71 126 187 126 
156 231 232 231 251 231 
157 117 219 117 59 117 
158 213 65 213 195 213 
159 96 99 96 21 96 
160 99 111 99 139 99 
161 168 72 168 244 168 
162 263 198 263 208 263 
163 63 162 63 227 63 
164 42 17 42 175 42 
165 127 245 127 110 127 
166 270 205 270 24 270 
167 226 226 226 239 226 
168 56 8 56 54 56 
169 224 231 224 172 224 
170 198 242 198 140 198 
171 91 73 91 10 91 
172 50 80 50 22 50 
173 273 263 273 17 273 
174 219 74 219 238 219 
175 138 140 138 113 138 
176 178 244 256 202 192 
177 145 192 243 266 207 
178 165 114 165 78 165 
179 38 67 38 116 38 
180 191 12 191 190 191 
181 74 120 74 216 74 
182 253 95 253 70 253 
183 170 165 170 264 170 
184 12 78 12 23 12 
185 247 87 247 261 247 
186 49 180 49 259 49 
187 75 193 75 201 75 
188 105 42 105 137 105 
189 71 189 71 95 71 
190 187 276 187 108 187 
191 44 75 44 118 44 
192 242 98 242 9 242 
193 196 123 196 67 196 
194 90 168 90 121 90 
195 212 82 212 77 212 
196 241 228 241 163 241 
197 86 2 86 271 86 
198 143 258 143 28 143 
199 7 105 7 166 7 
200 208 173 208 75 208 
201 268 10 268 198 268 
202 125 49 269 127 269 
203 185 4 185 158 185 
204 144 150 123 86 123 
205 5 126 5 98 5 
206 103 216 103 90 103 
207 194 247 194 232 194 
208 118 127 118 71 118 
209 76 43 76 19 76 
210 265 56 265 101 265 
211 79 138 79 255 150 
212 13 69 13 144 13 
213 83 116 83 134 83 
214 232 224 232 223 232 
215 228 159 228 35 228 
216 46 23 46 80 46 
217 47 47 47 161 47 
218 27 11 27 220 27 
219 240 170 240 40 240 
220 160 102 156 112 156 
221 95 191 95 236 95 
222 214 176 214 11 214 
223 189 190 189 228 189 
224 85 26 85 39 85 
225 169 118 169 155 169 
226 142 113 142 91 217 
227 244 238 244 32 234 
228 159 61 159 99 159 
229 248 18 248 53 248 
230 203 203 203 206 203 
231 245 97 245 68 245 
232 141 278 141 235 141 
233 97 277 97 128 97 
234 252 34 64 248 64 
235 33 91 33 20 33 
236 129 62 129 69 129 
237 234 160 36 257 36 
238 31 3 160 120 160 
239 238 234 145 31 238 
240 17 272 17 26 17 
241 109 267 109 253 109 
242 254 84 144 25 239 
243 181 21 181 174 181 
244 40 15 40 156 40 
245 215 196 215 178 215 
246 217 108 192 160 243 
247 11 27 11 16 11 
248 24 53 24 30 24 
249 6 100 6 74 6 
250 152 101 152 278 152 
251 216 210 216 141 216 
252 35 167 35 263 35 
253 25 248 25 169 25 
254 176 213 176 229 176 
255 255 255 255 148 255 
256 120 163 120 242 120 
257 222 39 222 50 222 
258 136 264 136 87 136 
259 82 128 82 8 82 
260 256 110 174 56 244 
261 133 22 133 58 133 
262 199 199 199 103 199 
263 154 204 154 126 154 
264 132 275 132 45 132 
265 81 51 81 138 81 
266 179 46 179 214 179 
267 239 239 254 85 254 
268 21 181 21 177 21 
269 204 6 204 205 204 
270 9 139 9 200 9 
271 182 109 182 147 182 
272 174 85 252 203 252 
273 243 178 178 276 256 
274 89 70 89 133 89 
275 233 33 233 64 233 
276 150 122 150 262 79 
277 261 155 261 79 261 
278 229 208 229 46 229 
279 87 76 87 279 87 
