***********************************
Experiment parameters:
Experiment results:
Permutations:
I U RANK QCV rand PATH 
1 157 134 1 47 230 
2 23 22 2 186 271 
3 182 67 3 180 60 
4 62 166 4 273 31 
5 32 218 5 176 103 
6 166 272 6 14 279 
7 122 177 7 135 5 
8 61 124 8 167 212 
9 142 245 9 267 168 
10 104 114 10 142 43 
11 242 2 11 234 173 
12 228 248 12 72 261 
13 135 237 13 245 260 
14 132 217 14 57 14 
15 198 156 15 66 232 
16 136 262 16 125 213 
17 273 203 17 207 124 
18 175 10 18 254 16 
19 143 4 19 171 197 
20 158 68 20 104 39 
21 247 149 21 5 182 
22 47 5 22 93 105 
23 45 12 23 65 238 
24 87 52 24 76 119 
25 29 15 25 15 36 
26 65 109 26 52 235 
27 221 103 27 151 211 
28 209 7 28 42 245 
29 171 8 29 185 3 
30 200 182 30 159 76 
31 43 200 31 274 32 
32 25 133 32 265 256 
33 251 187 33 100 272 
34 239 151 34 48 17 
35 54 142 35 217 107 
36 219 148 36 188 153 
37 19 266 37 107 247 
38 147 257 38 13 215 
39 111 221 39 55 123 
40 113 119 40 213 183 
41 174 253 41 199 249 
42 254 251 42 123 150 
43 262 146 43 221 201 
44 51 225 44 191 141 
45 265 243 45 153 104 
46 146 85 46 124 81 
47 118 117 47 183 257 
48 10 275 48 233 29 
49 120 229 49 204 231 
50 232 197 50 215 207 
51 24 191 51 237 133 
52 77 246 52 212 244 
53 17 173 53 37 126 
54 1 108 54 109 174 
55 229 105 55 7 254 
56 3 132 56 249 55 
57 85 222 57 219 47 
58 79 101 58 277 268 
59 279 195 59 43 41 
60 127 181 60 88 97 
61 181 86 61 130 255 
62 193 216 62 252 223 
63 162 56 63 182 90 
64 60 13 64 211 206 
65 276 219 65 268 13 
66 210 46 66 146 170 
67 213 179 67 270 66 
68 277 153 68 114 190 
69 4 212 69 260 269 
70 126 94 70 192 227 
71 271 228 71 132 239 
72 255 211 72 226 128 
73 264 18 73 34 84 
74 138 122 74 129 265 
75 119 71 75 209 157 
76 67 157 76 102 86 
77 27 193 77 184 87 
78 56 74 78 6 50 
79 69 238 79 246 176 
80 63 205 80 33 109 
81 225 29 81 269 80 
82 202 161 82 210 226 
83 16 220 83 115 137 
84 78 16 84 122 233 
85 21 184 85 240 253 
86 204 150 86 143 186 
87 183 55 87 111 114 
88 42 70 88 117 134 
89 260 17 89 152 171 
90 110 36 90 3 145 
91 192 240 91 164 229 
92 248 190 92 63 75 
93 133 271 93 131 194 
94 9 256 94 231 277 
95 206 123 95 44 192 
96 93 202 96 51 162 
97 236 40 97 49 64 
98 7 88 98 189 158 
99 214 98 99 61 274 
100 101 264 100 73 111 
101 163 176 101 62 2 
102 211 72 102 2 258 
103 18 136 103 18 188 
104 34 6 104 106 196 
105 208 11 105 92 6 
106 31 260 106 1 12 
107 190 196 107 36 24 
108 137 273 108 250 267 
109 168 41 109 154 52 
110 224 19 110 29 88 
111 36 164 111 27 72 
112 125 95 112 83 179 
113 230 188 113 258 146 
114 185 270 114 12 241 
115 212 89 115 162 58 
116 81 178 116 181 30 
117 99 33 117 272 193 
118 117 128 118 243 63 
119 266 261 119 256 165 
120 215 250 120 41 125 
121 257 255 121 119 208 
122 90 129 122 179 144 
123 130 90 123 157 117 
124 20 167 124 97 163 
125 226 279 125 60 275 
126 84 45 126 247 102 
127 123 69 127 222 152 
128 161 138 128 145 218 
129 218 259 129 165 155 
130 95 169 130 89 40 
131 13 76 131 136 219 
132 194 125 132 196 83 
133 41 189 133 82 53 
134 197 84 134 224 93 
135 245 232 135 218 135 
136 184 54 136 168 37 
137 35 198 137 4 65 
138 220 87 138 230 73 
139 172 172 139 173 62 
140 144 9 140 170 191 
141 156 224 141 241 167 
142 48 34 142 275 77 
143 53 23 143 225 34 
144 235 214 144 197 106 
145 207 231 145 84 189 
146 5 174 146 94 9 
147 270 113 147 38 74 
148 75 277 148 81 140 
149 189 93 149 149 23 
150 108 254 150 194 61 
151 258 269 151 193 116 
152 98 35 152 150 25 
153 2 268 153 96 79 
154 6 24 154 105 143 
155 160 141 155 187 68 
156 71 127 156 251 67 
157 86 154 157 59 85 
158 150 115 158 195 154 
159 151 208 159 21 91 
160 152 242 160 139 92 
161 261 25 161 244 184 
162 272 77 162 208 203 
163 154 63 163 227 70 
164 241 78 164 175 148 
165 102 106 165 110 178 
166 223 26 166 24 7 
167 74 27 167 239 264 
168 165 111 168 54 216 
169 14 241 169 172 112 
170 259 171 170 140 177 
171 196 160 171 10 240 
172 22 121 172 22 95 
173 68 30 173 17 48 
174 94 107 174 238 276 
175 244 104 175 113 195 
176 97 144 176 202 21 
177 269 32 177 266 251 
178 267 79 178 78 51 
179 92 209 179 116 59 
180 91 31 180 190 266 
181 191 50 181 216 198 
182 28 126 182 70 237 
183 187 247 183 264 172 
184 148 91 184 23 42 
185 274 180 185 261 108 
186 107 102 186 259 156 
187 114 130 187 201 94 
188 186 230 188 137 18 
189 39 14 189 95 136 
190 173 37 190 108 35 
191 180 265 191 118 164 
192 76 110 192 9 209 
193 159 263 193 67 214 
194 238 227 194 121 96 
195 275 235 195 77 127 
196 112 199 196 163 1 
197 195 42 197 271 199 
198 115 135 198 28 45 
199 252 206 199 166 225 
200 70 118 200 75 99 
201 233 43 201 198 129 
202 178 44 202 127 159 
203 201 201 203 158 250 
204 64 140 204 86 181 
205 164 48 205 98 115 
206 57 47 206 90 54 
207 188 252 207 232 147 
208 263 234 208 71 100 
209 49 81 209 19 205 
210 50 92 210 101 49 
211 52 163 211 255 210 
212 169 49 212 144 113 
213 179 99 213 134 120 
214 153 210 214 223 131 
215 268 223 215 35 273 
216 176 53 216 80 10 
217 26 168 217 161 33 
218 82 82 218 220 38 
219 199 73 219 40 242 
220 59 244 220 112 46 
221 222 96 221 236 69 
222 96 249 222 11 243 
223 40 155 223 228 28 
224 177 207 224 39 110 
225 145 57 225 155 19 
226 141 139 226 91 248 
227 11 39 227 32 175 
228 30 236 228 99 228 
229 38 147 229 53 26 
230 100 215 230 206 217 
231 216 83 231 68 220 
232 46 59 232 235 118 
233 131 61 233 128 138 
234 167 58 234 248 101 
235 72 97 235 20 234 
236 106 62 236 69 57 
237 140 60 237 257 44 
238 249 267 238 120 121 
239 105 112 239 31 180 
240 128 239 240 26 71 
241 149 20 241 253 78 
242 243 145 242 25 4 
243 250 159 243 174 187 
244 246 213 244 156 185 
245 103 51 245 178 246 
246 217 64 246 160 130 
247 129 165 247 16 262 
248 237 75 248 30 263 
249 121 274 249 74 222 
250 12 162 250 278 149 
251 58 120 251 141 221 
252 116 194 252 263 151 
253 66 80 253 169 132 
254 33 3 254 229 122 
255 134 116 255 148 27 
256 253 1 256 242 270 
257 256 66 257 50 278 
258 44 192 258 87 98 
259 240 38 259 8 169 
260 8 143 260 56 224 
261 80 183 261 58 15 
262 231 278 262 103 252 
263 139 204 263 126 202 
264 278 276 264 45 160 
265 89 233 265 138 161 
266 205 131 266 214 142 
267 73 226 267 85 166 
268 170 170 268 177 8 
269 109 258 269 205 11 
270 227 65 270 200 56 
271 203 21 271 147 204 
272 37 158 272 203 259 
273 15 186 273 276 236 
274 55 175 274 133 82 
275 83 185 275 64 22 
276 124 100 276 262 89 
277 234 137 277 79 200 
278 155 28 278 46 139 
279 88 152 279 279 20 
