***********************************
Experiment parameters:
Experiment results:
Permutations:
I U RANK QCV rand PATH 
1 261 131 1 47 259 
2 137 158 2 186 98 
3 104 257 3 180 101 
4 54 191 4 273 103 
5 259 18 5 176 163 
6 81 235 6 14 261 
7 200 148 7 135 171 
8 30 136 8 167 49 
9 193 103 9 267 82 
10 50 216 10 142 222 
11 258 3 11 234 272 
12 172 108 12 72 191 
13 36 34 13 245 184 
14 22 230 14 57 173 
15 183 4 15 66 245 
16 246 226 16 125 39 
17 236 234 17 207 104 
18 34 16 18 254 169 
19 195 238 19 171 127 
20 278 166 20 104 43 
21 101 65 21 5 89 
22 187 6 22 93 61 
23 65 128 23 65 7 
24 80 8 24 76 232 
25 279 90 25 15 149 
26 19 84 26 52 227 
27 41 155 27 151 177 
28 159 9 28 42 164 
29 107 2 29 185 59 
30 254 189 30 159 91 
31 75 184 31 274 118 
32 77 134 32 265 251 
33 144 188 33 100 214 
34 133 80 34 48 268 
35 3 7 35 217 112 
36 106 177 36 188 23 
37 66 82 37 107 148 
38 233 215 38 13 257 
39 87 255 39 55 278 
40 225 118 40 213 93 
41 275 12 41 199 186 
42 118 256 42 123 117 
43 51 139 43 221 162 
44 182 110 44 191 194 
45 69 260 45 153 83 
46 79 11 46 124 165 
47 252 56 47 183 92 
48 115 153 48 233 115 
49 167 276 49 204 271 
50 243 100 50 215 161 
51 99 23 51 237 120 
52 135 253 52 212 269 
53 76 248 53 37 183 
54 128 271 54 109 129 
55 231 25 55 7 215 
56 16 113 56 249 16 
57 152 236 57 219 102 
58 143 57 58 277 141 
59 160 203 59 43 71 
60 171 138 60 88 45 
61 12 94 61 130 206 
62 33 219 62 252 150 
63 121 62 63 182 70 
64 198 170 64 211 159 
65 96 167 65 268 160 
66 74 179 66 146 128 
67 216 195 67 270 264 
68 237 186 68 114 275 
69 134 239 69 260 247 
70 102 178 70 192 136 
71 26 52 71 132 52 
72 247 266 72 226 155 
73 176 67 73 34 31 
74 94 31 74 129 116 
75 149 194 75 209 208 
76 88 40 76 102 176 
77 178 192 77 184 220 
78 263 150 78 6 50 
79 11 55 79 246 217 
80 8 242 80 33 153 
81 97 115 81 269 130 
82 57 70 82 210 90 
83 234 60 83 115 67 
84 17 162 84 122 124 
85 28 123 85 240 170 
86 82 68 86 143 193 
87 262 275 87 111 248 
88 21 69 88 117 20 
89 253 17 89 152 231 
90 63 32 90 3 242 
91 174 200 91 164 223 
92 204 161 92 63 229 
93 175 190 93 131 274 
94 46 251 94 231 212 
95 264 19 95 44 105 
96 130 92 96 51 76 
97 192 41 97 49 5 
98 207 198 98 189 203 
99 180 49 99 61 88 
100 62 14 100 73 13 
101 154 164 101 62 62 
102 15 201 102 2 213 
103 123 126 103 18 119 
104 10 135 104 106 265 
105 188 51 105 92 224 
106 276 231 106 1 87 
107 71 193 107 36 72 
108 43 278 108 250 121 
109 145 279 109 154 12 
110 105 47 110 29 29 
111 277 214 111 27 228 
112 205 89 112 83 240 
113 110 54 113 258 151 
114 90 36 114 12 196 
115 218 121 115 162 81 
116 257 171 116 181 14 
117 32 15 117 272 216 
118 251 114 118 243 28 
119 212 264 119 256 32 
120 229 101 120 41 41 
121 120 245 121 119 237 
122 274 229 122 179 185 
123 208 127 123 157 277 
124 84 207 124 97 225 
125 163 277 125 60 249 
126 223 181 126 247 145 
127 141 45 127 222 138 
128 202 120 128 145 114 
129 196 258 129 165 179 
130 111 21 130 89 123 
131 119 81 131 136 54 
132 85 46 132 196 256 
133 68 208 133 82 18 
134 215 157 134 224 226 
135 161 22 135 218 22 
136 42 196 136 168 36 
137 98 175 137 4 218 
138 157 130 138 230 192 
139 27 174 139 173 21 
140 155 5 140 170 204 
141 29 79 141 241 79 
142 256 106 142 275 57 
143 31 210 143 225 190 
144 113 152 144 197 113 
145 224 109 145 84 64 
146 37 24 146 94 270 
147 72 199 147 38 199 
148 35 270 148 81 279 
149 48 97 149 149 95 
150 228 265 150 194 135 
151 2 172 151 193 211 
152 89 64 152 150 42 
153 213 87 153 96 80 
154 70 262 154 105 77 
155 100 183 155 187 180 
156 39 1 156 251 187 
157 14 125 157 59 182 
158 59 58 158 195 178 
159 136 116 159 21 60 
160 265 140 160 139 140 
161 244 213 161 244 24 
162 83 71 162 208 111 
163 116 205 163 227 244 
164 148 72 164 175 263 
165 203 105 165 110 166 
166 186 96 166 24 202 
167 162 27 167 239 86 
168 126 28 168 54 48 
169 138 163 169 172 137 
170 230 133 170 140 198 
171 181 99 171 10 146 
172 217 111 172 22 85 
173 139 30 173 17 9 
174 156 232 174 238 94 
175 112 102 175 113 30 
176 199 10 176 202 10 
177 227 197 177 266 254 
178 241 217 178 78 75 
179 169 176 179 116 15 
180 86 145 180 190 37 
181 177 154 181 216 51 
182 201 48 182 70 168 
183 270 83 183 264 246 
184 219 222 184 23 253 
185 267 169 185 261 154 
186 250 269 186 259 209 
187 55 249 187 201 241 
188 129 88 188 137 73 
189 189 107 189 95 267 
190 220 37 190 108 260 
191 238 104 191 118 276 
192 6 173 192 9 156 
193 226 185 193 67 100 
194 147 274 194 121 134 
195 164 221 195 77 99 
196 235 168 196 163 266 
197 211 223 197 271 200 
198 56 93 198 28 56 
199 260 218 199 166 252 
200 103 122 200 75 44 
201 5 43 201 198 131 
202 209 44 202 127 126 
203 24 124 203 158 69 
204 146 227 204 86 68 
205 125 151 205 98 147 
206 18 244 206 90 144 
207 240 224 207 232 34 
208 9 129 208 71 207 
209 232 254 209 19 38 
210 60 141 210 101 106 
211 91 143 211 255 143 
212 132 246 212 144 250 
213 249 119 213 134 262 
214 40 137 214 223 2 
215 206 146 215 35 221 
216 108 53 216 80 210 
217 179 247 217 161 66 
218 127 187 218 220 107 
219 245 261 219 40 19 
220 168 263 220 112 96 
221 52 29 221 236 78 
222 49 85 222 11 133 
223 47 160 223 228 167 
224 38 76 224 39 125 
225 131 233 225 155 236 
226 61 20 226 91 195 
227 20 75 227 32 158 
228 153 26 228 99 26 
229 93 144 229 53 27 
230 67 159 230 206 139 
231 170 77 231 68 84 
232 44 112 232 235 201 
233 23 59 233 128 11 
234 272 147 234 248 4 
235 222 91 235 20 238 
236 185 61 236 69 46 
237 191 268 237 257 65 
238 268 165 238 120 108 
239 45 117 239 31 53 
240 255 204 240 26 181 
241 25 156 241 253 174 
242 114 33 242 25 122 
243 117 252 243 174 273 
244 184 273 244 156 132 
245 166 267 245 178 235 
246 4 86 246 160 230 
247 239 63 247 16 35 
248 221 272 248 30 258 
249 194 66 249 74 233 
250 150 225 250 278 6 
251 109 241 251 141 219 
252 78 212 252 263 17 
253 92 211 253 169 8 
254 271 149 254 229 152 
255 58 220 255 148 205 
256 197 38 256 242 197 
257 95 95 257 50 243 
258 214 243 258 87 97 
259 190 74 259 8 47 
260 1 259 260 56 188 
261 53 206 261 58 63 
262 151 250 262 103 110 
263 64 180 263 126 234 
264 122 142 264 45 255 
265 158 240 265 138 1 
266 242 35 266 214 172 
267 73 50 267 85 142 
268 124 228 268 177 157 
269 7 42 269 205 175 
270 269 39 270 200 239 
271 142 13 271 147 3 
272 210 237 272 203 55 
273 140 202 273 276 33 
274 273 73 274 133 25 
275 13 209 275 64 189 
276 173 182 276 262 58 
277 248 132 277 79 109 
278 266 78 278 46 74 
279 165 98 279 279 40 
