***********************************
Experiment parameters:
Experiment results:
Permutations:
I U RANK QCV rand PATH 
1 1 1 1 47 1 
2 273 273 265 186 6 
3 198 115 198 180 198 
4 132 265 6 273 12 
5 3 226 3 176 3 
6 130 88 12 14 14 
7 155 228 155 135 155 
8 241 206 241 167 241 
9 81 111 81 267 81 
10 9 123 221 142 221 
11 178 266 178 234 178 
12 203 130 203 72 203 
13 250 235 250 245 250 
14 216 269 216 57 216 
15 64 252 101 66 101 
16 13 188 13 125 13 
17 47 200 47 207 47 
18 6 132 14 254 30 
19 39 251 39 171 39 
20 70 6 229 104 31 
21 124 257 124 5 124 
22 55 220 30 93 55 
23 28 28 28 65 28 
24 143 223 143 76 143 
25 24 44 24 15 24 
26 49 108 49 52 49 
27 14 276 209 151 209 
28 101 166 64 42 64 
29 92 124 92 185 92 
30 227 95 227 159 227 
31 276 153 276 274 276 
32 274 22 274 265 274 
33 164 164 164 100 164 
34 30 112 31 48 73 
35 87 182 87 217 87 
36 191 122 191 188 191 
37 163 63 163 107 163 
38 61 61 61 13 61 
39 271 253 271 55 271 
40 102 25 102 213 102 
41 46 17 46 199 46 
42 98 275 98 123 98 
43 34 279 34 221 34 
44 218 198 218 191 218 
45 224 129 224 153 224 
46 165 199 165 124 165 
47 26 29 26 183 26 
48 58 58 58 233 58 
49 76 156 55 204 76 
50 107 170 107 215 107 
51 235 65 235 237 235 
52 43 37 43 212 43 
53 197 216 197 37 197 
54 57 46 57 109 57 
55 111 259 111 7 111 
56 103 103 103 249 103 
57 88 127 202 219 88 
58 234 57 234 277 234 
59 176 258 176 43 176 
60 243 160 243 88 243 
61 69 238 69 130 69 
62 21 217 21 252 21 
63 193 270 193 182 193 
64 152 203 152 211 152 
65 146 36 146 268 146 
66 79 72 79 146 79 
67 239 20 239 270 239 
68 228 185 228 114 228 
69 182 159 220 260 89 
70 136 213 136 192 136 
71 269 145 269 132 269 
72 129 172 129 226 129 
73 238 69 238 34 238 
74 153 173 153 129 153 
75 118 77 118 209 118 
76 10 272 10 102 10 
77 142 215 142 184 142 
78 247 79 247 6 247 
79 257 152 257 246 257 
80 85 113 85 33 85 
81 42 234 42 269 42 
82 156 12 73 210 105 
83 94 128 94 115 94 
84 149 38 149 122 149 
85 230 34 230 240 230 
86 190 190 190 143 190 
87 260 75 260 111 260 
88 214 80 214 117 214 
89 51 98 51 152 51 
90 272 84 272 3 272 
91 106 53 106 164 106 
92 168 261 168 63 168 
93 204 70 204 131 204 
94 246 150 246 231 246 
95 100 40 100 44 100 
96 131 201 131 51 131 
97 50 50 50 49 50 
98 134 125 134 189 134 
99 105 202 76 61 112 
100 38 263 38 73 38 
101 179 274 179 62 179 
102 252 207 252 2 252 
103 116 218 116 18 116 
104 54 114 54 106 54 
105 73 14 183 92 127 
106 18 18 18 1 18 
107 19 19 19 36 19 
108 89 248 88 250 132 
109 158 134 158 154 158 
110 160 267 160 29 160 
111 91 195 91 27 91 
112 212 86 212 83 212 
113 189 245 189 258 189 
114 170 175 268 12 268 
115 139 54 139 162 139 
116 147 10 147 181 147 
117 222 41 222 272 222 
118 162 233 162 243 162 
119 215 231 215 256 215 
120 264 192 264 41 264 
121 66 91 66 119 66 
122 268 42 170 179 170 
123 133 155 133 157 133 
124 151 131 151 97 151 
125 62 189 62 60 62 
126 192 219 192 247 192 
127 8 264 8 222 8 
128 74 67 74 145 74 
129 261 97 261 165 261 
130 217 260 217 89 217 
131 172 232 172 136 172 
132 22 94 22 196 22 
133 60 254 60 82 60 
134 4 45 4 224 4 
135 31 183 161 218 137 
136 232 101 232 168 232 
137 121 56 121 4 121 
138 278 193 278 230 278 
139 225 33 225 173 225 
140 140 35 140 170 140 
141 40 27 40 241 40 
142 68 68 68 275 68 
143 231 141 231 225 231 
144 97 48 97 197 97 
145 206 241 206 84 206 
146 48 143 48 94 48 
147 205 205 205 38 205 
148 16 16 16 81 16 
149 201 5 201 149 201 
150 37 47 37 194 37 
151 277 93 277 193 277 
152 166 151 166 150 166 
153 82 7 82 96 82 
154 117 106 117 105 117 
155 266 230 266 187 266 
156 144 171 144 251 144 
157 20 242 20 59 20 
158 184 237 184 195 184 
159 123 66 123 21 123 
160 45 81 45 139 45 
161 219 71 219 244 219 
162 150 135 150 208 150 
163 27 100 27 227 27 
164 253 85 253 175 253 
165 245 277 245 110 245 
166 17 204 17 24 17 
167 180 180 180 239 180 
168 249 236 249 54 249 
169 104 144 104 172 104 
170 187 139 187 140 187 
171 125 167 125 10 125 
172 122 247 122 22 122 
173 7 187 7 17 7 
174 242 186 242 238 242 
175 267 158 267 113 267 
176 137 105 89 202 156 
177 127 31 273 266 159 
178 279 119 279 78 279 
179 113 271 113 116 113 
180 71 2 71 190 71 
181 244 239 244 216 244 
182 194 149 194 70 194 
183 53 146 53 264 53 
184 2 162 2 23 2 
185 52 250 52 261 52 
186 63 126 63 259 63 
187 254 99 254 201 254 
188 199 163 199 137 199 
189 41 117 41 95 41 
190 115 21 115 108 115 
191 185 118 185 118 185 
192 96 96 96 9 96 
193 167 169 167 67 167 
194 67 74 67 121 67 
195 56 49 56 77 56 
196 65 255 65 163 65 
197 200 240 200 271 200 
198 78 87 78 28 78 
199 83 83 83 166 83 
200 138 138 138 75 138 
201 72 52 72 198 72 
202 12 23 108 127 108 
203 177 142 177 158 177 
204 210 210 210 86 210 
205 141 177 141 98 141 
206 173 197 173 90 173 
207 95 11 95 232 95 
208 90 109 90 71 90 
209 44 3 44 19 44 
210 236 225 236 101 236 
211 86 133 86 255 188 
212 258 121 258 144 258 
213 35 140 35 134 35 
214 171 104 171 223 171 
215 84 179 84 35 84 
216 145 4 145 80 145 
217 154 154 154 161 154 
218 15 15 15 220 15 
219 119 178 119 40 119 
220 108 107 70 112 70 
221 263 168 263 236 263 
222 196 184 196 11 196 
223 36 222 36 228 36 
224 110 64 110 39 110 
225 93 90 93 155 93 
226 159 30 105 91 161 
227 202 55 112 32 183 
228 226 227 226 99 226 
229 135 82 135 53 135 
230 223 8 223 206 223 
231 114 62 114 68 114 
232 207 110 207 235 207 
233 109 246 109 128 109 
234 259 92 270 248 270 
235 211 13 211 20 211 
236 221 9 9 69 9 
237 161 209 213 257 213 
238 112 32 259 120 259 
239 220 137 248 31 202 
240 23 165 23 26 23 
241 240 136 240 253 240 
242 183 73 132 25 220 
243 157 181 157 174 157 
244 262 262 262 156 262 
245 148 211 148 178 148 
246 270 229 137 160 229 
247 120 120 120 16 120 
248 195 43 195 30 195 
249 80 212 80 74 80 
250 251 214 251 278 251 
251 213 278 130 141 130 
252 75 78 75 263 75 
253 59 59 59 169 59 
254 237 196 237 229 237 
255 208 208 208 148 208 
256 186 244 186 242 186 
257 32 221 32 50 32 
258 233 194 233 87 233 
259 126 176 126 8 126 
260 229 161 156 56 248 
261 255 147 255 58 255 
262 33 249 33 103 33 
263 169 39 169 126 169 
264 5 116 5 45 5 
265 29 24 29 138 29 
266 256 256 256 214 256 
267 265 89 159 85 265 
268 181 157 181 177 181 
269 77 51 77 205 77 
270 175 268 175 200 175 
271 25 102 25 147 25 
272 209 224 182 203 182 
273 248 76 127 276 273 
274 174 26 174 133 174 
275 275 60 275 64 275 
276 188 148 188 262 86 
277 99 243 99 79 99 
278 128 191 128 46 128 
279 11 174 11 279 11 
