***********************************
Experiment parameters:
Experiment results:
Permutations:
I U RANK QCV rand PATH 
1 87 249 1 47 133 
2 62 100 2 186 127 
3 25 132 3 180 65 
4 19 94 4 273 170 
5 209 207 5 176 96 
6 214 267 6 14 56 
7 180 145 7 135 33 
8 58 175 8 167 46 
9 246 203 9 267 51 
10 154 1 10 142 102 
11 55 214 11 234 5 
12 4 84 12 72 62 
13 245 222 13 245 185 
14 1 218 14 57 268 
15 157 98 15 66 125 
16 114 141 16 125 222 
17 203 224 17 207 218 
18 120 18 18 254 94 
19 81 5 19 171 202 
20 44 67 20 104 88 
21 93 149 21 5 210 
22 195 6 22 93 255 
23 78 131 23 65 271 
24 27 219 24 76 160 
25 96 64 25 15 169 
26 14 85 26 52 105 
27 107 96 27 151 95 
28 232 8 28 42 146 
29 69 2 29 185 2 
30 135 190 30 159 138 
31 237 258 31 274 179 
32 163 251 32 265 15 
33 253 178 33 100 174 
34 106 81 34 48 272 
35 30 87 35 217 129 
36 264 15 36 188 279 
37 46 82 37 107 82 
38 216 17 38 13 17 
39 229 11 39 55 110 
40 124 248 40 213 192 
41 73 12 41 199 208 
42 138 246 42 123 164 
43 82 143 43 221 58 
44 162 7 44 191 119 
45 129 239 45 153 144 
46 113 10 46 124 48 
47 101 126 47 183 182 
48 136 271 48 233 136 
49 244 220 49 204 233 
50 190 90 50 215 137 
51 173 164 51 237 76 
52 259 233 52 212 201 
53 94 124 53 37 273 
54 267 122 54 109 108 
55 274 134 55 7 64 
56 66 128 56 249 66 
57 139 205 57 219 8 
58 13 274 58 277 276 
59 275 188 59 43 220 
60 95 89 60 88 156 
61 252 211 61 130 113 
62 140 204 62 252 178 
63 182 56 63 182 278 
64 79 183 64 211 61 
65 239 63 65 268 28 
66 148 69 66 146 130 
67 164 180 67 270 188 
68 64 133 68 114 226 
69 126 111 69 260 253 
70 40 46 70 192 175 
71 80 179 71 132 258 
72 172 273 72 226 124 
73 145 243 73 34 83 
74 210 83 74 129 243 
75 189 119 75 209 7 
76 90 260 76 102 41 
77 21 53 77 184 270 
78 151 191 78 6 59 
79 23 254 79 246 85 
80 228 42 80 33 228 
81 52 14 81 269 225 
82 167 154 82 210 248 
83 258 200 83 115 177 
84 183 195 84 122 266 
85 137 123 85 240 34 
86 193 68 86 143 251 
87 130 55 87 111 173 
88 271 244 88 117 86 
89 213 173 89 152 118 
90 128 279 90 3 18 
91 156 167 91 164 9 
92 155 137 92 63 27 
93 38 162 93 131 145 
94 165 257 94 231 240 
95 31 121 95 44 117 
96 177 19 96 51 154 
97 204 230 97 49 166 
98 6 152 98 189 81 
99 218 66 99 61 114 
100 26 272 100 73 99 
101 54 216 101 62 67 
102 160 139 102 2 246 
103 241 127 103 18 32 
104 109 75 104 106 75 
105 263 225 105 92 74 
106 221 236 106 1 261 
107 192 187 107 36 49 
108 273 255 108 250 143 
109 92 70 109 154 40 
110 89 231 110 29 252 
111 68 185 111 27 256 
112 76 266 112 83 39 
113 134 197 113 258 238 
114 15 148 114 12 4 
115 125 232 115 162 198 
116 211 150 116 181 239 
117 215 136 117 272 112 
118 185 201 118 243 68 
119 188 238 119 256 31 
120 105 206 120 41 230 
121 12 240 121 119 181 
122 53 43 122 179 213 
123 171 3 123 157 100 
124 29 196 124 97 229 
125 272 60 125 60 3 
126 75 268 126 247 26 
127 240 156 127 222 89 
128 47 120 128 145 84 
129 198 241 129 165 142 
130 34 97 130 89 236 
131 48 92 131 136 131 
132 118 142 132 196 44 
133 35 130 133 82 215 
134 84 36 134 224 45 
135 86 223 135 218 223 
136 5 155 136 168 155 
137 71 140 137 4 134 
138 74 13 138 230 101 
139 196 165 139 173 107 
140 119 157 140 170 109 
141 191 71 141 241 71 
142 276 276 142 275 274 
143 144 202 143 225 219 
144 141 221 144 197 141 
145 3 45 145 84 54 
146 169 226 146 94 72 
147 179 242 147 38 242 
148 100 277 148 81 103 
149 231 65 149 149 132 
150 99 22 150 194 22 
151 24 198 151 193 232 
152 9 21 152 150 77 
153 83 88 153 96 190 
154 242 20 154 105 20 
155 257 158 155 187 171 
156 72 109 156 251 157 
157 17 192 157 59 184 
158 67 115 158 195 93 
159 206 177 159 21 14 
160 268 80 160 139 80 
161 85 26 161 244 257 
162 170 103 162 208 87 
163 65 62 163 227 91 
164 249 72 164 175 234 
165 187 102 165 110 165 
166 152 105 166 24 196 
167 97 117 167 239 123 
168 238 31 168 54 6 
169 37 24 169 172 216 
170 205 125 170 140 275 
171 121 32 171 10 211 
172 150 234 172 22 214 
173 104 33 173 17 159 
174 122 91 174 238 79 
175 233 99 175 113 205 
176 194 189 176 202 189 
177 261 182 177 266 126 
178 175 259 178 78 120 
179 103 228 179 116 42 
180 219 34 180 190 209 
181 250 227 181 216 53 
182 168 35 182 70 168 
183 278 170 183 264 197 
184 112 25 184 23 204 
185 8 269 185 261 203 
186 279 159 186 259 199 
187 254 38 187 201 187 
188 184 74 188 137 140 
189 11 39 189 95 249 
190 270 40 190 108 191 
191 220 168 191 118 224 
192 61 209 192 9 16 
193 223 213 193 67 43 
194 102 235 194 121 147 
195 199 108 195 77 11 
196 226 29 196 163 207 
197 181 9 197 271 167 
198 111 104 198 28 104 
199 108 270 199 166 186 
200 251 44 200 75 23 
201 123 161 201 198 37 
202 236 181 202 127 180 
203 10 30 203 158 106 
204 197 37 204 86 217 
205 248 47 205 98 150 
206 208 48 206 90 206 
207 117 101 207 232 128 
208 222 49 208 71 244 
209 255 73 209 19 90 
210 116 264 210 101 264 
211 243 193 211 255 193 
212 235 229 212 144 57 
213 16 95 213 134 30 
214 224 237 214 223 50 
215 45 86 215 35 245 
216 43 210 216 80 35 
217 49 118 217 161 235 
218 217 76 218 220 92 
219 133 151 219 40 269 
220 269 245 220 112 151 
221 127 4 221 236 231 
222 266 262 222 11 152 
223 260 77 223 228 63 
224 265 253 224 39 19 
225 42 57 225 155 10 
226 98 172 226 91 161 
227 146 215 227 32 247 
228 142 212 228 99 212 
229 149 144 229 53 267 
230 88 147 230 206 29 
231 262 23 231 68 139 
232 153 58 232 235 149 
233 70 59 233 128 122 
234 41 174 234 248 163 
235 7 106 235 20 25 
236 143 61 236 69 70 
237 18 263 237 257 183 
238 131 110 238 120 38 
239 207 261 239 31 121 
240 110 176 240 26 263 
241 57 160 241 253 98 
242 178 138 242 25 262 
243 201 114 243 174 13 
244 277 256 244 156 200 
245 56 278 245 178 172 
246 60 163 246 160 195 
247 158 265 247 16 60 
248 32 146 248 30 237 
249 132 153 249 74 12 
250 202 79 250 278 55 
251 77 107 251 141 24 
252 230 217 252 263 1 
253 33 113 253 169 176 
254 159 186 254 229 221 
255 28 116 255 148 116 
256 63 27 256 242 73 
257 147 78 257 50 78 
258 166 194 258 87 194 
259 59 252 259 8 52 
260 50 129 260 56 162 
261 186 166 261 58 69 
262 36 112 262 103 260 
263 234 171 263 126 158 
264 22 135 264 45 241 
265 225 51 265 138 277 
266 161 247 266 214 265 
267 20 50 267 85 135 
268 212 250 268 177 36 
269 247 28 269 205 21 
270 91 184 270 200 111 
271 174 16 271 147 153 
272 51 275 272 203 254 
273 200 199 273 276 259 
274 227 169 274 133 227 
275 176 208 275 64 47 
276 115 93 276 262 115 
277 256 54 277 79 250 
278 39 52 278 46 148 
279 2 41 279 279 97 
