***********************************
Experiment parameters:
Experiment results:
Permutations:
I U RANK QCV rand PATH 
1 247 1 1 47 1 
2 157 53 201 186 30 
3 5 5 133 180 5 
4 145 64 268 273 36 
5 162 197 162 176 162 
6 30 55 164 14 37 
7 24 105 24 135 24 
8 124 109 124 167 124 
9 153 13 153 267 153 
10 245 44 245 142 245 
11 211 163 211 234 211 
12 6 59 207 72 207 
13 241 224 241 245 241 
14 78 119 78 57 78 
15 92 100 102 66 92 
16 274 18 274 125 274 
17 48 121 48 207 48 
18 23 96 30 254 39 
19 258 274 258 171 258 
20 39 68 36 104 41 
21 206 148 206 5 206 
22 45 165 37 93 42 
23 43 130 43 65 43 
24 277 91 277 76 277 
25 65 154 65 15 65 
26 80 194 80 52 80 
27 150 150 150 151 150 
28 102 102 92 42 102 
29 199 48 199 185 199 
30 167 241 167 159 167 
31 198 158 198 274 198 
32 34 7 34 265 34 
33 97 97 97 100 97 
34 42 37 39 48 45 
35 252 183 252 217 252 
36 172 28 172 188 172 
37 152 227 152 107 152 
38 234 107 234 13 234 
39 227 147 227 55 227 
40 47 9 47 213 47 
41 177 276 177 199 177 
42 220 173 220 123 220 
43 212 73 212 221 212 
44 133 252 5 191 133 
45 57 77 57 153 57 
46 122 115 122 124 122 
47 142 34 142 183 142 
48 251 251 251 233 251 
49 59 238 41 204 49 
50 176 8 176 215 176 
51 202 242 202 237 202 
52 253 192 253 212 253 
53 112 198 112 37 112 
54 62 175 62 109 62 
55 158 206 158 7 158 
56 261 261 261 249 261 
57 55 49 42 219 53 
58 276 139 276 277 276 
59 135 243 135 43 135 
60 88 220 88 88 88 
61 203 108 203 130 203 
62 159 111 159 252 159 
63 119 3 119 182 119 
64 121 78 121 211 121 
65 70 70 70 268 70 
66 240 256 240 146 240 
67 25 25 25 270 25 
68 114 89 114 114 114 
69 75 157 45 260 55 
70 259 153 259 192 259 
71 9 169 9 132 9 
72 74 74 74 226 74 
73 108 181 108 34 108 
74 250 81 250 129 250 
75 149 104 149 209 149 
76 67 189 67 102 67 
77 99 278 99 184 99 
78 256 67 256 6 256 
79 3 178 3 246 3 
80 54 170 54 33 54 
81 215 176 215 269 215 
82 164 249 49 210 64 
83 154 223 154 115 154 
84 93 277 93 122 93 
85 246 211 246 240 246 
86 233 137 233 143 233 
87 279 203 279 111 279 
88 118 35 118 117 118 
89 155 85 155 152 155 
90 209 120 209 3 209 
91 126 126 126 164 126 
92 264 32 264 63 264 
93 139 52 139 131 139 
94 11 71 11 231 11 
95 51 200 51 44 51 
96 111 76 111 51 111 
97 16 16 16 49 16 
98 239 124 239 189 239 
99 49 75 53 61 68 
100 17 84 17 73 17 
101 60 2 60 62 60 
102 183 29 27 2 27 
103 166 92 166 18 166 
104 140 106 140 106 140 
105 41 164 55 92 75 
106 217 217 217 1 217 
107 204 51 204 36 204 
108 64 201 157 250 96 
109 180 50 180 154 180 
110 222 116 222 29 222 
111 228 245 228 27 228 
112 116 118 116 83 116 
113 225 171 225 258 225 
114 19 218 175 12 175 
115 31 140 31 162 31 
116 224 162 224 181 224 
117 163 98 163 272 163 
118 254 17 254 243 254 
119 56 144 56 256 56 
120 237 237 237 41 237 
121 20 90 20 119 20 
122 175 62 19 179 19 
123 18 270 18 157 18 
124 77 133 77 97 181 
125 71 110 71 60 71 
126 84 93 84 247 84 
127 174 230 174 222 174 
128 191 174 191 145 191 
129 260 254 260 165 260 
130 27 57 183 89 183 
131 181 159 181 136 77 
132 127 167 127 196 127 
133 109 239 109 82 109 
134 148 128 148 224 148 
135 53 145 64 218 145 
136 125 125 125 168 125 
137 248 122 248 4 248 
138 226 199 226 230 226 
139 232 214 232 173 232 
140 244 113 244 170 244 
141 103 103 103 241 103 
142 21 21 21 275 21 
143 87 43 87 225 87 
144 32 260 32 197 32 
145 188 233 188 84 188 
146 267 213 267 94 267 
147 184 195 184 38 184 
148 134 134 134 81 134 
149 79 146 79 149 79 
150 107 129 107 194 107 
151 193 58 193 193 193 
152 151 166 151 150 151 
153 229 72 229 96 229 
154 101 212 101 105 101 
155 33 208 33 187 33 
156 236 236 236 251 236 
157 138 235 138 59 138 
158 83 246 83 195 83 
159 178 66 178 21 178 
160 169 207 169 139 169 
161 272 264 272 244 272 
162 22 22 22 208 22 
163 200 204 200 227 200 
164 257 135 257 175 257 
165 58 225 58 110 58 
166 255 255 255 24 255 
167 231 231 231 239 231 
168 187 46 187 54 187 
169 185 273 185 172 185 
170 160 229 160 140 160 
171 50 69 50 10 50 
172 179 202 179 22 179 
173 117 216 117 17 117 
174 141 138 141 238 141 
175 173 275 173 113 173 
176 165 41 68 202 157 
177 68 45 75 266 164 
178 278 87 278 78 278 
179 243 54 243 116 243 
180 143 267 143 190 143 
181 235 141 235 216 235 
182 91 219 91 70 91 
183 156 99 156 264 156 
184 213 271 213 23 213 
185 120 209 120 261 120 
186 86 248 86 259 86 
187 85 258 85 201 85 
188 170 152 170 137 170 
189 144 132 144 95 144 
190 146 279 146 108 146 
191 275 114 275 118 275 
192 221 31 221 9 221 
193 69 180 69 67 69 
194 271 191 271 121 271 
195 15 23 15 77 15 
196 7 266 7 163 7 
197 66 6 66 271 66 
198 94 79 94 28 94 
199 115 86 115 166 115 
200 242 240 242 75 242 
201 266 269 266 198 266 
202 8 15 23 127 23 
203 130 14 130 158 130 
204 207 63 270 86 270 
205 73 33 73 98 73 
206 13 234 13 90 13 
207 4 60 4 232 4 
208 72 193 72 71 72 
209 189 265 189 19 189 
210 46 187 46 101 46 
211 10 161 10 255 10 
212 123 123 123 144 123 
213 113 244 113 134 113 
214 273 185 273 223 273 
215 28 65 28 35 28 
216 81 250 81 80 81 
217 131 131 131 161 131 
218 195 95 195 220 195 
219 208 83 208 40 208 
220 36 19 8 112 8 
221 219 136 219 236 219 
222 98 101 98 11 98 
223 132 56 132 228 132 
224 29 38 29 39 29 
225 106 11 106 155 106 
226 96 36 247 91 165 
227 201 247 96 32 201 
228 269 172 269 99 269 
229 216 221 216 53 216 
230 230 143 230 206 230 
231 40 40 40 68 40 
232 61 151 61 235 61 
233 171 117 171 128 171 
234 270 190 6 248 59 
235 89 222 89 20 89 
236 186 186 186 69 186 
237 238 20 59 257 6 
238 37 205 190 120 190 
239 263 268 249 31 238 
240 147 80 147 26 147 
241 44 259 44 253 44 
242 268 30 262 25 247 
243 82 182 82 174 82 
244 52 177 52 156 52 
245 137 188 137 178 137 
246 190 263 238 160 249 
247 95 184 95 16 95 
248 205 47 205 30 205 
249 104 88 104 74 104 
250 12 10 12 278 12 
251 129 253 129 141 129 
252 100 27 100 263 100 
253 110 160 110 169 110 
254 14 156 14 229 14 
255 210 210 210 148 210 
256 26 26 26 242 26 
257 90 226 90 50 90 
258 136 272 136 87 136 
259 194 257 194 8 194 
260 249 262 145 56 262 
261 223 142 223 58 223 
262 214 232 214 103 214 
263 105 149 105 126 105 
264 76 94 76 45 76 
265 197 4 197 138 197 
266 128 112 128 214 128 
267 262 42 263 85 263 
268 182 82 182 177 182 
269 35 12 35 205 35 
270 218 215 218 200 218 
271 192 228 192 147 192 
272 38 61 38 203 38 
273 1 39 165 276 268 
274 265 168 265 133 265 
275 63 24 63 64 63 
276 196 155 196 262 196 
277 161 196 161 79 161 
278 2 179 2 46 2 
279 168 127 168 279 168 
