***********************************
Experiment parameters:
Experiment results:
Permutations:
I U RANK QCV rand PATH 
1 186 126 272 47 28 
2 225 53 16 186 162 
3 68 114 68 180 68 
4 137 78 20 273 139 
5 58 30 58 176 58 
6 99 216 198 14 37 
7 251 48 251 135 251 
8 120 247 120 167 120 
9 189 188 189 267 189 
10 10 119 151 142 151 
11 271 69 271 234 271 
12 94 133 94 72 94 
13 102 22 102 245 102 
14 151 148 211 57 211 
15 1 164 256 66 1 
16 8 185 8 125 8 
17 253 222 253 207 253 
18 16 225 28 254 115 
19 154 248 154 171 154 
20 28 198 216 104 155 
21 168 245 168 5 168 
22 53 73 53 93 261 
23 229 150 229 65 229 
24 23 212 23 76 23 
25 129 172 129 15 129 
26 219 166 219 52 219 
27 20 107 173 151 173 
28 256 170 1 42 256 
29 6 151 6 185 6 
30 132 144 132 159 132 
31 65 173 65 274 65 
32 106 177 106 265 106 
33 125 261 125 100 125 
34 122 196 55 48 95 
35 103 68 103 217 103 
36 109 197 109 188 109 
37 85 219 85 107 85 
38 267 77 267 13 267 
39 135 238 135 55 135 
40 46 189 46 213 46 
41 82 199 82 199 82 
42 244 251 244 123 244 
43 171 9 171 221 171 
44 191 70 191 191 191 
45 170 32 170 153 170 
46 74 223 74 124 74 
47 260 257 260 183 260 
48 4 4 4 233 4 
49 95 161 225 204 99 
50 165 155 165 215 165 
51 268 260 268 237 268 
52 133 234 133 212 133 
53 119 94 119 37 119 
54 187 187 187 109 187 
55 222 267 222 7 222 
56 111 111 111 249 111 
57 126 100 73 219 100 
58 181 29 181 277 181 
59 209 149 209 43 209 
60 179 179 179 88 179 
61 233 66 233 130 233 
62 13 86 13 252 13 
63 24 253 24 182 24 
64 15 153 15 211 15 
65 42 201 42 268 42 
66 246 102 246 146 246 
67 158 236 158 270 158 
68 44 80 44 114 44 
69 55 186 196 260 104 
70 153 168 153 192 153 
71 245 64 245 132 245 
72 90 176 90 226 90 
73 66 182 66 34 66 
74 203 178 203 129 203 
75 146 154 146 209 146 
76 79 63 79 102 79 
77 9 42 9 184 9 
78 36 106 36 6 36 
79 234 192 234 246 234 
80 145 195 145 33 145 
81 117 181 117 269 117 
82 45 130 78 210 108 
83 177 141 177 115 177 
84 31 217 31 122 31 
85 160 37 160 240 160 
86 48 163 48 143 48 
87 140 204 140 111 140 
88 96 96 96 117 96 
89 59 279 59 152 59 
90 27 224 27 3 27 
91 37 229 37 164 53 
92 261 221 261 63 55 
93 206 10 206 131 206 
94 2 180 2 231 2 
95 241 241 241 44 241 
96 70 13 70 51 70 
97 263 263 263 49 263 
98 247 92 247 189 247 
99 161 108 161 61 121 
100 89 157 89 73 89 
101 38 246 38 62 38 
102 114 226 193 2 114 
103 86 140 86 18 86 
104 242 81 242 106 242 
105 121 237 237 92 122 
106 254 254 254 1 254 
107 54 54 54 36 54 
108 108 16 274 250 126 
109 98 8 98 154 98 
110 163 202 163 29 163 
111 131 131 131 27 131 
112 14 266 14 83 14 
113 112 156 112 258 112 
114 115 35 115 12 73 
115 21 242 21 162 21 
116 63 27 63 181 63 
117 227 160 227 272 227 
118 175 269 175 243 175 
119 240 228 240 256 240 
120 7 89 7 41 7 
121 5 51 5 119 5 
122 155 82 155 179 78 
123 61 49 61 157 61 
124 164 90 258 97 164 
125 243 184 243 60 243 
126 212 152 212 247 212 
127 269 7 269 222 269 
128 147 273 147 145 147 
129 152 39 152 165 152 
130 193 1 114 89 193 
131 258 93 164 136 258 
132 47 38 47 196 47 
133 202 250 202 82 202 
134 51 65 51 224 51 
135 130 55 95 218 130 
136 226 210 226 168 226 
137 149 230 149 4 149 
138 3 76 3 230 3 
139 275 62 275 173 275 
140 262 277 262 170 262 
141 259 101 259 241 259 
142 139 139 139 275 20 
143 150 171 150 225 150 
144 11 167 11 197 11 
145 214 190 214 84 214 
146 217 41 217 94 217 
147 162 278 162 38 16 
148 105 105 105 81 105 
149 138 33 138 149 138 
150 148 6 148 194 148 
151 127 12 127 193 127 
152 33 143 33 150 33 
153 184 207 184 96 184 
154 194 84 194 105 194 
155 213 227 213 187 213 
156 87 87 87 251 87 
157 236 83 236 59 236 
158 84 232 84 195 84 
159 77 15 77 21 77 
160 76 19 76 139 76 
161 221 67 221 244 221 
162 91 91 91 208 91 
163 101 259 101 227 101 
164 195 134 195 175 195 
165 12 97 12 110 12 
166 35 115 35 24 35 
167 118 118 118 239 118 
168 62 71 62 54 62 
169 218 128 218 172 218 
170 180 243 180 140 180 
171 248 146 248 10 248 
172 60 215 60 22 60 
173 123 88 123 17 123 
174 208 18 208 238 208 
175 26 142 26 113 26 
176 104 137 99 202 137 
177 78 95 100 266 161 
178 201 240 201 78 201 
179 270 209 270 116 270 
180 39 125 39 190 39 
181 18 158 18 216 18 
182 169 169 169 70 169 
183 69 252 69 264 69 
184 157 175 157 23 157 
185 197 79 197 261 197 
186 134 135 134 259 134 
187 190 214 190 201 190 
188 238 270 238 137 238 
189 255 205 255 95 255 
190 204 191 204 108 204 
191 75 59 75 118 75 
192 81 25 81 9 81 
193 49 61 49 67 49 
194 167 11 167 121 167 
195 230 136 230 77 230 
196 22 268 22 163 22 
197 116 46 116 271 116 
198 176 233 176 28 176 
199 223 145 223 166 223 
200 144 109 144 75 144 
201 17 132 17 198 17 
202 124 74 124 127 124 
203 232 50 232 158 232 
204 211 72 279 86 279 
205 252 57 252 98 252 
206 19 116 19 90 19 
207 224 17 224 232 224 
208 207 123 207 71 207 
209 215 47 215 19 215 
210 56 275 56 101 56 
211 72 120 72 255 72 
212 166 85 166 144 166 
213 277 262 277 134 277 
214 128 218 128 223 128 
215 141 58 141 35 141 
216 276 24 276 80 276 
217 220 220 220 161 220 
218 278 40 278 220 278 
219 57 194 57 40 57 
220 73 165 10 112 10 
221 41 23 41 236 41 
222 205 271 205 11 205 
223 228 255 228 228 228 
224 182 256 182 39 182 
225 97 2 97 155 97 
226 216 20 186 91 186 
227 279 28 104 32 196 
228 257 159 257 99 257 
229 25 110 25 53 25 
230 273 31 273 206 273 
231 110 21 110 68 110 
232 32 138 32 235 32 
233 88 127 88 128 88 
234 264 264 265 248 45 
235 231 231 231 20 231 
236 52 52 52 69 52 
237 196 43 45 257 265 
238 100 276 264 120 264 
239 265 274 108 31 198 
240 235 124 235 26 235 
241 64 45 64 253 64 
242 274 272 121 25 216 
243 183 249 183 174 183 
244 29 117 29 156 29 
245 142 14 142 178 142 
246 143 99 122 160 225 
247 40 162 40 16 40 
248 107 3 107 30 107 
249 239 26 239 74 239 
250 266 34 266 278 266 
251 43 5 43 141 43 
252 210 193 210 263 210 
253 156 112 156 169 156 
254 50 213 50 229 50 
255 200 200 200 148 200 
256 83 208 83 242 83 
257 178 203 178 50 178 
258 67 147 67 87 67 
259 136 235 136 8 136 
260 198 104 126 56 237 
261 172 36 172 58 172 
262 71 56 71 103 71 
263 185 239 185 126 30 
264 93 103 93 45 93 
265 30 174 30 138 185 
266 188 211 188 214 188 
267 237 122 130 85 272 
268 249 183 249 177 249 
269 34 44 34 205 34 
270 199 206 199 200 199 
271 192 265 192 147 192 
272 173 258 143 203 143 
273 272 121 137 276 274 
274 113 113 113 133 113 
275 250 244 250 64 250 
276 92 75 92 262 92 
277 80 98 80 79 80 
278 159 129 159 46 159 
279 174 60 174 279 174 
