***********************************
Experiment parameters:
Experiment results:
Permutations:
I U RANK QCV rand PATH 
1 263 217 2 47 2 
2 180 2 222 186 37 
3 127 64 127 180 194 
4 123 275 263 273 38 
5 42 42 42 176 42 
6 38 65 37 14 49 
7 18 30 18 135 18 
8 216 143 216 167 216 
9 148 225 148 267 148 
10 15 165 15 142 15 
11 240 261 240 234 240 
12 61 236 61 72 61 
13 47 174 47 245 47 
14 91 94 91 57 91 
15 64 154 105 66 64 
16 179 234 179 125 179 
17 198 102 198 207 198 
18 23 180 38 254 57 
19 278 276 278 171 278 
20 57 210 180 104 65 
21 94 14 94 5 94 
22 37 37 270 93 80 
23 138 67 138 65 138 
24 71 277 71 76 71 
25 187 47 187 15 187 
26 4 4 4 52 4 
27 14 108 14 151 14 
28 105 178 64 42 105 
29 68 91 68 185 68 
30 206 182 206 159 206 
31 145 23 145 274 145 
32 242 117 242 265 242 
33 132 160 132 100 132 
34 2 122 210 48 90 
35 214 194 214 217 214 
36 174 203 174 188 174 
37 60 212 60 107 60 
38 161 204 161 13 161 
39 147 150 147 55 147 
40 130 68 130 213 130 
41 41 166 41 199 41 
42 86 58 86 123 86 
43 111 215 111 221 111 
44 194 207 194 191 127 
45 55 112 55 153 55 
46 106 60 106 124 106 
47 96 136 96 183 96 
48 235 235 235 233 235 
49 93 116 49 204 116 
50 248 6 248 215 248 
51 88 233 88 237 88 
52 223 145 223 212 223 
53 181 171 181 37 181 
54 7 62 7 109 7 
55 204 255 204 7 204 
56 5 5 5 249 5 
57 65 185 57 219 122 
58 251 248 251 277 251 
59 142 73 142 43 142 
60 189 179 189 88 189 
61 175 20 175 130 175 
62 76 32 76 252 76 
63 225 184 225 182 225 
64 97 243 97 211 97 
65 261 26 261 268 261 
66 98 239 98 146 98 
67 162 44 162 270 162 
68 110 125 110 114 110 
69 49 270 268 260 123 
70 165 130 165 192 165 
71 46 141 46 132 46 
72 54 55 54 226 54 
73 43 43 43 34 43 
74 102 137 102 129 102 
75 234 183 234 209 234 
76 157 272 157 102 157 
77 247 33 247 184 247 
78 272 88 272 6 272 
79 108 78 108 246 108 
80 73 39 73 33 73 
81 158 7 158 269 158 
82 80 57 65 210 126 
83 245 89 245 115 245 
84 87 196 87 122 87 
85 241 273 241 240 241 
86 173 12 173 143 173 
87 207 175 207 111 207 
88 118 110 118 117 118 
89 3 74 3 152 3 
90 66 144 66 3 66 
91 155 107 155 164 155 
92 8 31 8 63 8 
93 166 251 166 131 166 
94 95 260 95 231 95 
95 202 250 202 44 202 
96 253 54 253 51 253 
97 9 9 9 49 9 
98 115 173 115 189 115 
99 134 80 217 61 134 
100 36 84 36 73 36 
101 35 98 35 62 35 
102 32 127 32 2 32 
103 257 221 257 18 257 
104 271 133 271 106 271 
105 112 90 80 92 140 
106 104 104 104 1 104 
107 168 168 168 36 168 
108 122 238 228 250 180 
109 230 230 230 154 230 
110 246 246 246 29 246 
111 229 52 229 27 229 
112 1 201 1 83 1 
113 260 164 260 258 260 
114 6 158 48 12 48 
115 11 11 11 162 11 
116 205 187 205 181 205 
117 163 163 163 272 163 
118 160 36 160 243 160 
119 153 240 153 256 153 
120 25 50 25 41 25 
121 77 59 77 119 77 
122 48 41 6 179 6 
123 276 267 276 157 276 
124 232 135 29 97 232 
125 22 190 22 60 22 
126 196 81 196 247 196 
127 119 87 119 222 119 
128 50 8 50 145 50 
129 191 16 191 165 191 
130 213 214 213 89 213 
131 29 76 232 136 29 
132 89 146 89 196 89 
133 143 18 143 82 143 
134 137 61 137 224 137 
135 126 228 275 218 185 
136 221 253 221 168 221 
137 265 265 265 4 265 
138 52 77 52 230 52 
139 85 27 85 173 85 
140 129 249 129 170 129 
141 279 202 279 241 279 
142 114 114 114 275 114 
143 256 254 256 225 256 
144 81 101 81 197 81 
145 74 189 74 84 74 
146 277 25 277 94 277 
147 266 266 266 38 266 
148 192 192 192 81 192 
149 154 257 154 149 154 
150 124 21 124 194 124 
151 220 45 220 193 220 
152 224 29 224 150 224 
153 10 95 10 96 10 
154 17 17 17 105 17 
155 107 121 107 187 107 
156 231 152 231 251 231 
157 188 19 188 59 188 
158 273 256 273 195 273 
159 59 28 59 21 59 
160 184 223 184 139 184 
161 101 131 101 244 101 
162 40 100 40 208 40 
163 250 279 250 227 250 
164 176 159 176 175 176 
165 100 220 100 110 100 
166 62 70 62 24 62 
167 113 113 113 239 113 
168 27 149 27 54 27 
169 195 195 195 172 195 
170 83 139 83 140 83 
171 218 262 218 10 218 
172 99 245 99 22 99 
173 139 53 139 17 139 
174 19 197 19 238 19 
175 12 278 12 113 12 
176 140 38 90 202 200 
177 116 222 122 266 210 
178 26 258 26 78 26 
179 109 219 109 116 109 
180 16 103 16 190 16 
181 44 188 44 216 44 
182 31 51 31 70 31 
183 258 138 258 264 258 
184 103 132 103 23 103 
185 177 259 177 261 177 
186 128 142 128 259 128 
187 267 115 267 201 267 
188 212 63 212 137 212 
189 254 111 254 95 254 
190 178 92 178 108 178 
191 201 75 201 118 201 
192 133 271 133 9 133 
193 75 169 75 67 75 
194 51 119 51 121 51 
195 63 109 63 77 63 
196 264 264 264 163 264 
197 13 148 13 271 13 
198 252 213 252 28 252 
199 159 176 159 166 159 
200 233 66 233 75 233 
201 146 157 146 198 146 
202 120 128 120 127 120 
203 215 155 215 158 215 
204 125 79 125 86 125 
205 170 170 170 98 170 
206 255 229 255 90 255 
207 239 35 239 232 239 
208 82 83 82 71 82 
209 144 172 144 19 144 
210 237 237 237 101 237 
211 58 167 58 255 58 
212 219 106 219 144 219 
213 249 129 249 134 249 
214 152 231 152 223 152 
215 172 56 172 35 172 
216 243 181 243 80 243 
217 274 274 274 161 274 
218 227 209 227 220 227 
219 121 241 121 40 121 
220 151 151 151 112 151 
221 84 71 84 236 84 
222 156 153 156 11 156 
223 33 156 33 228 33 
224 20 232 20 39 20 
225 190 22 190 155 190 
226 200 200 116 91 217 
227 222 140 134 32 222 
228 182 69 182 99 182 
229 164 193 164 53 164 
230 244 191 244 206 244 
231 193 82 193 68 193 
232 92 226 92 235 92 
233 45 10 45 128 45 
234 217 124 23 248 23 
235 186 118 186 20 186 
236 203 177 203 69 203 
237 228 269 93 257 93 
238 90 13 141 120 141 
239 238 263 126 31 228 
240 39 120 39 26 39 
241 28 93 28 253 28 
242 270 123 238 25 238 
243 199 34 199 174 199 
244 72 72 72 156 72 
245 79 211 79 178 79 
246 185 268 140 160 263 
247 209 227 209 16 209 
248 171 161 171 30 171 
249 167 186 167 74 167 
250 211 216 211 278 211 
251 236 97 236 141 236 
252 135 224 135 263 135 
253 53 40 53 169 53 
254 67 247 67 229 67 
255 208 208 208 148 208 
256 197 162 197 242 197 
257 21 198 21 50 21 
258 131 244 131 87 131 
259 150 147 150 8 150 
260 210 126 123 56 268 
261 56 205 56 58 56 
262 149 85 149 103 149 
263 30 218 30 126 30 
264 226 105 226 45 226 
265 136 206 136 138 136 
266 78 15 78 214 78 
267 268 49 185 85 270 
268 34 199 34 177 34 
269 262 1 262 205 262 
270 70 48 70 200 70 
271 269 46 269 147 269 
272 141 252 112 203 112 
273 275 134 200 276 275 
274 117 96 117 133 117 
275 24 3 24 64 24 
276 183 86 183 262 183 
277 169 24 169 79 169 
278 259 99 259 46 259 
279 69 242 69 279 69 
