***********************************
Experiment parameters:
Experiment results:
Permutations:
I U RANK QCV rand PATH 
1 259 200 1 47 105 
2 231 24 2 186 52 
3 170 39 3 180 92 
4 52 95 4 273 21 
5 277 237 5 176 137 
6 44 279 6 14 15 
7 160 173 7 135 76 
8 8 101 8 167 198 
9 245 199 9 267 136 
10 58 1 10 142 163 
11 9 2 11 234 97 
12 207 81 12 72 193 
13 123 96 13 245 147 
14 97 205 14 57 183 
15 129 3 15 66 244 
16 263 223 16 125 104 
17 68 215 17 207 24 
18 180 149 18 254 161 
19 81 202 19 171 77 
20 24 217 20 104 206 
21 3 156 21 5 224 
22 209 51 22 93 166 
23 132 85 23 65 213 
24 13 99 24 76 125 
25 17 100 25 15 29 
26 6 86 26 52 35 
27 87 166 27 151 181 
28 34 263 28 42 229 
29 11 88 29 185 168 
30 246 188 30 159 223 
31 71 22 31 274 40 
32 70 132 32 265 80 
33 46 46 33 100 2 
34 30 83 34 48 33 
35 60 142 35 217 37 
36 69 253 36 188 255 
37 113 84 37 107 68 
38 39 187 38 13 175 
39 183 120 39 55 51 
40 130 248 40 213 113 
41 55 11 41 199 28 
42 206 255 42 123 225 
43 222 146 43 221 19 
44 137 30 44 191 66 
45 244 240 45 153 266 
46 208 144 46 124 182 
47 237 258 47 183 30 
48 92 34 48 233 134 
49 243 234 49 204 195 
50 168 18 50 215 199 
51 35 169 51 237 169 
52 171 238 52 212 264 
53 103 119 53 37 272 
54 196 106 54 109 27 
55 266 69 55 7 110 
56 82 273 56 249 232 
57 174 206 57 219 108 
58 57 130 58 277 278 
59 260 203 59 43 89 
60 135 59 60 88 26 
61 2 225 61 130 86 
62 211 224 62 252 172 
63 233 65 63 182 69 
64 153 104 64 211 8 
65 64 116 65 268 129 
66 61 157 66 146 178 
67 187 9 67 270 245 
68 158 134 68 114 162 
69 112 268 69 260 222 
70 223 165 70 192 103 
71 146 98 71 132 63 
72 47 185 72 226 257 
73 12 89 73 34 194 
74 67 13 74 129 262 
75 198 271 75 209 93 
76 166 163 76 102 180 
77 96 93 77 184 171 
78 169 175 78 6 55 
79 120 252 79 246 238 
80 214 160 80 33 9 
81 139 80 81 269 187 
82 255 168 82 210 18 
83 262 97 83 115 184 
84 156 178 84 122 279 
85 173 241 85 240 177 
86 205 70 86 143 38 
87 213 49 87 111 73 
88 77 71 88 117 5 
89 98 112 89 152 201 
90 204 228 90 3 155 
91 235 179 91 164 151 
92 185 5 92 63 242 
93 86 118 93 131 78 
94 252 12 94 231 243 
95 225 123 95 44 203 
96 224 133 96 51 98 
97 28 72 97 49 210 
98 215 19 98 189 208 
99 154 151 99 61 91 
100 179 23 100 73 54 
101 124 176 101 62 217 
102 109 195 102 2 83 
103 216 180 103 18 130 
104 141 208 104 106 215 
105 278 257 105 92 48 
106 99 260 106 1 252 
107 220 193 107 36 167 
108 165 16 108 250 145 
109 191 239 109 154 118 
110 131 213 110 29 121 
111 107 220 111 27 131 
112 184 56 112 83 117 
113 95 192 113 258 174 
114 76 229 114 12 58 
115 172 171 115 162 57 
116 161 177 116 181 186 
117 203 91 117 272 140 
118 159 125 118 243 64 
119 228 214 119 256 144 
120 250 158 120 41 79 
121 201 245 121 119 250 
122 273 35 122 179 96 
123 40 172 123 157 124 
124 62 68 124 97 111 
125 202 33 125 60 122 
126 133 182 126 247 46 
127 122 254 127 222 259 
128 176 131 128 145 220 
129 121 256 129 165 49 
130 264 108 130 89 154 
131 210 201 131 136 258 
132 189 143 132 196 139 
133 269 155 133 82 39 
134 38 184 134 224 211 
135 21 197 135 218 240 
136 272 40 136 168 90 
137 257 122 137 4 47 
138 43 212 138 230 32 
139 88 194 139 173 45 
140 234 274 140 170 34 
141 221 42 141 241 247 
142 111 75 142 275 160 
143 108 113 143 225 276 
144 116 186 144 197 170 
145 175 26 145 84 7 
146 190 207 146 94 165 
147 72 233 147 38 275 
148 279 265 148 81 173 
149 37 29 149 149 269 
150 75 262 150 194 102 
151 100 198 151 193 231 
152 151 36 152 150 248 
153 63 269 153 96 36 
154 54 25 154 105 246 
155 249 277 155 187 20 
156 265 77 156 251 260 
157 49 222 157 59 190 
158 148 235 158 195 146 
159 248 261 159 21 44 
160 197 21 160 139 82 
161 32 278 161 244 127 
162 78 73 162 208 204 
163 101 57 163 227 150 
164 240 126 164 175 156 
165 238 105 165 110 228 
166 247 27 166 24 234 
167 4 136 167 239 273 
168 226 218 168 54 6 
169 119 267 169 172 67 
170 73 154 170 140 270 
171 56 31 171 10 14 
172 194 124 172 22 141 
173 167 32 173 17 189 
174 19 52 174 238 176 
175 25 243 175 113 271 
176 199 250 176 202 251 
177 90 183 177 266 81 
178 267 110 178 78 1 
179 177 249 179 116 88 
180 66 272 180 190 164 
181 274 164 181 216 109 
182 149 216 182 70 277 
183 227 230 183 264 123 
184 94 28 184 23 101 
185 212 167 185 261 50 
186 59 114 186 259 115 
187 188 129 187 201 4 
188 164 45 188 137 236 
189 26 37 189 95 235 
190 93 38 190 108 218 
191 84 76 191 118 249 
192 140 47 192 9 233 
193 29 137 193 67 227 
194 230 103 194 121 84 
195 118 41 195 77 239 
196 192 87 196 163 157 
197 254 8 197 271 261 
198 125 190 198 28 70 
199 89 111 199 166 119 
200 253 266 200 75 135 
201 83 44 201 198 116 
202 15 161 202 127 221 
203 142 210 203 158 56 
204 236 231 204 86 148 
205 138 48 205 98 120 
206 41 232 206 90 205 
207 147 43 207 232 219 
208 42 50 208 71 138 
209 128 159 209 19 22 
210 50 107 210 101 16 
211 31 90 211 255 87 
212 115 236 212 144 23 
213 134 174 213 134 143 
214 145 247 214 223 274 
215 155 251 215 35 149 
216 1 54 216 80 212 
217 91 242 217 161 25 
218 110 78 218 220 41 
219 195 259 219 40 42 
220 104 264 220 112 10 
221 157 191 221 236 114 
222 219 270 222 11 72 
223 150 10 223 228 153 
224 7 135 224 39 17 
225 18 58 225 155 3 
226 20 140 226 91 230 
227 65 138 227 32 241 
228 182 121 228 99 202 
229 258 141 229 53 59 
230 79 148 230 206 133 
231 241 79 231 68 179 
232 105 147 232 235 12 
233 127 60 233 128 132 
234 270 82 234 248 267 
235 106 102 235 20 31 
236 22 62 236 69 265 
237 251 63 237 257 99 
238 275 109 238 120 94 
239 239 152 239 31 85 
240 74 246 240 26 61 
241 136 153 241 253 126 
242 229 145 242 25 216 
243 276 150 243 174 214 
244 143 64 244 156 112 
245 80 17 245 178 196 
246 102 275 246 160 254 
247 51 226 247 16 106 
248 218 66 248 30 192 
249 261 67 249 74 128 
250 232 162 250 278 152 
251 152 276 251 141 53 
252 200 53 252 263 65 
253 217 7 253 169 13 
254 53 92 254 229 142 
255 117 127 255 148 209 
256 23 6 256 242 263 
257 5 14 257 50 158 
258 14 115 258 87 191 
259 114 94 259 8 71 
260 16 181 260 56 100 
261 45 219 261 58 74 
262 162 4 262 103 62 
263 193 211 263 126 95 
264 268 139 264 45 226 
265 256 204 265 138 43 
266 27 244 266 214 200 
267 271 227 267 85 188 
268 242 189 268 177 11 
269 181 74 269 205 159 
270 48 221 270 200 107 
271 85 20 271 147 197 
272 163 170 272 203 268 
273 144 196 273 276 75 
274 36 209 274 133 60 
275 186 55 275 64 256 
276 10 128 276 262 253 
277 33 117 277 79 237 
278 126 61 278 46 207 
279 178 15 279 279 185 
