***********************************
Experiment parameters:
Experiment results:
Permutations:
I U RANK QCV rand PATH 
1 251 51 195 47 49 
2 244 29 29 186 4 
3 13 89 147 180 147 
4 180 76 250 273 178 
5 17 18 17 176 17 
6 29 244 49 14 182 
7 254 100 254 135 254 
8 202 163 202 167 202 
9 37 97 37 267 37 
10 42 267 42 142 42 
11 91 200 91 234 91 
12 9 107 107 72 107 
13 175 218 175 245 175 
14 18 165 229 57 229 
15 207 147 210 66 207 
16 188 84 188 125 188 
17 132 168 132 207 132 
18 71 112 215 254 113 
19 151 60 151 171 151 
20 93 138 51 104 39 
21 16 252 16 5 16 
22 49 159 251 93 268 
23 133 182 133 65 133 
24 23 167 23 76 23 
25 98 61 98 15 98 
26 149 260 149 52 149 
27 162 177 162 151 162 
28 210 185 207 42 210 
29 177 232 177 185 177 
30 174 98 174 159 174 
31 156 259 156 274 156 
32 87 30 87 265 87 
33 208 274 208 100 208 
34 21 145 227 48 137 
35 130 211 130 217 130 
36 40 31 40 188 40 
37 225 198 225 107 225 
38 53 132 53 13 53 
39 204 35 204 55 204 
40 12 9 12 213 12 
41 203 8 203 199 203 
42 100 273 100 123 100 
43 127 83 127 221 127 
44 147 93 13 191 13 
45 89 235 89 153 89 
46 198 95 198 124 198 
47 253 248 253 183 253 
48 201 201 201 233 201 
49 94 195 71 204 138 
50 99 39 99 215 99 
51 248 174 248 237 248 
52 47 108 47 212 47 
53 232 12 232 37 232 
54 131 268 131 109 131 
55 252 21 252 7 252 
56 150 150 150 249 150 
57 76 137 244 219 141 
58 226 99 226 277 226 
59 57 219 57 43 57 
60 84 10 84 88 84 
61 54 72 54 130 54 
62 211 106 211 252 211 
63 165 28 165 182 165 
64 168 156 168 211 168 
65 194 33 194 268 194 
66 38 87 38 146 38 
67 272 120 272 270 272 
68 41 34 41 114 41 
69 66 71 183 260 143 
70 28 162 28 192 28 
71 236 216 236 132 236 
72 161 161 161 226 161 
73 230 170 230 34 230 
74 191 236 191 129 191 
75 266 202 266 209 266 
76 61 253 61 102 61 
77 24 189 24 184 24 
78 30 175 30 6 30 
79 267 262 267 246 267 
80 270 149 270 33 270 
81 255 203 255 269 255 
82 143 213 76 210 144 
83 46 6 46 115 46 
84 172 257 172 122 172 
85 118 59 118 240 118 
86 190 36 190 143 190 
87 72 230 72 111 72 
88 277 41 277 117 277 
89 34 154 34 152 34 
90 220 224 220 3 220 
91 182 243 182 164 71 
92 113 275 113 63 76 
93 246 246 246 131 246 
94 109 117 109 231 109 
95 125 79 125 44 125 
96 235 115 235 51 235 
97 240 240 240 49 240 
98 67 66 67 189 67 
99 51 144 213 61 145 
100 184 96 184 73 184 
101 166 55 166 62 166 
102 115 64 88 2 115 
103 50 209 50 18 50 
104 11 152 11 106 11 
105 112 247 94 92 159 
106 56 56 56 1 56 
107 79 2 79 36 79 
108 144 49 112 250 180 
109 164 234 164 154 164 
110 163 190 163 29 163 
111 77 229 77 27 77 
112 212 266 212 83 212 
113 3 222 3 258 3 
114 39 226 268 12 112 
115 171 11 171 162 171 
116 249 20 249 181 249 
117 111 111 111 272 111 
118 206 256 206 243 206 
119 243 14 243 256 243 
120 25 245 25 41 25 
121 101 86 101 119 101 
122 268 134 39 179 94 
123 154 271 154 157 154 
124 62 210 231 97 62 
125 233 197 233 60 233 
126 193 172 193 247 193 
127 257 193 257 222 257 
128 186 186 186 145 186 
129 19 206 19 165 19 
130 88 13 115 89 88 
131 231 82 62 136 231 
132 55 40 55 196 55 
133 90 254 90 82 90 
134 78 69 78 224 78 
135 138 215 180 218 181 
136 142 62 142 168 142 
137 95 228 95 4 95 
138 86 74 86 230 86 
139 26 26 26 173 26 
140 241 278 241 170 241 
141 45 45 45 241 45 
142 178 80 178 275 51 
143 1 148 1 225 1 
144 245 184 245 197 245 
145 135 48 135 84 135 
146 256 208 256 94 256 
147 4 110 4 38 29 
148 187 187 187 81 187 
149 209 207 209 149 209 
150 173 77 173 194 173 
151 152 73 152 193 152 
152 140 155 140 150 140 
153 116 128 116 96 116 
154 148 1 148 105 148 
155 83 237 83 187 83 
156 52 242 52 251 52 
157 239 239 239 59 239 
158 59 91 59 195 59 
159 123 78 123 21 123 
160 104 16 104 139 104 
161 238 113 238 244 238 
162 217 3 217 208 217 
163 2 125 2 227 2 
164 158 225 158 175 158 
165 117 157 117 110 117 
166 8 264 8 24 8 
167 122 122 122 239 122 
168 119 44 119 54 119 
169 242 52 242 172 242 
170 73 233 73 140 73 
171 273 223 273 10 273 
172 139 220 139 22 139 
173 221 217 221 17 221 
174 65 65 65 238 65 
175 60 277 60 113 60 
176 159 180 137 202 183 
177 137 181 138 266 195 
178 200 118 200 78 200 
179 114 204 114 116 114 
180 192 169 192 190 192 
181 120 179 120 216 120 
182 275 192 275 70 275 
183 146 127 146 264 146 
184 121 238 121 23 121 
185 20 249 20 261 20 
186 228 158 228 259 228 
187 176 151 176 201 176 
188 105 81 105 137 105 
189 189 133 189 95 189 
190 82 140 82 108 82 
191 48 188 48 118 48 
192 92 5 92 9 92 
193 36 153 36 67 36 
194 274 23 274 121 274 
195 219 105 219 77 219 
196 129 258 129 163 129 
197 108 101 108 271 108 
198 185 88 185 28 185 
199 35 126 35 166 35 
200 6 103 6 75 6 
201 63 214 63 198 63 
202 81 57 81 127 81 
203 276 24 276 158 276 
204 229 199 66 86 66 
205 14 85 14 98 14 
206 32 269 32 90 32 
207 103 265 103 232 103 
208 222 124 222 71 222 
209 7 7 7 19 7 
210 44 196 44 101 44 
211 58 135 58 255 58 
212 260 114 260 144 260 
213 278 241 278 134 278 
214 261 261 261 223 261 
215 265 38 265 35 265 
216 74 42 74 80 74 
217 80 178 80 161 80 
218 110 4 110 220 110 
219 237 160 237 40 237 
220 141 255 264 112 264 
221 167 25 167 236 167 
222 85 146 85 11 85 
223 33 276 33 228 33 
224 64 231 64 39 64 
225 197 92 197 155 197 
226 195 250 247 91 213 
227 183 251 141 32 215 
228 224 63 224 99 224 
229 128 221 128 53 128 
230 96 19 96 206 96 
231 157 109 157 68 157 
232 170 130 170 235 170 
233 5 171 5 128 5 
234 227 123 9 248 9 
235 15 58 15 20 15 
236 107 46 18 69 18 
237 215 104 21 257 21 
238 264 47 269 120 269 
239 213 227 144 31 227 
240 126 270 126 26 126 
241 262 22 262 253 262 
242 181 94 145 25 244 
243 68 75 68 174 68 
244 279 131 279 156 279 
245 271 164 271 178 271 
246 269 263 159 160 247 
247 27 27 27 16 27 
248 69 53 69 30 69 
249 10 67 10 74 10 
250 136 205 136 278 136 
251 259 32 259 141 259 
252 155 142 155 263 155 
253 124 116 124 169 124 
254 160 194 160 229 160 
255 70 70 70 148 70 
256 179 272 179 242 179 
257 97 37 97 50 97 
258 169 121 169 87 169 
259 102 102 102 8 102 
260 250 141 181 56 250 
261 31 129 31 58 31 
262 196 119 196 103 196 
263 223 15 223 126 223 
264 106 50 106 45 106 
265 43 17 43 138 43 
266 22 191 22 214 22 
267 247 143 263 85 251 
268 75 68 75 177 75 
269 205 90 205 205 205 
270 134 279 134 200 134 
271 216 173 216 147 216 
272 145 54 93 203 93 
273 263 183 143 276 263 
274 218 139 218 133 218 
275 199 212 199 64 199 
276 234 136 234 262 234 
277 153 176 153 79 153 
278 214 43 214 46 214 
279 258 166 258 279 258 
