***********************************
Experiment parameters:
Experiment results:
Permutations:
I U RANK QCV rand PATH 
1 179 96 4 47 13 
2 239 219 279 186 108 
3 8 216 232 180 8 
4 167 239 13 273 132 
5 20 136 20 176 20 
6 34 4 22 14 6 
7 25 243 25 135 25 
8 224 5 224 167 224 
9 254 230 254 267 254 
10 4 240 90 142 90 
11 78 151 78 234 78 
12 1 100 1 72 1 
13 142 147 142 245 142 
14 90 161 272 57 272 
15 63 140 63 66 212 
16 89 98 89 125 89 
17 173 127 173 207 173 
18 21 202 34 254 26 
19 29 186 29 171 29 
20 54 53 35 104 193 
21 240 58 240 5 240 
22 3 257 219 93 277 
23 65 171 65 65 65 
24 93 183 93 76 93 
25 158 109 158 15 158 
26 9 122 9 52 9 
27 111 146 111 151 111 
28 212 276 212 42 63 
29 138 156 138 185 138 
30 228 112 228 159 228 
31 100 59 100 274 100 
32 147 266 147 265 147 
33 18 204 18 100 18 
34 45 149 45 48 129 
35 52 52 52 217 52 
36 102 252 102 188 102 
37 196 126 196 107 196 
38 215 47 215 13 215 
39 44 31 44 55 44 
40 146 192 146 213 146 
41 274 54 274 199 274 
42 207 199 207 123 207 
43 14 255 14 221 14 
44 232 184 8 191 232 
45 140 97 140 153 140 
46 126 46 126 124 126 
47 136 271 136 183 136 
48 41 41 41 233 41 
49 74 179 167 204 268 
50 244 104 244 215 244 
51 213 20 213 237 213 
52 116 90 116 212 116 
53 256 111 256 37 256 
54 17 274 17 109 17 
55 47 166 47 7 47 
56 262 262 262 249 262 
57 69 55 179 219 74 
58 104 129 104 277 104 
59 81 77 81 43 81 
60 10 207 10 88 10 
61 51 51 51 130 51 
62 118 175 118 252 118 
63 83 172 83 182 83 
64 205 181 205 211 205 
65 64 19 64 268 64 
66 265 177 265 146 265 
67 88 115 88 270 88 
68 36 10 36 114 36 
69 35 35 53 260 96 
70 222 160 222 192 222 
71 125 272 125 132 125 
72 276 63 276 226 276 
73 123 76 123 34 123 
74 86 83 86 129 86 
75 66 121 66 209 66 
76 266 265 266 102 266 
77 56 211 56 184 56 
78 106 209 106 6 106 
79 58 275 58 246 58 
80 77 150 77 33 77 
81 119 30 119 269 119 
82 55 133 55 210 128 
83 259 213 259 115 259 
84 159 193 159 122 159 
85 171 26 171 240 171 
86 12 23 12 143 12 
87 165 99 165 111 165 
88 250 224 250 117 250 
89 130 66 130 152 130 
90 109 106 109 3 109 
91 26 223 26 164 34 
92 193 37 193 63 53 
93 273 244 273 131 273 
94 200 200 200 231 200 
95 120 191 120 44 120 
96 194 113 194 51 194 
97 168 168 168 49 168 
98 214 220 214 189 214 
99 96 13 69 61 133 
100 143 237 143 73 143 
101 261 142 261 62 261 
102 225 212 175 2 175 
103 187 198 187 18 187 
104 206 182 206 106 206 
105 186 167 203 92 149 
106 101 101 101 1 101 
107 208 94 208 36 208 
108 53 162 74 250 162 
109 98 233 98 154 98 
110 121 234 121 29 121 
111 201 28 201 27 201 
112 60 250 60 83 60 
113 269 145 269 258 269 
114 129 17 129 12 55 
115 82 206 82 162 82 
116 92 170 92 181 92 
117 278 229 278 272 278 
118 221 210 221 243 221 
119 223 56 223 256 223 
120 183 267 183 41 183 
121 230 70 230 119 230 
122 268 169 268 179 69 
123 234 263 234 157 234 
124 198 39 198 97 198 
125 145 270 145 60 145 
126 210 67 210 247 210 
127 67 84 67 222 67 
128 152 143 152 145 152 
129 103 93 103 165 103 
130 175 33 225 89 225 
131 33 187 33 136 33 
132 271 102 271 196 271 
133 260 25 260 82 260 
134 164 87 164 224 164 
135 133 251 257 218 167 
136 113 232 113 168 113 
137 46 81 46 4 46 
138 275 1 275 230 275 
139 148 217 148 173 148 
140 246 134 246 170 246 
141 191 120 191 241 191 
142 132 132 132 275 22 
143 19 79 19 225 19 
144 267 80 267 197 267 
145 180 130 180 84 180 
146 37 103 37 94 37 
147 108 108 108 38 4 
148 245 245 245 81 245 
149 155 153 155 149 155 
150 156 3 156 194 156 
151 124 82 124 193 124 
152 48 155 48 150 48 
153 68 242 68 96 68 
154 79 117 79 105 79 
155 151 249 151 187 151 
156 163 163 163 251 163 
157 115 178 115 59 115 
158 255 64 255 195 255 
159 87 173 87 21 87 
160 192 222 192 139 192 
161 80 152 80 244 80 
162 71 71 71 208 71 
163 94 208 94 227 94 
164 227 196 227 175 227 
165 154 68 154 110 154 
166 169 62 169 24 169 
167 61 61 61 239 61 
168 24 148 24 54 24 
169 189 189 189 172 189 
170 270 141 270 140 270 
171 23 42 23 10 23 
172 49 105 49 22 49 
173 2 154 2 17 2 
174 235 235 235 238 235 
175 135 135 135 113 135 
176 128 69 96 202 179 
177 162 45 202 266 188 
178 117 72 117 78 117 
179 157 21 157 116 157 
180 204 144 204 190 204 
181 11 88 11 216 11 
182 144 159 144 70 144 
183 137 110 137 264 137 
184 237 18 237 23 237 
185 177 114 177 261 177 
186 31 157 31 259 31 
187 176 60 176 201 176 
188 40 44 40 137 40 
189 110 65 110 95 110 
190 153 165 153 108 153 
191 243 185 243 118 243 
192 195 107 195 9 195 
193 220 29 220 67 220 
194 32 27 32 121 32 
195 150 9 150 77 150 
196 252 277 252 163 252 
197 28 201 28 271 28 
198 184 194 184 28 184 
199 15 227 15 166 15 
200 112 158 112 75 112 
201 209 228 209 198 209 
202 22 75 21 127 21 
203 229 78 229 158 229 
204 272 36 186 86 186 
205 249 131 249 98 249 
206 181 215 181 90 181 
207 114 139 114 232 114 
208 190 2 190 71 190 
209 139 85 139 19 139 
210 16 24 16 101 16 
211 185 180 185 255 185 
212 264 15 264 144 264 
213 134 246 134 134 134 
214 174 174 174 223 174 
215 170 92 170 35 170 
216 59 164 59 80 59 
217 197 197 197 161 197 
218 38 38 38 220 38 
219 218 137 218 40 218 
220 13 273 54 112 54 
221 43 32 43 236 43 
222 211 278 211 11 211 
223 72 14 72 228 72 
224 39 8 39 39 39 
225 182 124 182 155 182 
226 202 128 128 91 202 
227 253 74 258 32 203 
228 236 57 236 99 236 
229 107 269 107 53 107 
230 27 221 27 206 27 
231 50 50 50 68 50 
232 97 118 97 235 97 
233 242 195 242 128 242 
234 219 205 248 248 248 
235 73 214 73 20 73 
236 95 261 95 69 95 
237 149 248 172 257 172 
238 172 86 253 120 253 
239 188 34 188 31 219 
240 75 40 75 26 75 
241 160 254 160 253 160 
242 203 22 239 25 239 
243 238 247 238 174 238 
244 62 119 62 156 62 
245 42 73 42 178 42 
246 251 258 149 160 251 
247 91 91 91 16 91 
248 161 253 161 30 161 
249 233 6 233 74 233 
250 226 226 226 278 226 
251 257 256 3 141 3 
252 99 123 99 263 99 
253 141 190 141 169 141 
254 131 218 131 229 131 
255 7 7 7 148 7 
256 178 11 178 242 178 
257 166 116 166 50 166 
258 84 43 84 87 84 
259 122 264 122 8 122 
260 279 203 251 56 257 
261 85 236 85 58 85 
262 217 16 217 103 217 
263 6 12 6 126 35 
264 76 48 76 45 76 
265 277 49 277 138 45 
266 127 125 127 214 127 
267 248 279 162 85 258 
268 247 238 247 177 247 
269 5 89 5 205 5 
270 30 268 30 200 30 
271 70 138 70 147 70 
272 216 225 216 203 216 
273 258 188 133 276 279 
274 57 241 57 133 57 
275 199 231 199 64 199 
276 231 176 231 262 231 
277 263 260 263 79 263 
278 241 259 241 46 241 
279 105 95 105 279 105 
