***********************************
Experiment parameters:
Experiment results:
Permutations:
I U RANK QCV rand PATH 
1 207 217 2 47 2 
2 172 2 221 186 19 
3 6 269 6 180 244 
4 181 130 217 273 41 
5 78 78 78 176 78 
6 72 200 19 14 53 
7 8 38 8 135 8 
8 60 182 60 167 60 
9 151 160 151 267 151 
10 112 245 112 142 112 
11 208 22 208 234 208 
12 19 254 233 72 233 
13 155 264 155 245 155 
14 157 120 157 57 157 
15 166 166 166 66 166 
16 158 1 158 125 158 
17 131 24 131 207 131 
18 25 127 276 254 62 
19 226 238 226 171 226 
20 63 161 181 104 63 
21 81 150 81 5 81 
22 53 171 41 93 87 
23 70 194 70 65 70 
24 54 212 54 76 54 
25 153 11 153 15 153 
26 148 190 148 52 148 
27 93 151 93 151 93 
28 235 76 235 42 235 
29 15 114 15 185 15 
30 113 183 113 159 113 
31 252 100 252 274 252 
32 242 174 242 265 242 
33 58 42 58 100 58 
34 41 181 265 48 95 
35 260 193 260 217 260 
36 174 92 174 188 174 
37 79 232 79 107 79 
38 24 274 24 13 24 
39 190 154 190 55 190 
40 160 112 160 213 160 
41 28 9 28 199 28 
42 43 241 43 123 43 
43 195 149 195 221 195 
44 244 216 244 191 6 
45 76 89 76 153 76 
46 271 148 271 124 271 
47 3 196 3 183 3 
48 222 222 222 233 222 
49 161 265 53 204 101 
50 21 220 21 215 21 
51 192 37 192 237 192 
52 10 236 10 212 10 
53 12 252 12 37 12 
54 220 25 220 109 220 
55 214 12 214 7 214 
56 277 277 277 249 277 
57 87 95 223 219 123 
58 201 18 201 277 201 
59 270 167 270 43 270 
60 29 60 29 88 29 
61 177 6 177 130 177 
62 108 7 108 252 108 
63 150 256 150 182 150 
64 262 262 262 211 262 
65 249 188 249 268 249 
66 57 110 57 146 57 
67 16 143 16 270 16 
68 56 230 56 114 56 
69 136 276 62 260 127 
70 120 131 120 192 120 
71 133 140 133 132 133 
72 193 49 193 226 193 
73 96 177 96 34 96 
74 236 47 236 129 236 
75 230 169 230 209 230 
76 92 117 92 102 92 
77 227 195 227 184 227 
78 4 113 4 6 4 
79 237 162 237 246 237 
80 134 94 134 33 134 
81 23 201 23 269 23 
82 100 221 123 210 130 
83 37 82 37 115 37 
84 258 203 258 122 258 
85 198 35 198 240 198 
86 36 185 36 143 36 
87 52 178 52 111 52 
88 137 29 137 117 137 
89 86 253 86 152 86 
90 175 268 175 3 175 
91 22 14 22 164 22 
92 212 240 212 63 212 
93 88 184 88 131 88 
94 40 173 40 231 40 
95 71 199 71 44 71 
96 273 235 273 51 273 
97 51 51 51 49 51 
98 253 224 253 189 253 
99 62 123 101 61 136 
100 129 55 129 73 129 
101 263 263 263 62 263 
102 33 244 132 2 33 
103 218 121 218 18 218 
104 176 147 176 106 176 
105 130 62 63 92 161 
106 46 46 46 1 46 
107 106 71 106 36 106 
108 101 101 200 250 171 
109 119 125 119 154 119 
110 69 243 69 29 69 
111 245 233 245 27 245 
112 185 279 185 83 185 
113 179 179 179 258 179 
114 9 28 267 12 267 
115 173 176 173 162 173 
116 11 3 11 181 11 
117 202 73 202 272 202 
118 275 231 275 243 275 
119 188 249 188 256 188 
120 203 65 203 41 203 
121 162 93 162 119 162 
122 267 23 9 179 9 
123 20 43 20 157 20 
124 255 250 255 97 250 
125 135 210 135 60 135 
126 99 118 99 247 99 
127 240 275 240 222 240 
128 5 107 5 145 5 
129 55 129 55 165 55 
130 132 255 33 89 132 
131 250 34 250 136 255 
132 196 4 196 196 196 
133 241 36 241 82 241 
134 115 72 115 224 115 
135 123 53 87 218 172 
136 7 33 7 168 7 
137 144 79 144 4 144 
138 140 74 140 230 140 
139 219 75 219 173 219 
140 228 215 228 170 228 
141 199 106 199 241 199 
142 213 128 213 275 213 
143 98 77 98 225 98 
144 163 58 163 197 163 
145 224 187 224 84 224 
146 42 5 42 94 42 
147 164 247 164 38 164 
148 266 266 266 81 266 
149 121 85 121 149 121 
150 74 81 74 194 74 
151 261 40 261 193 261 
152 49 139 49 150 49 
153 278 225 278 96 278 
154 194 70 194 105 194 
155 149 202 149 187 149 
156 80 80 80 251 80 
157 26 16 26 59 26 
158 31 208 31 195 31 
159 204 84 204 21 204 
160 102 32 102 139 102 
161 107 61 107 244 107 
162 116 116 116 208 116 
163 234 234 234 227 234 
164 168 168 168 175 168 
165 45 135 45 110 45 
166 18 88 18 24 18 
167 68 68 68 239 68 
168 17 219 17 54 17 
169 48 13 48 172 48 
170 50 206 50 140 50 
171 90 56 90 10 90 
172 170 57 170 22 170 
173 210 146 210 17 210 
174 143 124 143 238 143 
175 182 158 182 113 182 
176 223 207 95 202 180 
177 171 172 180 266 181 
178 109 227 109 78 109 
179 94 271 94 116 94 
180 118 99 118 190 118 
181 124 26 124 216 124 
182 61 163 61 70 61 
183 257 109 257 264 257 
184 231 191 231 23 231 
185 268 251 268 261 268 
186 232 104 232 259 232 
187 64 165 64 201 64 
188 167 144 167 137 167 
189 152 152 152 95 152 
190 216 218 216 108 216 
191 243 197 243 118 243 
192 105 105 105 9 105 
193 229 44 229 67 229 
194 191 103 191 121 191 
195 186 270 186 77 186 
196 66 97 66 163 66 
197 32 237 32 271 32 
198 89 260 89 28 89 
199 27 134 27 166 27 
200 110 272 110 75 110 
201 272 153 272 198 272 
202 59 186 59 127 59 
203 83 83 83 158 83 
204 95 64 197 86 197 
205 35 98 35 98 35 
206 239 239 239 90 239 
207 211 159 211 232 211 
208 225 248 225 71 225 
209 251 242 251 19 251 
210 246 246 246 101 246 
211 1 141 1 255 44 
212 154 27 154 144 154 
213 215 228 215 134 215 
214 13 48 13 223 13 
215 67 175 67 35 67 
216 126 157 126 80 126 
217 128 213 128 161 128 
218 247 39 247 220 247 
219 97 257 77 40 77 
220 77 21 25 112 25 
221 65 258 65 236 65 
222 73 31 73 11 73 
223 14 198 14 228 14 
224 178 108 178 39 178 
225 147 50 147 155 147 
226 189 19 136 91 189 
227 217 189 161 32 200 
228 82 66 82 99 82 
229 146 261 146 53 146 
230 259 259 259 206 259 
231 206 45 206 68 206 
232 139 52 139 235 139 
233 248 278 248 128 248 
234 256 15 100 248 256 
235 125 69 125 20 125 
236 233 170 97 69 97 
237 180 204 256 257 100 
238 127 209 72 120 72 
239 2 180 127 31 207 
240 104 142 104 26 104 
241 84 10 84 253 84 
242 276 41 171 25 217 
243 138 145 138 174 138 
244 184 122 184 156 184 
245 38 86 38 178 38 
246 200 63 172 160 221 
247 39 164 39 16 39 
248 114 102 114 30 114 
249 165 8 165 74 165 
250 238 226 238 278 238 
251 254 115 254 141 254 
252 34 96 34 263 34 
253 156 156 156 169 156 
254 111 111 111 229 111 
255 91 91 91 148 91 
256 205 205 205 242 205 
257 274 126 274 50 274 
258 103 54 103 87 103 
259 142 59 142 8 142 
260 197 223 207 56 223 
261 183 155 183 58 183 
262 75 17 75 103 75 
263 169 20 169 126 169 
264 85 132 85 45 85 
265 30 192 30 138 30 
266 209 133 209 214 209 
267 221 87 130 85 265 
268 145 138 145 177 145 
269 187 90 187 205 187 
270 122 267 122 200 122 
271 47 214 47 147 47 
272 269 273 269 203 269 
273 265 136 189 276 276 
274 159 211 159 133 159 
275 279 119 279 64 279 
276 44 137 44 262 1 
277 141 229 141 79 141 
278 117 67 117 46 117 
279 264 30 264 279 264 
