***********************************
Experiment parameters:
Experiment results:
Permutations:
I U RANK QCV rand PATH 
1 262 128 110 47 160 
2 110 9 122 186 122 
3 62 188 45 180 45 
4 170 96 78 273 38 
5 259 220 113 176 144 
6 101 19 241 14 113 
7 123 174 253 135 108 
8 44 31 135 167 135 
9 86 55 150 267 164 
10 175 1 213 142 112 
11 135 2 104 234 55 
12 63 83 109 72 109 
13 264 74 54 245 110 
14 5 50 180 57 180 
15 171 3 259 66 193 
16 65 54 49 125 49 
17 32 202 220 207 220 
18 136 35 105 254 105 
19 279 176 160 171 136 
20 244 69 200 104 253 
21 85 153 218 5 221 
22 187 156 3 93 73 
23 234 81 106 65 106 
24 125 6 39 76 39 
25 3 232 234 15 234 
26 209 88 245 52 172 
27 45 107 139 151 139 
28 254 7 55 42 154 
29 154 8 64 185 8 
30 179 175 50 159 50 
31 183 210 188 274 188 
32 212 270 127 265 127 
33 109 167 108 100 178 
34 216 84 87 48 83 
35 140 184 66 217 107 
36 90 219 151 188 54 
37 11 265 172 107 11 
38 255 135 255 13 255 
39 26 157 193 55 170 
40 184 222 59 213 59 
41 206 11 80 199 200 
42 177 249 182 123 182 
43 178 140 174 221 25 
44 39 212 260 191 260 
45 265 258 43 153 43 
46 211 66 264 124 17 
47 275 163 28 183 28 
48 151 260 81 233 81 
49 199 226 192 204 267 
50 36 223 32 215 32 
51 126 144 84 237 84 
52 72 225 209 212 209 
53 40 177 76 37 76 
54 27 118 69 109 33 
55 46 47 203 7 203 
56 8 234 199 249 199 
57 81 231 185 219 185 
58 277 123 91 277 91 
59 94 46 206 43 206 
60 269 198 214 88 214 
61 16 52 191 130 191 
62 232 195 272 252 41 
63 176 64 77 182 77 
64 67 193 246 211 174 
65 215 48 278 268 278 
66 76 122 217 146 217 
67 229 181 195 270 195 
68 241 82 38 114 60 
69 132 227 95 260 95 
70 235 120 227 192 227 
71 68 45 210 132 210 
72 79 115 177 226 177 
73 7 279 5 34 5 
74 220 5 279 129 279 
75 225 106 212 209 212 
76 150 111 86 102 86 
77 1 15 10 184 10 
78 272 152 98 6 201 
79 128 244 158 246 158 
80 71 155 143 33 143 
81 134 49 68 269 68 
82 271 255 222 210 222 
83 130 58 208 115 208 
84 155 101 269 122 231 
85 54 267 205 240 225 
86 59 70 201 143 82 
87 116 56 132 111 132 
88 180 241 274 117 150 
89 226 17 189 152 228 
90 24 105 35 3 35 
91 219 233 277 164 277 
92 121 24 173 63 173 
93 207 264 156 131 21 
94 143 269 118 231 118 
95 188 13 79 44 79 
96 82 59 120 51 120 
97 98 72 71 49 71 
98 83 197 8 189 75 
99 108 40 266 61 266 
100 152 274 230 73 230 
101 133 113 243 62 243 
102 51 200 126 2 261 
103 238 131 170 18 264 
104 87 16 16 106 16 
105 266 239 252 92 252 
106 13 235 236 1 236 
107 25 205 2 36 2 
108 139 259 61 250 61 
109 48 236 258 154 166 
110 227 12 124 29 124 
111 203 89 119 27 119 
112 174 108 18 83 18 
113 214 185 138 258 138 
114 91 102 100 12 100 
115 49 190 92 162 92 
116 201 172 1 181 1 
117 92 229 211 272 211 
118 224 112 271 243 271 
119 182 196 94 256 94 
120 127 129 115 41 115 
121 243 238 21 119 238 
122 223 240 24 179 24 
123 173 87 268 157 268 
124 6 154 225 97 3 
125 117 268 136 60 87 
126 119 18 133 247 133 
127 118 214 198 222 198 
128 120 171 46 145 46 
129 146 247 153 165 153 
130 66 213 41 89 175 
131 142 189 82 136 69 
132 14 139 263 196 263 
133 218 22 52 82 52 
134 190 252 239 224 239 
135 115 57 57 218 57 
136 58 91 123 168 123 
137 240 119 250 4 250 
138 78 242 162 230 162 
139 172 21 247 173 6 
140 18 71 72 170 72 
141 74 65 65 241 65 
142 195 53 53 275 53 
143 61 121 101 225 90 
144 242 68 149 197 149 
145 250 51 51 84 51 
146 73 73 228 94 98 
147 124 4 4 38 4 
148 138 272 179 81 179 
149 200 26 26 149 26 
150 248 277 103 194 103 
151 261 204 85 193 85 
152 268 23 23 150 23 
153 147 160 70 96 70 
154 263 261 248 105 248 
155 168 76 190 187 190 
156 230 194 134 251 129 
157 197 216 125 59 125 
158 131 148 148 195 148 
159 29 208 89 21 89 
160 103 42 42 139 42 
161 84 127 11 244 29 
162 237 151 161 208 121 
163 231 62 93 227 93 
164 34 75 13 175 19 
165 181 209 88 110 88 
166 276 207 107 24 165 
167 137 180 137 239 137 
168 251 29 215 54 215 
169 100 147 145 172 226 
170 270 161 29 140 247 
171 112 30 6 10 156 
172 12 117 7 22 7 
173 163 179 267 17 202 
174 43 93 249 238 249 
175 166 104 34 113 34 
176 233 186 186 202 186 
177 4 168 14 266 14 
178 70 237 235 78 235 
179 245 211 155 116 155 
180 111 251 221 190 30 
181 107 27 27 216 27 
182 55 34 19 70 13 
183 97 201 270 264 270 
184 185 25 97 23 171 
185 156 90 181 261 181 
186 52 218 231 259 97 
187 104 159 144 201 251 
188 53 10 232 137 232 
189 38 38 175 95 241 
190 249 39 165 108 147 
191 153 77 157 118 157 
192 20 130 261 9 80 
193 106 32 240 67 240 
194 114 41 129 121 218 
195 247 245 17 77 134 
196 19 33 154 163 64 
197 204 103 233 271 233 
198 9 28 163 28 163 
199 205 149 183 166 183 
200 164 43 164 75 104 
201 69 248 257 198 189 
202 102 133 83 127 176 
203 22 36 262 158 145 
204 273 228 256 86 111 
205 221 215 178 98 66 
206 228 126 121 90 161 
207 122 199 187 232 187 
208 144 271 238 71 219 
209 57 14 223 19 223 
210 213 141 141 101 141 
211 210 44 44 255 44 
212 93 246 147 144 114 
213 159 98 251 134 213 
214 56 142 25 223 169 
215 267 166 60 35 258 
216 158 109 152 80 184 
217 157 78 202 161 78 
218 30 79 226 220 245 
219 257 145 142 40 269 
220 145 256 166 112 272 
221 194 100 102 236 102 
222 198 257 90 11 274 
223 162 278 48 228 48 
224 10 95 216 39 216 
225 80 97 265 155 67 
226 28 138 56 91 56 
227 31 63 22 32 22 
228 191 275 275 99 275 
229 239 192 176 53 246 
230 60 253 30 206 151 
231 274 80 207 68 126 
232 96 165 197 235 101 
233 64 169 276 128 259 
234 47 60 67 248 197 
235 193 94 75 20 192 
236 129 61 117 69 117 
237 35 262 33 257 256 
238 169 170 73 120 257 
239 17 114 159 31 159 
240 33 92 219 26 205 
241 37 158 128 253 128 
242 95 132 112 25 36 
243 42 162 40 174 40 
244 278 187 58 156 58 
245 141 263 131 178 131 
246 167 276 36 160 262 
247 148 20 9 16 9 
248 15 67 184 30 276 
249 75 150 171 74 152 
250 256 243 114 278 265 
251 105 110 169 141 207 
252 23 182 62 263 62 
253 160 85 204 169 204 
254 252 266 74 229 74 
255 149 250 15 148 15 
256 41 173 168 242 168 
257 77 99 99 50 99 
258 222 224 224 87 224 
259 208 124 12 8 12 
260 99 137 244 56 244 
261 161 191 20 58 20 
262 2 143 229 103 229 
263 88 134 194 126 194 
264 258 136 167 45 167 
265 89 206 140 138 140 
266 253 217 63 214 63 
267 196 230 196 85 196 
268 202 37 146 177 146 
269 192 183 242 205 242 
270 50 125 31 200 31 
271 21 273 237 147 237 
272 165 164 273 203 273 
273 186 178 96 276 96 
274 189 203 47 133 47 
275 236 221 130 64 130 
276 217 116 116 262 116 
277 113 146 37 79 37 
278 260 254 254 46 254 
279 246 86 111 279 142 
