***********************************
Experiment parameters:
Experiment results:
Permutations:
I U RANK QCV rand PATH 
1 274 231 8 47 51 
2 261 261 190 186 85 
3 24 132 24 180 153 
4 138 274 207 273 265 
5 120 134 120 176 120 
6 160 271 179 14 255 
7 176 236 176 135 176 
8 19 38 19 167 19 
9 46 200 46 267 46 
10 107 230 192 142 192 
11 148 3 148 234 148 
12 2 107 2 72 2 
13 77 157 77 245 77 
14 192 114 107 57 107 
15 35 49 41 66 41 
16 22 88 22 125 22 
17 122 116 122 207 122 
18 51 190 231 254 133 
19 228 131 228 171 228 
20 70 119 229 104 227 
21 225 140 225 5 225 
22 8 92 47 93 236 
23 3 234 3 65 3 
24 1 264 1 76 1 
25 45 222 45 15 45 
26 100 5 100 52 100 
27 200 193 200 151 200 
28 41 277 35 42 35 
29 74 75 74 185 74 
30 177 77 177 159 177 
31 75 91 75 274 75 
32 82 240 82 265 82 
33 39 27 39 100 39 
34 67 8 51 48 250 
35 251 54 251 217 251 
36 248 79 248 188 248 
37 112 21 112 107 112 
38 188 4 188 13 188 
39 65 210 65 55 65 
40 269 233 269 213 269 
41 171 250 171 199 171 
42 56 71 56 123 56 
43 30 239 30 221 30 
44 153 55 153 191 24 
45 73 24 73 153 73 
46 21 149 21 124 21 
47 40 86 40 183 40 
48 17 17 17 233 17 
49 47 47 259 204 109 
50 215 171 215 215 215 
51 222 247 222 237 222 
52 68 68 68 212 68 
53 252 237 252 37 252 
54 165 253 165 109 165 
55 4 94 4 7 4 
56 95 95 95 249 95 
57 231 226 59 219 119 
58 173 165 173 277 173 
59 118 183 118 43 118 
60 224 81 224 88 224 
61 34 12 34 130 34 
62 276 276 276 252 276 
63 233 195 233 182 233 
64 94 202 94 211 94 
65 168 10 168 268 168 
66 79 275 79 146 79 
67 26 26 26 270 26 
68 139 13 139 114 139 
69 92 178 67 260 121 
70 208 225 208 192 208 
71 268 235 268 132 268 
72 87 73 87 226 87 
73 111 153 111 34 111 
74 37 268 37 129 37 
75 88 128 88 209 88 
76 147 279 147 102 147 
77 146 198 146 184 146 
78 42 96 42 6 42 
79 31 252 31 246 31 
80 113 197 113 33 113 
81 232 215 232 269 232 
82 193 142 261 210 129 
83 134 130 134 115 134 
84 33 36 33 122 33 
85 244 30 244 240 244 
86 209 18 209 143 209 
87 151 189 151 111 151 
88 110 19 110 117 110 
89 128 78 128 152 128 
90 247 167 247 3 247 
91 255 58 255 164 59 
92 133 39 133 63 70 
93 141 238 141 131 141 
94 258 72 258 231 258 
95 156 166 156 44 156 
96 212 34 212 51 212 
97 185 185 185 49 185 
98 123 123 123 189 123 
99 121 207 70 61 142 
100 163 270 163 73 163 
101 50 29 50 62 50 
102 89 41 54 2 89 
103 243 28 243 18 243 
104 32 53 32 106 32 
105 183 229 92 92 143 
106 117 117 117 1 117 
107 166 126 166 36 166 
108 129 67 274 250 178 
109 78 203 78 154 78 
110 13 209 13 29 13 
111 235 160 235 27 235 
112 103 110 103 83 103 
113 184 258 184 258 184 
114 227 101 227 12 104 
115 72 32 72 162 72 
116 279 147 279 181 279 
117 234 148 234 272 234 
118 219 219 219 243 219 
119 182 145 182 256 182 
120 144 152 144 41 144 
121 108 192 108 119 108 
122 250 232 250 179 92 
123 161 224 161 157 161 
124 214 111 55 97 55 
125 278 257 278 60 278 
126 217 163 217 247 217 
127 242 1 242 222 242 
128 127 172 127 145 127 
129 246 256 246 165 246 
130 54 62 89 89 54 
131 55 273 214 136 214 
132 130 43 130 196 130 
133 9 22 9 82 9 
134 230 7 230 224 230 
135 109 59 271 218 179 
136 189 154 189 168 189 
137 220 170 220 4 220 
138 191 25 191 230 191 
139 180 194 180 173 180 
140 63 218 63 170 63 
141 126 156 126 241 126 
142 265 76 265 275 47 
143 64 146 64 225 64 
144 57 127 57 197 57 
145 71 103 71 84 71 
146 213 57 213 94 213 
147 85 85 85 38 8 
148 164 164 164 81 164 
149 49 212 49 149 49 
150 25 31 25 194 25 
151 80 11 80 193 80 
152 62 35 62 150 62 
153 257 60 257 96 257 
154 266 162 266 105 266 
155 10 244 10 187 10 
156 158 169 158 251 158 
157 15 15 15 59 15 
158 115 249 115 195 115 
159 140 37 140 21 140 
160 237 46 237 139 237 
161 172 133 172 244 172 
162 66 66 66 208 66 
163 254 254 254 227 254 
164 210 105 210 175 210 
165 150 80 150 110 150 
166 253 227 253 24 253 
167 102 102 102 239 102 
168 93 93 93 54 93 
169 169 158 169 172 169 
170 23 223 23 140 23 
171 106 228 106 10 106 
172 52 206 52 22 52 
173 223 184 223 17 223 
174 201 201 201 238 201 
175 187 161 187 113 187 
176 226 259 104 202 190 
177 104 51 121 266 204 
178 145 64 145 78 145 
179 5 199 5 116 5 
180 27 196 27 190 27 
181 137 137 137 216 137 
182 270 144 270 70 270 
183 239 115 239 264 239 
184 264 213 264 23 264 
185 275 82 275 261 275 
186 105 124 105 259 105 
187 81 262 81 201 81 
188 216 118 216 137 216 
189 58 267 58 95 58 
190 273 214 273 108 273 
191 263 263 263 118 263 
192 99 16 99 9 99 
193 98 44 98 67 98 
194 196 242 196 121 196 
195 199 65 199 77 199 
196 221 248 221 163 221 
197 159 138 159 271 159 
198 28 243 28 28 28 
199 149 100 149 166 149 
200 14 40 14 75 14 
201 206 52 206 198 206 
202 101 220 183 127 183 
203 162 168 162 158 162 
204 61 176 61 86 61 
205 198 181 198 98 198 
206 202 155 202 90 202 
207 96 14 96 232 96 
208 11 278 11 71 11 
209 240 42 240 19 240 
210 211 211 211 101 135 
211 135 6 135 255 211 
212 197 216 197 144 197 
213 218 63 218 134 218 
214 84 84 84 223 84 
215 260 45 260 35 260 
216 155 159 155 80 155 
217 76 265 76 161 76 
218 69 48 69 220 69 
219 249 266 249 40 249 
220 59 173 101 112 101 
221 36 217 36 236 36 
222 267 255 267 11 267 
223 181 182 181 228 181 
224 277 251 277 39 277 
225 53 20 53 155 53 
226 143 70 109 91 207 
227 190 121 119 32 226 
228 157 50 157 99 157 
229 16 99 16 53 16 
230 152 33 152 206 152 
231 175 23 175 68 175 
232 132 136 132 235 132 
233 20 175 20 128 20 
234 204 208 138 248 138 
235 18 56 18 20 18 
236 241 177 241 69 241 
237 142 74 160 257 160 
238 119 188 193 120 193 
239 207 129 129 31 229 
240 170 112 170 26 170 
241 272 269 272 253 272 
242 178 109 226 25 231 
243 125 205 125 174 125 
244 238 141 238 156 238 
245 131 61 131 178 131 
246 179 143 142 160 259 
247 48 69 48 16 48 
248 195 2 195 30 195 
249 262 139 262 74 262 
250 44 9 44 278 44 
251 116 272 116 141 116 
252 12 151 12 263 12 
253 60 150 60 169 60 
254 186 186 186 229 186 
255 245 245 245 148 245 
256 97 97 97 242 97 
257 7 108 7 50 7 
258 256 246 256 87 256 
259 124 113 124 8 124 
260 229 104 143 56 261 
261 83 221 83 58 83 
262 194 180 194 103 194 
263 6 187 6 126 6 
264 136 87 136 45 136 
265 86 260 86 138 86 
266 91 122 91 214 91 
267 271 179 178 85 271 
268 205 125 205 177 205 
269 90 90 90 205 90 
270 174 174 174 200 174 
271 114 191 114 147 114 
272 154 89 154 203 154 
273 259 204 204 276 274 
274 167 241 167 133 167 
275 38 98 38 64 38 
276 236 106 236 262 67 
277 203 135 203 79 203 
278 29 120 29 46 29 
279 43 83 43 279 43 
