***********************************
Experiment parameters:
Experiment results:
Permutations:
I U RANK QCV rand PATH 
1 258 177 1 47 53 
2 124 150 2 186 152 
3 89 170 3 180 223 
4 80 243 4 273 240 
5 42 229 5 176 89 
6 115 245 6 14 190 
7 245 174 7 135 4 
8 174 267 8 167 156 
9 241 162 9 267 234 
10 224 1 10 142 63 
11 108 2 11 234 201 
12 189 253 12 72 117 
13 114 156 13 245 249 
14 200 18 14 57 32 
15 149 3 15 66 9 
16 267 44 16 125 128 
17 161 224 17 207 105 
18 154 83 18 254 129 
19 244 263 19 171 18 
20 225 68 20 104 241 
21 159 153 21 5 29 
22 256 152 22 93 101 
23 120 261 23 65 266 
24 73 7 24 76 74 
25 226 228 25 15 126 
26 27 86 26 52 195 
27 261 97 27 151 174 
28 213 8 28 42 210 
29 262 4 29 185 65 
30 266 179 30 159 251 
31 129 256 31 274 213 
32 2 252 32 265 88 
33 50 191 33 100 233 
34 212 231 34 48 36 
35 64 158 35 217 70 
36 268 144 36 188 244 
37 93 84 37 107 143 
38 96 24 38 13 209 
39 277 155 39 55 84 
40 119 41 40 213 41 
41 116 235 41 199 146 
42 6 241 42 123 205 
43 208 135 43 221 236 
44 181 278 44 191 91 
45 63 242 45 153 232 
46 102 11 46 124 48 
47 111 147 47 183 264 
48 157 129 48 233 182 
49 163 277 49 204 14 
50 5 254 50 215 169 
51 55 145 51 237 229 
52 30 244 52 212 263 
53 28 12 53 37 15 
54 175 104 54 109 56 
55 197 239 55 7 202 
56 182 126 56 249 157 
57 142 232 57 219 160 
58 91 71 58 277 38 
59 205 168 59 43 253 
60 123 78 60 88 276 
61 133 188 61 130 81 
62 254 205 62 252 13 
63 107 101 63 182 265 
64 59 173 64 211 77 
65 18 222 65 268 54 
66 60 200 66 146 85 
67 253 184 67 270 271 
68 223 176 68 114 230 
69 52 246 69 260 20 
70 85 128 70 192 267 
71 34 223 71 132 170 
72 264 136 72 226 52 
73 12 116 73 34 255 
74 176 98 74 129 17 
75 43 67 75 209 261 
76 117 157 76 102 61 
77 23 202 77 184 55 
78 113 143 78 6 86 
79 168 258 79 246 153 
80 148 187 80 33 67 
81 170 5 81 269 221 
82 211 20 82 210 24 
83 132 106 83 115 214 
84 1 189 84 122 184 
85 44 121 85 240 186 
86 105 69 86 143 151 
87 227 63 87 111 215 
88 121 105 88 117 162 
89 190 154 89 152 102 
90 106 226 90 3 187 
91 88 42 91 164 62 
92 275 181 92 63 254 
93 194 119 93 131 1 
94 140 271 94 231 252 
95 70 117 95 44 119 
96 145 264 96 51 219 
97 136 279 97 49 270 
98 146 192 98 189 167 
99 246 197 99 61 5 
100 13 57 100 73 277 
101 54 109 101 62 16 
102 90 70 102 2 144 
103 19 172 103 18 60 
104 4 159 104 106 208 
105 204 17 105 92 98 
106 152 230 106 1 127 
107 164 185 107 36 40 
108 171 266 108 250 243 
109 16 72 109 154 82 
110 127 250 110 29 92 
111 38 55 111 27 10 
112 259 89 112 83 121 
113 218 180 113 258 148 
114 101 194 114 12 59 
115 72 247 115 162 164 
116 270 171 116 181 218 
117 198 274 117 272 198 
118 35 111 118 243 7 
119 98 199 119 256 107 
120 84 237 120 41 279 
121 7 236 121 119 211 
122 193 95 122 179 181 
123 234 102 123 157 150 
124 69 123 124 97 259 
125 94 204 125 60 47 
126 236 186 126 247 135 
127 22 276 127 222 78 
128 257 268 128 145 50 
129 26 227 129 165 111 
130 196 142 130 89 258 
131 278 82 131 136 145 
132 214 233 132 196 207 
133 83 127 133 82 136 
134 247 270 134 224 87 
135 33 108 135 218 108 
136 41 59 136 168 194 
137 169 73 137 4 239 
138 141 43 138 230 203 
139 3 190 139 173 231 
140 209 65 140 170 30 
141 40 22 141 241 22 
142 276 257 142 275 71 
143 32 206 143 225 80 
144 221 196 144 197 44 
145 239 87 145 84 125 
146 187 138 146 94 193 
147 177 132 147 38 132 
148 199 14 148 81 199 
149 67 141 149 149 106 
150 10 208 150 194 159 
151 128 164 151 193 204 
152 162 26 152 150 269 
153 206 161 153 96 225 
154 178 225 154 105 179 
155 135 137 155 187 12 
156 150 15 156 251 237 
157 53 219 157 59 23 
158 272 275 158 195 275 
159 203 112 159 21 138 
160 166 93 160 139 93 
161 95 124 161 244 33 
162 243 160 162 208 94 
163 66 64 163 227 227 
164 82 74 164 175 99 
165 45 56 165 110 124 
166 240 28 166 24 176 
167 87 29 167 239 238 
168 78 218 168 54 189 
169 100 165 169 172 25 
170 112 163 170 140 79 
171 77 31 171 10 11 
172 232 251 172 22 114 
173 147 32 173 17 34 
174 153 90 174 238 245 
175 9 99 175 113 142 
176 188 178 176 202 178 
177 24 212 177 266 118 
178 273 148 178 78 51 
179 179 91 179 116 274 
180 8 33 180 190 57 
181 56 255 181 216 73 
182 172 34 182 70 21 
183 131 265 183 264 58 
184 76 25 184 23 188 
185 248 88 185 261 163 
186 99 220 186 259 31 
187 118 36 187 201 248 
188 139 6 188 137 139 
189 228 100 189 95 130 
190 269 40 190 108 2 
191 231 76 191 118 46 
192 144 183 192 9 134 
193 207 169 193 67 95 
194 31 115 194 121 168 
195 217 193 195 77 220 
196 75 27 196 163 69 
197 68 62 197 271 42 
198 195 213 198 28 147 
199 237 221 199 166 197 
200 219 130 200 75 226 
201 252 50 201 198 39 
202 160 51 202 127 3 
203 49 39 203 158 120 
204 104 45 204 86 100 
205 215 52 205 98 49 
206 110 46 206 90 183 
207 74 203 207 232 196 
208 255 53 208 71 172 
209 158 118 209 19 166 
210 20 38 210 101 257 
211 271 19 211 255 19 
212 37 47 212 144 115 
213 191 94 213 134 273 
214 39 48 214 223 141 
215 81 49 215 35 268 
216 79 120 216 80 27 
217 14 77 217 161 109 
218 242 151 218 220 28 
219 122 122 219 40 242 
220 58 210 220 112 131 
221 48 92 221 236 140 
222 230 240 222 11 68 
223 156 54 223 228 26 
224 125 209 224 39 256 
225 202 96 225 155 154 
226 103 131 226 91 76 
227 186 125 227 32 216 
228 155 35 228 99 35 
229 143 259 229 53 173 
230 61 149 230 206 217 
231 109 79 231 68 72 
232 46 60 232 235 45 
233 183 211 233 128 171 
234 138 58 234 248 133 
235 47 9 235 20 155 
236 86 113 236 69 158 
237 134 260 237 257 165 
238 260 262 238 120 272 
239 51 167 239 31 192 
240 233 30 240 26 113 
241 21 273 241 253 104 
242 17 134 242 25 122 
243 263 182 243 174 43 
244 201 214 244 156 6 
245 279 16 245 178 191 
246 36 146 246 160 149 
247 25 21 247 16 247 
248 173 272 248 30 96 
249 97 13 249 74 177 
250 210 80 250 278 206 
251 238 114 251 141 123 
252 184 207 252 263 260 
253 235 81 253 169 262 
254 229 75 254 229 75 
255 71 103 255 148 103 
256 265 166 256 242 212 
257 126 37 257 50 37 
258 15 110 258 87 110 
259 274 140 259 8 250 
260 62 23 260 56 97 
261 180 85 261 58 200 
262 92 107 262 103 116 
263 29 215 263 126 137 
264 220 133 264 45 8 
265 216 238 265 138 90 
266 137 216 266 214 185 
267 65 201 267 85 180 
268 249 10 268 177 83 
269 222 269 269 205 222 
270 250 234 270 200 246 
271 165 248 271 147 161 
272 57 195 272 203 224 
273 251 198 273 276 64 
274 185 139 274 133 235 
275 167 217 275 64 228 
276 130 175 276 262 175 
277 11 249 277 79 112 
278 151 66 278 46 66 
279 192 61 279 279 278 
