***********************************
Experiment parameters:
Experiment results:
Permutations:
I U RANK QCV rand PATH 
1 261 111 46 47 46 
2 193 127 95 186 95 
3 189 251 224 180 224 
4 86 92 63 273 63 
5 23 187 100 176 277 
6 29 200 124 14 124 
7 226 135 103 135 103 
8 195 168 20 167 20 
9 68 97 208 267 227 
10 44 221 80 142 80 
11 20 104 89 234 143 
12 18 112 8 72 8 
13 182 165 174 245 174 
14 97 167 114 57 114 
15 209 4 187 66 187 
16 181 158 91 125 91 
17 150 194 85 207 85 
18 244 173 119 254 119 
19 115 105 155 171 155 
20 148 68 37 104 37 
21 47 249 38 5 38 
22 1 145 65 93 65 
23 238 110 48 65 30 
24 64 270 24 76 24 
25 257 172 55 15 55 
26 21 85 195 52 160 
27 8 231 152 151 152 
28 30 8 143 42 257 
29 51 1 261 185 1 
30 73 160 182 159 182 
31 71 203 203 274 203 
32 103 179 115 265 115 
33 188 155 101 100 169 
34 80 82 257 48 49 
35 17 146 146 217 130 
36 135 56 214 188 214 
37 15 114 15 107 15 
38 33 265 248 13 248 
39 249 11 189 55 125 
40 265 74 263 213 263 
41 5 186 252 199 33 
42 57 235 90 123 90 
43 228 134 22 221 22 
44 132 79 113 191 113 
45 4 258 105 153 41 
46 222 10 176 124 178 
47 145 133 276 183 276 
48 13 274 13 233 13 
49 234 22 270 204 104 
50 66 243 279 215 279 
51 121 153 111 237 111 
52 198 246 130 212 109 
53 241 157 28 37 28 
54 144 275 64 109 164 
55 122 129 42 7 42 
56 107 55 107 249 107 
57 99 227 258 219 258 
58 208 188 201 277 201 
59 118 164 67 43 67 
60 95 170 209 88 209 
61 67 226 98 130 98 
62 72 204 136 252 106 
63 61 65 134 182 134 
64 180 136 175 211 154 
65 191 234 83 268 83 
66 88 190 86 146 86 
67 90 169 118 270 118 
68 81 147 153 114 101 
69 55 263 255 260 255 
70 268 255 229 192 229 
71 147 84 84 132 84 
72 230 149 266 226 266 
73 50 225 205 34 205 
74 133 39 237 129 237 
75 113 12 144 209 144 
76 63 121 12 102 12 
77 119 50 268 184 268 
78 197 175 184 6 153 
79 220 238 17 246 17 
80 2 144 274 33 274 
81 139 166 87 269 87 
82 24 248 265 210 265 
83 190 272 50 115 50 
84 56 273 160 122 195 
85 125 106 241 240 241 
86 7 69 11 143 231 
87 217 64 102 111 102 
88 271 70 125 117 35 
89 141 17 277 152 56 
90 267 30 110 3 110 
91 10 254 254 164 254 
92 87 141 243 63 243 
93 116 277 49 131 176 
94 75 244 246 231 246 
95 263 115 60 44 60 
96 152 229 74 51 74 
97 41 54 2 49 2 
98 32 177 10 189 26 
99 212 99 166 61 166 
100 106 14 88 73 88 
101 227 9 217 62 217 
102 134 76 177 2 31 
103 176 52 52 18 52 
104 243 232 54 106 81 
105 22 237 39 92 39 
106 258 207 159 1 159 
107 161 181 41 36 105 
108 111 262 235 250 235 
109 160 71 23 154 9 
110 203 19 230 29 230 
111 53 174 66 27 66 
112 248 88 212 83 212 
113 9 171 14 258 14 
114 85 16 202 12 202 
115 224 2 81 162 54 
116 264 154 278 181 278 
117 142 13 142 272 142 
118 102 24 150 243 150 
119 154 257 78 256 78 
120 196 132 108 41 108 
121 143 220 138 119 138 
122 40 216 141 179 141 
123 163 61 127 157 127 
124 275 130 128 97 75 
125 130 98 135 60 61 
126 157 176 186 247 186 
127 251 209 170 222 170 
128 236 123 53 145 53 
129 60 212 238 165 238 
130 34 184 76 89 79 
131 35 193 96 136 96 
132 218 120 82 196 82 
133 242 151 264 82 264 
134 254 210 172 224 172 
135 138 218 218 218 218 
136 82 202 16 168 16 
137 274 239 165 4 165 
138 101 87 247 230 247 
139 200 161 137 173 137 
140 151 266 149 170 149 
141 76 222 222 241 222 
142 31 253 188 275 188 
143 89 23 43 225 128 
144 158 211 158 197 158 
145 49 73 210 84 210 
146 215 223 147 94 189 
147 83 36 36 38 36 
148 253 18 77 81 77 
149 153 224 251 149 251 
150 172 163 163 194 163 
151 276 267 151 193 151 
152 235 126 259 150 259 
153 146 271 72 96 72 
154 129 21 249 105 249 
155 164 250 157 187 157 
156 255 28 156 251 208 
157 11 162 196 59 196 
158 211 40 40 195 40 
159 205 260 272 21 272 
160 229 116 116 139 116 
161 48 94 21 244 21 
162 179 72 94 208 43 
163 109 100 271 227 271 
164 269 156 161 175 161 
165 100 138 131 110 131 
166 256 26 185 24 185 
167 70 27 62 239 62 
168 14 195 199 54 199 
169 170 148 70 172 70 
170 277 124 181 140 181 
171 16 29 104 10 269 
172 201 109 206 22 206 
173 260 189 29 17 270 
174 192 89 215 238 215 
175 94 96 145 113 145 
176 167 122 122 202 122 
177 237 139 183 266 183 
178 270 178 92 78 92 
179 231 142 121 116 121 
180 185 31 132 190 180 
181 225 34 225 216 225 
182 177 192 191 70 76 
183 128 152 242 264 191 
184 262 32 9 23 220 
185 156 242 45 261 45 
186 246 206 231 259 89 
187 223 37 71 201 71 
188 239 268 239 137 239 
189 171 38 194 95 194 
190 279 150 192 108 48 
191 54 75 240 118 262 
192 206 102 233 9 68 
193 162 279 139 67 139 
194 137 41 169 121 29 
195 199 197 27 77 100 
196 62 33 140 163 140 
197 39 81 232 271 232 
198 26 276 133 28 133 
199 45 117 6 166 6 
200 108 45 56 75 135 
201 104 46 59 198 32 
202 131 47 61 127 233 
203 140 35 197 158 136 
204 12 43 223 86 146 
205 194 48 97 98 97 
206 36 44 75 90 147 
207 216 107 117 232 117 
208 204 49 204 71 204 
209 65 183 216 19 216 
210 232 201 253 101 253 
211 214 213 213 255 213 
212 213 101 178 144 192 
213 219 93 180 134 156 
214 46 51 44 223 175 
215 159 233 106 35 177 
216 112 53 273 80 23 
217 173 77 269 161 27 
218 207 78 262 220 11 
219 175 140 26 40 184 
220 79 125 47 112 193 
221 233 230 228 236 228 
222 202 240 35 11 223 
223 136 259 234 228 234 
224 69 20 168 39 168 
225 184 57 227 155 197 
226 114 159 221 91 221 
227 168 264 219 32 219 
228 43 25 25 99 25 
229 19 131 68 53 242 
230 92 143 30 206 94 
231 84 217 109 68 44 
232 221 60 193 235 59 
233 123 214 154 128 47 
234 252 59 31 248 240 
235 27 90 1 20 10 
236 117 62 200 69 200 
237 93 252 32 257 252 
238 273 256 33 120 256 
239 25 241 171 31 171 
240 98 108 164 26 132 
241 59 63 148 253 148 
242 6 118 220 25 64 
243 149 247 211 174 211 
244 165 91 73 156 73 
245 183 269 57 178 57 
246 187 261 256 160 261 
247 126 95 7 16 7 
248 166 128 51 30 273 
249 58 67 120 74 120 
250 240 80 18 278 18 
251 124 103 275 141 275 
252 37 182 179 263 179 
253 120 7 190 169 190 
254 91 6 99 229 99 
255 247 42 129 148 129 
256 3 5 5 242 5 
257 42 58 58 50 58 
258 127 236 236 87 236 
259 259 228 19 8 19 
260 28 215 93 56 93 
261 169 86 226 58 226 
262 178 119 173 103 173 
263 250 208 250 126 250 
264 74 278 244 45 244 
265 186 191 69 138 69 
266 266 219 267 214 267 
267 38 199 123 85 123 
268 78 66 245 177 245 
269 77 83 126 205 126 
270 52 196 162 200 162 
271 105 15 4 147 4 
272 110 137 207 203 207 
273 155 180 112 276 112 
274 278 205 34 133 34 
275 245 185 167 64 167 
276 272 3 3 262 3 
277 210 245 260 79 260 
278 174 198 198 46 198 
279 96 113 79 279 51 
