***********************************
Experiment parameters:
Experiment results:
Permutations:
I U RANK QCV rand PATH 
1 268 53 3 47 29 
2 225 262 14 186 149 
3 73 275 73 180 73 
4 174 3 273 273 264 
5 56 179 56 176 56 
6 65 105 220 14 258 
7 147 51 147 135 147 
8 260 177 260 167 260 
9 85 257 85 267 85 
10 4 161 71 142 71 
11 167 10 167 234 167 
12 57 91 57 72 57 
13 48 183 48 245 48 
14 71 59 4 57 4 
15 129 24 212 66 212 
16 1 201 1 125 1 
17 142 99 142 207 142 
18 14 196 29 254 61 
19 27 89 27 171 27 
20 3 225 49 104 102 
21 216 109 216 5 216 
22 49 191 262 93 272 
23 106 182 106 65 106 
24 134 241 134 76 134 
25 104 150 104 15 104 
26 23 205 23 52 23 
27 217 111 217 151 217 
28 212 68 129 42 129 
29 148 77 148 185 148 
30 165 199 165 159 165 
31 157 229 157 274 157 
32 166 58 166 265 166 
33 62 17 62 100 62 
34 29 141 53 48 107 
35 197 73 197 217 197 
36 203 60 203 188 203 
37 41 41 41 107 41 
38 2 157 2 13 2 
39 205 26 205 55 205 
40 229 148 229 213 229 
41 146 195 146 199 146 
42 18 90 18 123 18 
43 86 84 86 221 86 
44 265 209 265 191 265 
45 238 240 238 153 238 
46 192 156 192 124 192 
47 47 247 47 183 47 
48 190 190 190 233 190 
49 151 162 271 204 112 
50 144 272 144 215 144 
51 114 166 114 237 114 
52 184 184 184 212 184 
53 111 228 111 37 111 
54 7 144 7 109 7 
55 113 263 113 7 113 
56 117 117 117 249 117 
57 105 65 225 219 121 
58 160 160 160 277 160 
59 80 249 80 43 80 
60 232 92 232 88 232 
61 261 133 261 130 261 
62 68 21 68 252 68 
63 77 226 77 182 77 
64 32 2 32 211 32 
65 200 167 200 268 200 
66 199 104 199 146 199 
67 168 124 168 270 168 
68 98 100 98 114 98 
69 226 121 65 260 135 
70 130 171 130 192 130 
71 178 82 178 132 178 
72 242 197 242 226 242 
73 87 64 87 34 87 
74 143 178 143 129 143 
75 6 110 6 209 6 
76 58 114 58 102 58 
77 221 170 221 184 221 
78 75 214 75 6 75 
79 20 71 20 246 20 
80 194 192 194 33 194 
81 173 7 173 269 173 
82 220 29 105 210 141 
83 247 254 247 115 247 
84 45 136 45 122 45 
85 185 185 185 240 185 
86 100 18 100 143 100 
87 193 238 193 111 193 
88 81 164 81 117 81 
89 177 98 177 152 177 
90 94 243 94 3 94 
91 258 221 258 164 49 
92 102 19 102 63 105 
93 188 146 188 131 188 
94 208 278 208 231 208 
95 54 54 54 44 54 
96 189 207 189 51 189 
97 224 224 224 49 224 
98 201 218 201 189 201 
99 107 107 191 61 151 
100 35 270 35 73 35 
101 230 145 230 62 230 
102 275 242 64 2 275 
103 207 276 207 18 207 
104 256 108 256 106 256 
105 135 14 196 92 162 
106 115 115 115 1 115 
107 15 15 15 36 15 
108 121 163 107 250 163 
109 218 27 218 154 218 
110 231 251 231 29 231 
111 59 74 59 27 59 
112 202 260 202 83 202 
113 187 255 187 258 187 
114 61 188 272 12 65 
115 108 63 108 162 108 
116 16 55 16 181 16 
117 84 126 84 272 84 
118 83 35 83 243 83 
119 122 235 122 256 122 
120 17 46 17 41 17 
121 33 13 33 119 33 
122 272 31 61 179 53 
123 219 202 219 157 219 
124 240 193 240 97 240 
125 169 215 169 60 169 
126 88 88 88 247 88 
127 69 102 69 222 69 
128 8 42 8 145 8 
129 241 119 241 165 241 
130 64 25 275 89 64 
131 276 34 276 136 276 
132 39 78 39 196 39 
133 137 246 137 82 137 
134 99 28 99 224 99 
135 141 135 112 218 172 
136 259 87 259 168 259 
137 95 95 95 4 95 
138 257 32 257 230 257 
139 37 37 37 173 37 
140 11 234 11 170 11 
141 253 40 253 241 253 
142 264 152 264 275 14 
143 158 210 158 225 158 
144 19 45 19 197 19 
145 246 232 246 84 246 
146 236 62 236 94 236 
147 149 204 149 38 3 
148 116 116 116 81 116 
149 24 265 24 149 24 
150 101 101 101 194 101 
151 206 30 206 193 206 
152 133 212 133 150 133 
153 123 123 123 96 123 
154 235 258 235 105 235 
155 5 180 5 187 5 
156 66 12 66 251 66 
157 43 168 43 59 43 
158 10 248 10 195 10 
159 74 113 74 21 74 
160 250 57 250 139 250 
161 44 128 44 244 44 
162 278 187 278 208 278 
163 40 253 40 227 40 
164 118 186 118 175 118 
165 97 103 97 110 97 
166 181 239 181 24 181 
167 244 244 244 239 244 
168 76 139 76 54 76 
169 70 66 70 172 70 
170 30 120 30 140 30 
171 51 147 51 10 51 
172 211 203 211 22 211 
173 255 169 255 17 255 
174 175 43 175 238 175 
175 131 266 131 113 131 
176 109 220 121 202 174 
177 112 274 274 266 176 
178 248 106 248 78 248 
179 186 194 186 116 186 
180 46 69 46 190 46 
181 124 140 124 216 124 
182 136 132 136 70 136 
183 170 122 170 264 170 
184 270 83 270 23 270 
185 150 94 150 261 150 
186 153 79 153 259 153 
187 266 52 266 201 266 
188 22 153 22 137 22 
189 182 158 182 95 182 
190 34 279 34 108 34 
191 164 154 164 118 164 
192 227 36 227 9 227 
193 9 213 9 67 9 
194 132 134 132 121 132 
195 79 118 79 77 79 
196 183 230 183 163 183 
197 161 142 161 271 161 
198 21 189 21 28 21 
199 249 245 249 166 249 
200 267 38 267 75 267 
201 50 48 50 198 50 
202 239 23 26 127 26 
203 277 159 277 158 277 
204 110 96 110 86 110 
205 210 86 210 98 210 
206 263 216 263 90 263 
207 243 50 243 232 243 
208 269 269 269 71 269 
209 78 267 78 19 78 
210 198 198 198 101 198 
211 90 137 90 255 252 
212 245 237 245 144 245 
213 234 11 234 134 234 
214 12 70 12 223 12 
215 254 39 254 35 254 
216 171 130 171 80 171 
217 152 264 152 161 152 
218 204 72 204 220 204 
219 126 155 126 40 126 
220 26 181 239 112 239 
221 42 8 42 236 42 
222 180 200 180 11 180 
223 159 277 159 228 159 
224 127 268 127 39 127 
225 63 256 63 155 63 
226 228 49 135 91 191 
227 176 112 141 32 196 
228 179 47 179 99 179 
229 36 206 36 53 36 
230 128 236 128 206 128 
231 120 97 120 68 120 
232 25 129 25 235 25 
233 103 227 103 128 103 
234 162 217 109 248 109 
235 222 219 222 20 222 
236 38 165 38 69 38 
237 172 250 228 257 228 
238 53 138 226 120 226 
239 271 172 151 31 220 
240 156 80 156 26 156 
241 13 20 13 253 13 
242 273 151 162 25 225 
243 233 93 233 174 233 
244 195 173 195 156 195 
245 92 222 92 178 92 
246 191 271 163 160 262 
247 72 149 72 16 72 
248 67 143 67 30 67 
249 213 131 213 74 213 
250 154 1 154 278 154 
251 138 4 138 141 138 
252 279 259 279 263 279 
253 215 208 215 169 215 
254 155 5 155 229 155 
255 223 223 223 148 223 
256 140 175 140 242 140 
257 28 85 28 50 28 
258 119 44 119 87 119 
259 237 22 237 8 237 
260 196 174 172 56 271 
261 60 125 60 58 60 
262 139 76 139 103 139 
263 96 6 96 126 96 
264 209 127 209 45 209 
265 214 56 214 138 214 
266 91 33 91 214 91 
267 262 176 174 85 273 
268 93 233 93 177 93 
269 52 231 52 205 52 
270 31 61 31 200 31 
271 82 67 82 147 82 
272 163 261 268 203 268 
273 274 273 176 276 274 
274 55 75 55 133 55 
275 89 9 89 64 89 
276 252 81 252 262 90 
277 251 252 251 79 251 
278 125 16 125 46 125 
279 145 211 145 279 145 
