***********************************
Experiment parameters:
Experiment results:
Permutations:
I U RANK QCV rand PATH 
1 269 201 223 47 32 
2 201 161 206 186 67 
3 56 194 56 180 194 
4 275 129 32 273 70 
5 243 50 243 176 243 
6 102 151 259 14 84 
7 31 80 31 135 31 
8 207 63 207 167 207 
9 248 100 248 267 248 
10 53 41 53 142 53 
11 184 162 184 234 184 
12 141 253 141 72 141 
13 239 239 239 245 239 
14 81 175 81 57 81 
15 85 242 85 66 85 
16 63 3 63 125 63 
17 41 177 41 207 41 
18 86 67 241 254 90 
19 187 198 187 171 187 
20 79 241 264 104 102 
21 152 181 152 5 152 
22 32 84 254 93 108 
23 68 191 68 65 68 
24 192 72 192 76 192 
25 234 26 234 15 234 
26 24 49 24 52 24 
27 273 182 273 151 273 
28 195 137 195 42 195 
29 16 91 16 185 16 
30 263 169 263 159 263 
31 271 53 271 274 271 
32 113 256 113 265 113 
33 163 35 163 100 163 
34 108 206 67 48 125 
35 17 153 17 217 17 
36 240 202 240 188 240 
37 49 270 49 107 49 
38 229 65 229 13 229 
39 230 278 230 55 230 
40 140 104 140 213 140 
41 143 45 143 199 143 
42 105 156 105 123 105 
43 257 68 257 221 257 
44 194 61 194 191 56 
45 276 252 276 153 276 
46 274 111 274 124 274 
47 26 113 26 183 26 
48 106 106 106 233 106 
49 70 108 70 204 129 
50 20 275 20 215 20 
51 196 238 196 237 196 
52 100 141 100 212 100 
53 34 220 34 37 34 
54 262 76 262 109 262 
55 59 99 59 7 59 
56 2 2 2 249 2 
57 90 70 269 219 149 
58 186 143 186 277 186 
59 46 114 46 43 46 
60 48 170 48 88 48 
61 247 267 247 130 247 
62 21 268 21 252 21 
63 15 221 15 182 15 
64 7 248 7 211 7 
65 162 44 162 268 162 
66 93 258 93 146 93 
67 147 64 147 270 147 
68 115 47 115 114 115 
69 84 254 84 260 151 
70 175 128 175 192 175 
71 99 86 99 132 99 
72 267 96 267 226 267 
73 96 272 96 34 96 
74 182 229 182 129 182 
75 8 187 8 209 8 
76 238 132 238 102 238 
77 98 184 98 184 98 
78 256 74 256 6 256 
79 65 38 65 246 65 
80 18 274 18 33 18 
81 76 13 76 269 76 
82 174 219 90 210 161 
83 169 93 169 115 169 
84 164 51 164 122 164 
85 191 232 191 240 191 
86 42 12 42 143 42 
87 101 101 101 111 101 
88 170 14 170 117 170 
89 237 42 237 152 237 
90 131 4 131 3 131 
91 190 251 190 164 190 
92 27 204 27 63 27 
93 13 20 13 131 13 
94 225 214 225 231 225 
95 25 120 25 44 25 
96 58 209 58 51 58 
97 216 216 216 49 216 
98 188 168 188 189 188 
99 223 264 102 61 174 
100 249 249 249 73 249 
101 118 118 118 62 118 
102 179 43 209 2 179 
103 268 193 268 18 268 
104 82 157 82 106 82 
105 67 174 108 92 178 
106 203 203 203 1 203 
107 52 25 52 36 52 
108 227 227 125 250 199 
109 14 197 14 154 14 
110 189 103 189 29 189 
111 181 54 181 27 181 
112 39 217 39 83 39 
113 246 225 246 258 246 
114 45 255 279 12 279 
115 157 19 157 162 157 
116 10 263 10 181 10 
117 222 116 222 272 222 
118 166 171 166 243 166 
119 117 190 117 256 117 
120 176 163 176 41 176 
121 104 59 104 119 104 
122 279 186 45 179 45 
123 197 237 197 157 197 
124 55 260 55 97 55 
125 226 226 226 60 226 
126 83 146 83 247 83 
127 146 110 146 222 146 
128 171 164 171 145 171 
129 1 134 1 165 1 
130 209 179 179 89 209 
131 61 135 61 136 61 
132 57 234 57 196 57 
133 217 207 217 82 217 
134 69 60 69 224 69 
135 129 90 129 218 201 
136 277 58 277 168 277 
137 114 144 114 4 114 
138 250 69 250 230 250 
139 150 87 150 173 150 
140 23 148 23 170 23 
141 120 52 120 241 120 
142 6 6 6 275 6 
143 251 109 251 225 251 
144 110 136 110 197 110 
145 3 30 3 84 3 
146 136 75 136 94 136 
147 124 124 124 38 124 
148 235 235 235 81 235 
149 135 247 135 149 135 
150 33 78 33 194 33 
151 214 29 214 193 214 
152 260 277 260 150 260 
153 236 37 236 96 236 
154 44 117 44 105 44 
155 22 222 22 187 22 
156 173 172 173 251 173 
157 28 28 28 59 28 
158 9 95 9 195 9 
159 91 79 91 21 91 
160 177 81 177 139 177 
161 165 165 165 244 165 
162 183 183 183 208 183 
163 215 215 215 227 215 
164 111 155 111 175 111 
165 19 213 19 110 19 
166 123 279 123 24 123 
167 212 212 212 239 212 
168 87 233 87 54 87 
169 200 200 200 172 200 
170 29 158 29 140 29 
171 47 31 47 10 47 
172 258 240 258 22 258 
173 213 205 213 17 213 
174 210 265 210 238 210 
175 244 244 244 113 244 
176 199 178 227 202 206 
177 151 125 224 266 219 
178 116 107 116 78 116 
179 77 185 77 116 77 
180 208 83 208 190 208 
181 265 210 265 216 265 
182 75 1 75 70 75 
183 107 257 107 264 107 
184 72 27 72 23 72 
185 132 243 132 261 132 
186 270 230 270 259 270 
187 30 115 30 201 30 
188 155 245 155 137 155 
189 88 127 88 95 88 
190 43 55 43 108 43 
191 121 105 121 118 121 
192 92 97 92 9 92 
193 159 39 159 67 159 
194 51 176 51 121 51 
195 62 46 62 77 62 
196 160 112 160 163 160 
197 253 33 253 271 253 
198 193 85 193 28 193 
199 245 77 245 166 245 
200 202 139 202 75 202 
201 126 89 126 198 126 
202 60 24 36 127 36 
203 261 9 261 158 261 
204 167 40 167 86 167 
205 95 88 95 98 95 
206 78 34 78 90 78 
207 139 266 139 232 139 
208 231 231 231 71 231 
209 266 126 266 19 266 
210 233 150 233 101 233 
211 5 159 5 255 156 
212 144 36 144 144 144 
213 148 23 148 134 148 
214 172 173 172 223 172 
215 74 142 74 35 74 
216 145 7 145 80 145 
217 94 94 94 161 94 
218 73 11 73 220 73 
219 109 98 109 40 109 
220 36 66 275 112 275 
221 204 166 204 236 204 
222 127 261 127 11 127 
223 232 218 232 228 232 
224 137 56 137 39 137 
225 158 92 158 155 158 
226 178 32 151 91 223 
227 149 224 219 32 224 
228 112 160 112 99 112 
229 205 246 205 53 205 
230 134 192 134 206 134 
231 180 82 180 68 180 
232 252 21 252 235 252 
233 97 180 97 128 97 
234 224 140 60 248 79 
235 168 48 168 20 168 
236 50 57 50 69 50 
237 206 271 79 257 60 
238 125 250 220 120 220 
239 241 199 174 31 227 
240 185 62 185 26 185 
241 54 15 54 253 54 
242 259 149 161 25 241 
243 154 211 154 174 154 
244 66 123 66 156 66 
245 198 119 198 178 198 
246 161 259 178 160 254 
247 11 73 11 16 11 
248 221 145 221 30 221 
249 12 188 12 74 12 
250 80 121 80 278 80 
251 220 16 86 141 86 
252 153 195 153 263 153 
253 37 236 37 169 37 
254 218 22 218 229 218 
255 138 138 138 148 138 
256 64 147 64 242 64 
257 228 228 228 50 228 
258 35 208 35 87 35 
259 278 18 278 8 278 
260 219 102 199 56 259 
261 142 122 142 58 142 
262 133 133 133 103 133 
263 71 5 71 126 71 
264 272 276 272 45 272 
265 89 131 89 138 89 
266 128 273 128 214 128 
267 264 223 149 85 264 
268 211 154 211 177 211 
269 119 8 119 205 119 
270 255 262 255 200 255 
271 38 152 38 147 38 
272 242 17 242 203 242 
273 254 269 201 276 269 
274 122 196 122 133 122 
275 40 71 40 64 40 
276 156 167 156 262 5 
277 103 189 103 79 103 
278 4 130 4 46 4 
279 130 10 130 279 130 
