***********************************
Experiment parameters:
Experiment results:
Permutations:
I U RANK QCV rand PATH 
1 245 67 21 47 258 
2 209 256 256 186 242 
3 140 50 278 180 140 
4 170 245 33 273 157 
5 30 84 30 176 30 
6 36 114 227 14 254 
7 122 219 122 135 122 
8 77 122 77 167 77 
9 46 98 46 267 46 
10 265 81 214 142 214 
11 94 97 94 234 94 
12 172 251 172 72 172 
13 35 187 35 245 35 
14 214 223 265 57 265 
15 124 124 152 66 152 
16 196 16 196 125 196 
17 272 255 272 207 272 
18 78 154 36 254 102 
19 11 263 11 171 11 
20 50 113 197 104 217 
21 26 100 26 5 26 
22 143 188 233 93 249 
23 134 148 134 65 134 
24 44 64 44 76 44 
25 210 145 210 15 210 
26 204 248 204 52 204 
27 91 279 91 151 91 
28 152 125 124 42 124 
29 223 172 223 185 223 
30 149 261 149 159 149 
31 252 164 252 274 252 
32 121 66 121 265 121 
33 225 216 225 100 225 
34 56 156 258 48 78 
35 5 278 5 217 5 
36 181 104 181 188 181 
37 248 184 248 107 248 
38 179 63 179 13 179 
39 266 266 266 55 266 
40 115 195 115 213 115 
41 108 249 108 199 108 
42 221 58 221 123 221 
43 47 167 47 221 47 
44 278 130 140 191 278 
45 87 120 87 153 87 
46 48 48 48 124 48 
47 224 105 224 183 224 
48 51 51 51 233 51 
49 95 170 188 204 95 
50 226 9 226 215 226 
51 28 30 28 237 28 
52 274 212 274 212 274 
53 207 234 207 37 207 
54 96 10 96 109 96 
55 86 250 86 7 86 
56 160 160 160 249 160 
57 114 227 56 219 113 
58 60 96 60 277 60 
59 184 209 184 43 184 
60 141 75 141 88 141 
61 43 185 43 130 43 
62 49 189 49 252 49 
63 71 265 71 182 71 
64 100 238 100 211 100 
65 228 27 228 268 228 
66 111 35 111 146 111 
67 174 205 174 270 174 
68 194 162 194 114 194 
69 21 258 67 260 114 
70 279 115 279 192 279 
71 212 207 212 132 212 
72 189 240 189 226 189 
73 120 206 120 34 120 
74 61 179 61 129 61 
75 72 88 72 209 72 
76 17 177 17 102 17 
77 230 45 230 184 230 
78 54 74 54 6 54 
79 63 214 63 246 63 
80 19 204 19 33 19 
81 231 108 231 269 231 
82 154 69 69 210 143 
83 74 111 74 115 74 
84 218 44 218 122 218 
85 211 235 211 240 211 
86 75 7 75 143 75 
87 133 158 133 111 133 
88 182 165 182 117 182 
89 153 142 153 152 153 
90 269 121 269 3 269 
91 254 137 254 164 36 
92 217 55 217 63 56 
93 32 102 32 131 32 
94 106 203 106 231 106 
95 57 119 57 44 57 
96 37 264 37 51 37 
97 92 92 92 49 92 
98 275 194 275 189 275 
99 227 33 78 61 154 
100 64 218 64 73 64 
101 222 132 222 62 222 
102 273 178 185 2 185 
103 158 140 158 18 158 
104 270 199 270 106 270 
105 33 197 245 92 156 
106 163 163 163 1 163 
107 119 57 119 36 119 
108 169 173 113 250 169 
109 88 42 88 154 88 
110 116 182 116 29 116 
111 234 90 234 27 234 
112 79 275 79 83 79 
113 59 200 59 258 59 
114 102 226 249 12 69 
115 4 2 4 162 4 
116 236 12 236 181 236 
117 148 47 148 272 148 
118 131 257 131 243 131 
119 137 186 137 256 137 
120 103 131 103 41 103 
121 151 71 151 119 151 
122 249 110 102 179 67 
123 101 276 101 157 101 
124 130 37 240 97 130 
125 155 106 155 60 155 
126 192 267 192 247 192 
127 208 180 208 222 208 
128 62 183 62 145 62 
129 136 6 136 165 136 
130 185 24 273 89 273 
131 240 87 130 136 240 
132 190 23 190 196 190 
133 7 247 7 82 7 
134 164 73 164 224 164 
135 113 56 95 218 170 
136 260 49 260 168 260 
137 262 127 262 4 262 
138 138 76 138 230 138 
139 99 41 99 173 99 
140 3 112 3 170 3 
141 118 118 118 241 118 
142 157 22 157 275 33 
143 27 230 27 225 27 
144 55 20 55 197 55 
145 198 168 198 84 198 
146 257 192 257 94 257 
147 242 246 242 38 21 
148 117 117 117 81 117 
149 8 273 8 149 8 
150 76 86 76 194 76 
151 199 15 199 193 199 
152 171 260 171 150 171 
153 93 147 93 96 93 
154 123 228 123 105 123 
155 186 254 186 187 186 
156 241 193 241 251 241 
157 213 213 213 59 213 
158 45 243 45 195 45 
159 73 274 73 21 73 
160 70 70 70 139 70 
161 82 82 82 244 82 
162 253 159 253 208 253 
163 220 220 220 227 220 
164 161 229 161 175 161 
165 147 93 147 110 147 
166 9 68 9 24 9 
167 139 139 139 239 139 
168 83 109 83 54 83 
169 126 126 126 172 126 
170 52 239 52 140 52 
171 219 72 219 10 219 
172 105 210 105 22 105 
173 203 155 203 17 203 
174 205 25 205 238 205 
175 166 277 166 113 166 
176 175 232 114 202 173 
177 188 143 175 266 175 
178 259 244 259 78 259 
179 271 34 271 116 271 
180 6 208 6 190 6 
181 13 13 13 216 13 
182 267 85 267 70 267 
183 128 94 128 264 128 
184 180 136 180 23 180 
185 177 224 177 261 177 
186 135 40 135 259 135 
187 168 79 168 201 168 
188 127 271 127 137 127 
189 243 123 243 95 243 
190 178 5 178 108 178 
191 42 101 42 118 42 
192 215 270 215 9 215 
193 29 153 29 67 29 
194 85 62 85 121 85 
195 34 135 34 77 34 
196 132 236 132 163 132 
197 202 91 202 271 202 
198 264 43 264 28 264 
199 80 161 80 166 80 
200 104 181 104 75 104 
201 191 144 191 198 191 
202 110 262 209 127 209 
203 97 128 97 158 97 
204 67 166 58 86 58 
205 167 134 167 98 167 
206 90 14 90 90 90 
207 145 28 145 232 145 
208 15 268 15 71 15 
209 261 54 261 19 261 
210 41 99 41 101 41 
211 129 141 165 255 129 
212 229 89 229 144 229 
213 112 3 112 134 112 
214 193 241 193 223 193 
215 23 1 23 35 23 
216 14 107 14 80 14 
217 22 157 22 161 22 
218 246 237 246 220 246 
219 235 259 235 40 235 
220 58 32 110 112 110 
221 216 103 216 236 216 
222 244 211 244 11 244 
223 18 18 18 228 18 
224 206 152 206 39 206 
225 239 52 239 155 239 
226 173 78 232 91 176 
227 250 176 176 32 188 
228 187 65 187 99 187 
229 200 215 200 53 200 
230 20 217 20 206 20 
231 268 4 268 68 268 
232 39 171 39 235 39 
233 2 253 2 128 2 
234 197 202 250 248 250 
235 247 77 247 20 247 
236 144 269 144 69 144 
237 195 138 195 257 195 
238 176 146 238 120 238 
239 232 21 169 31 197 
240 40 80 40 26 40 
241 146 151 146 253 146 
242 233 175 173 25 227 
243 201 150 201 174 201 
244 10 60 10 156 10 
245 277 196 277 178 277 
246 69 233 154 160 232 
247 237 242 237 16 237 
248 107 26 107 30 107 
249 38 198 38 74 38 
250 16 11 16 278 16 
251 251 252 251 141 251 
252 24 8 24 263 24 
253 159 59 159 169 159 
254 53 53 53 229 53 
255 31 31 31 148 31 
256 25 174 25 242 25 
257 81 46 81 50 81 
258 183 225 183 87 183 
259 89 19 89 8 89 
260 238 169 156 56 233 
261 66 17 66 58 66 
262 109 83 109 103 109 
263 263 129 263 126 263 
264 125 133 125 45 125 
265 12 149 12 138 12 
266 98 272 98 214 98 
267 256 36 143 85 245 
268 150 201 150 177 150 
269 162 29 162 205 162 
270 68 231 68 200 68 
271 255 61 255 147 255 
272 156 39 50 203 50 
273 258 95 170 276 256 
274 1 190 1 133 1 
275 142 38 142 64 142 
276 165 116 129 262 165 
277 276 221 276 79 276 
278 84 191 84 46 84 
279 65 222 65 279 65 
