***********************************
Experiment parameters:
Experiment results:
Permutations:
I U RANK QCV rand PATH 
1 229 177 1 47 245 
2 242 24 2 186 244 
3 41 213 3 180 225 
4 99 272 4 273 139 
5 236 216 5 176 124 
6 31 20 6 14 152 
7 23 21 7 135 173 
8 104 78 8 167 158 
9 24 98 9 267 32 
10 144 278 10 142 234 
11 142 204 11 234 229 
12 73 82 12 72 221 
13 68 109 13 245 211 
14 56 218 14 57 209 
15 54 3 15 66 17 
16 167 237 16 125 228 
17 37 242 17 207 132 
18 136 36 18 254 86 
19 125 205 19 171 34 
20 150 156 20 104 47 
21 78 148 21 5 51 
22 185 256 22 93 230 
23 194 175 23 65 108 
24 119 223 24 76 94 
25 5 88 25 15 109 
26 245 86 26 52 182 
27 222 252 27 151 115 
28 152 7 28 42 75 
29 84 108 29 185 43 
30 215 179 30 159 106 
31 110 225 31 274 213 
32 117 132 32 265 82 
33 234 191 33 100 274 
34 38 275 34 48 187 
35 10 96 35 217 28 
36 271 279 36 188 25 
37 177 84 37 107 199 
38 86 116 38 13 146 
39 162 10 39 55 172 
40 87 146 40 213 188 
41 218 11 41 199 177 
42 111 257 42 123 113 
43 250 140 43 221 272 
44 164 117 44 191 1 
45 64 258 45 153 131 
46 261 120 46 124 189 
47 238 105 47 183 105 
48 237 4 48 233 2 
49 19 13 49 204 246 
50 94 130 50 215 249 
51 82 274 51 237 26 
52 112 235 52 212 205 
53 191 243 53 37 6 
54 249 99 54 109 27 
55 76 176 55 7 88 
56 266 228 56 249 186 
57 2 197 57 219 102 
58 126 59 58 277 15 
59 155 193 59 43 183 
60 199 231 60 88 159 
61 168 273 61 130 58 
62 97 207 62 252 154 
63 254 101 63 182 265 
64 96 125 64 211 135 
65 90 259 65 268 30 
66 211 142 66 146 214 
67 263 184 67 270 133 
68 63 171 68 114 164 
69 77 188 69 260 255 
70 113 147 70 192 155 
71 131 67 71 132 67 
72 225 85 72 226 92 
73 269 31 73 34 91 
74 165 91 74 129 31 
75 276 200 75 209 117 
76 219 2 76 102 200 
77 7 270 77 184 129 
78 36 68 78 6 218 
79 61 247 79 246 156 
80 12 74 80 33 22 
81 116 263 81 269 33 
82 235 255 82 210 116 
83 260 226 83 115 270 
84 103 173 84 122 60 
85 156 110 85 240 252 
86 157 69 86 143 149 
87 30 51 87 111 77 
88 264 70 88 117 68 
89 279 18 89 152 61 
90 115 244 90 3 49 
91 197 9 91 164 39 
92 39 249 92 63 37 
93 129 122 93 131 10 
94 20 230 94 231 20 
95 143 127 95 44 215 
96 182 66 96 51 198 
97 72 174 97 49 250 
98 141 17 98 189 97 
99 210 153 99 61 100 
100 270 65 100 73 71 
101 151 111 101 62 3 
102 32 19 102 2 232 
103 108 178 103 18 178 
104 226 39 104 106 112 
105 239 181 105 92 239 
106 259 246 106 1 143 
107 8 194 107 36 52 
108 255 50 108 250 103 
109 71 71 109 154 165 
110 75 233 110 29 251 
111 93 76 111 27 208 
112 205 89 112 83 197 
113 91 169 113 258 45 
114 216 157 114 12 219 
115 213 53 115 162 166 
116 265 128 116 181 275 
117 183 49 117 272 4 
118 50 209 118 243 235 
119 4 232 119 256 48 
120 3 83 120 41 264 
121 44 248 121 119 110 
122 88 137 122 179 167 
123 221 87 123 157 24 
124 278 189 124 97 256 
125 62 262 125 60 224 
126 178 187 126 247 11 
127 22 159 127 222 231 
128 107 131 128 145 216 
129 52 267 129 165 44 
130 193 195 130 89 70 
131 29 124 131 136 257 
132 106 135 132 196 122 
133 80 203 133 82 81 
134 272 239 134 224 12 
135 201 119 135 218 119 
136 230 219 136 168 157 
137 100 160 137 4 95 
138 231 33 138 230 8 
139 247 180 139 173 266 
140 206 250 140 170 174 
141 118 72 141 241 72 
142 45 107 142 275 59 
143 217 202 143 225 87 
144 181 253 144 197 237 
145 6 12 145 84 181 
146 14 123 146 94 212 
147 240 161 147 38 161 
148 187 16 148 81 271 
149 81 104 149 149 104 
150 43 42 150 194 42 
151 203 81 151 193 203 
152 159 277 152 150 261 
153 49 266 153 96 98 
154 149 23 154 105 40 
155 146 6 155 187 53 
156 105 206 156 251 243 
157 33 155 157 59 147 
158 138 64 158 195 64 
159 134 208 159 21 76 
160 101 192 160 139 192 
161 153 25 161 244 14 
162 35 168 162 208 96 
163 46 63 163 227 260 
164 186 221 164 175 195 
165 60 60 165 110 180 
166 268 26 166 24 196 
167 244 27 167 239 267 
168 207 254 168 54 38 
169 79 172 169 172 227 
170 98 14 170 140 268 
171 135 150 171 10 69 
172 202 114 172 22 111 
173 274 32 173 17 114 
174 190 260 174 238 84 
175 18 97 175 113 16 
176 174 93 176 202 93 
177 1 90 177 266 54 
178 114 75 178 78 241 
179 53 22 179 116 36 
180 55 144 180 190 123 
181 252 201 181 216 176 
182 133 35 182 70 125 
183 13 241 183 264 278 
184 246 28 184 23 18 
185 21 56 185 261 141 
186 148 215 186 259 258 
187 200 103 187 201 127 
188 11 95 188 137 160 
189 179 38 189 95 190 
190 163 106 190 108 254 
191 102 154 191 118 41 
192 258 40 192 9 136 
193 243 167 193 67 130 
194 127 182 194 121 121 
195 158 43 195 77 50 
196 57 29 196 163 80 
197 132 112 197 271 9 
198 130 170 198 28 170 
199 154 138 199 166 263 
200 145 44 200 75 269 
201 124 45 201 198 248 
202 172 102 202 127 148 
203 241 34 203 158 57 
204 89 41 204 86 120 
205 70 47 205 98 217 
206 139 210 206 90 145 
207 42 8 207 232 153 
208 228 217 208 71 83 
209 137 54 209 19 137 
210 184 15 210 101 107 
211 122 126 211 255 126 
212 161 220 212 144 220 
213 256 94 213 134 21 
214 189 222 214 223 62 
215 69 224 215 35 279 
216 180 269 216 80 55 
217 257 77 217 161 19 
218 25 183 218 220 128 
219 195 79 219 40 168 
220 232 55 220 112 169 
221 67 151 221 236 236 
222 58 227 222 11 242 
223 262 30 223 228 259 
224 51 198 224 39 66 
225 212 57 225 155 185 
226 233 165 226 91 191 
227 17 152 227 32 262 
228 74 134 228 99 134 
229 214 141 229 53 29 
230 9 143 230 206 63 
231 175 80 231 68 56 
232 34 271 232 235 79 
233 267 149 233 128 171 
234 227 229 234 248 202 
235 171 163 235 20 13 
236 140 62 236 69 207 
237 196 61 237 257 89 
238 224 245 238 120 210 
239 66 115 239 31 23 
240 176 264 240 26 204 
241 223 164 241 253 150 
242 65 136 242 25 65 
243 147 100 243 174 138 
244 92 118 244 156 226 
245 169 48 245 178 184 
246 128 73 246 160 222 
247 40 166 247 16 5 
248 15 268 248 30 223 
249 27 196 249 74 73 
250 220 234 250 278 140 
251 28 113 251 141 247 
252 160 185 252 263 144 
253 59 58 253 169 142 
254 16 186 254 229 253 
255 188 129 255 148 101 
256 204 37 256 242 90 
257 109 240 257 50 240 
258 47 238 258 87 238 
259 121 251 259 8 233 
260 208 139 260 56 163 
261 173 5 261 58 273 
262 253 1 262 103 74 
263 277 92 263 126 206 
264 198 133 264 45 99 
265 83 199 265 138 7 
266 273 214 266 214 85 
267 26 52 267 85 276 
268 48 162 268 177 118 
269 209 261 269 205 277 
270 170 158 270 200 78 
271 85 276 271 147 179 
272 248 145 272 203 193 
273 192 190 273 276 194 
274 275 265 274 133 201 
275 120 212 275 64 35 
276 251 46 276 262 46 
277 95 211 277 79 162 
278 166 236 278 46 151 
279 123 121 279 279 175 
