***********************************
Experiment parameters:
Experiment results:
Permutations:
I U RANK QCV rand PATH 
1 267 134 1 47 218 
2 48 130 2 186 61 
3 128 251 3 180 104 
4 148 113 4 273 116 
5 44 219 5 176 261 
6 136 255 6 14 256 
7 172 276 7 135 5 
8 258 91 8 167 98 
9 131 102 9 267 160 
10 182 1 10 142 197 
11 151 2 11 234 243 
12 63 156 12 72 249 
13 124 261 13 245 273 
14 121 218 14 57 227 
15 257 3 15 66 181 
16 202 179 16 125 44 
17 134 208 17 207 138 
18 26 155 18 254 202 
19 193 22 19 171 113 
20 127 16 20 104 250 
21 255 144 21 5 123 
22 157 5 22 93 269 
23 256 77 23 65 264 
24 66 9 24 76 20 
25 161 238 25 15 179 
26 249 86 26 52 9 
27 254 96 27 151 129 
28 43 10 28 42 65 
29 113 6 29 185 237 
30 77 163 30 159 148 
31 5 274 31 274 164 
32 97 264 32 265 69 
33 237 182 33 100 260 
34 111 51 34 48 131 
35 15 7 35 217 149 
36 123 142 36 188 38 
37 170 83 37 107 8 
38 186 184 38 13 143 
39 133 55 39 55 248 
40 228 275 40 213 140 
41 28 12 41 199 29 
42 2 246 42 123 101 
43 184 196 43 221 232 
44 105 125 44 191 4 
45 191 229 45 153 184 
46 160 8 46 124 53 
47 31 175 47 183 52 
48 212 117 48 233 259 
49 132 256 49 204 207 
50 58 75 50 215 47 
51 138 239 51 237 39 
52 140 15 52 212 216 
53 168 21 53 37 34 
54 95 157 54 109 89 
55 10 209 55 7 275 
56 18 161 56 249 191 
57 40 242 57 219 219 
58 205 65 58 277 40 
59 166 198 59 43 3 
60 264 13 60 88 229 
61 220 180 61 130 213 
62 153 207 62 252 258 
63 217 95 63 182 92 
64 45 97 64 211 220 
65 236 212 65 268 228 
66 215 61 66 146 135 
67 120 185 67 270 211 
68 59 79 68 114 240 
69 179 59 69 260 60 
70 188 114 70 192 59 
71 129 273 71 132 234 
72 130 24 72 226 157 
73 72 233 73 34 188 
74 208 166 74 129 145 
75 46 4 75 209 77 
76 155 176 76 102 32 
77 149 162 77 184 107 
78 159 143 78 6 242 
79 92 254 79 246 2 
80 56 128 80 33 119 
81 87 81 81 269 120 
82 231 27 82 210 11 
83 101 165 83 115 233 
84 225 171 84 122 117 
85 144 234 85 240 71 
86 42 69 86 143 64 
87 158 56 87 111 200 
88 49 70 88 117 99 
89 73 225 89 152 43 
90 83 52 90 3 222 
91 232 36 91 164 270 
92 36 68 92 63 87 
93 103 111 93 131 84 
94 245 226 94 231 70 
95 275 216 95 44 142 
96 80 140 96 51 114 
97 218 190 97 49 154 
98 47 88 98 189 230 
99 24 66 99 61 223 
100 55 272 100 73 226 
101 251 119 101 62 41 
102 266 19 102 2 35 
103 88 129 103 18 103 
104 248 270 104 106 33 
105 30 205 105 92 81 
106 37 252 106 1 170 
107 203 199 107 36 56 
108 104 277 108 250 30 
109 165 71 109 154 236 
110 98 203 110 29 118 
111 86 104 111 27 115 
112 27 259 112 83 93 
113 99 250 113 258 193 
114 271 14 114 12 279 
115 108 100 115 162 265 
116 52 50 116 181 174 
117 276 168 117 272 144 
118 201 187 118 243 266 
119 278 210 119 256 239 
120 270 90 120 41 80 
121 29 245 121 119 12 
122 68 87 122 179 161 
123 226 107 123 157 155 
124 189 186 124 97 176 
125 174 80 125 60 196 
126 223 193 126 247 221 
127 16 188 127 222 100 
128 241 23 128 145 255 
129 117 249 129 165 83 
130 139 127 130 89 28 
131 70 191 131 136 190 
132 20 137 132 196 111 
133 187 105 133 82 272 
134 206 178 134 224 151 
135 9 247 135 218 247 
136 239 279 136 168 14 
137 169 248 137 4 209 
138 204 18 138 230 238 
139 199 278 139 173 132 
140 209 78 140 170 24 
141 22 31 141 241 31 
142 71 35 142 275 186 
143 75 192 143 225 156 
144 122 122 144 197 122 
145 227 48 145 84 82 
146 229 141 146 94 204 
147 268 201 147 38 201 
148 100 269 148 81 54 
149 279 231 149 149 27 
150 69 25 150 194 25 
151 61 131 151 193 268 
152 234 153 152 150 153 
153 38 112 153 96 50 
154 109 20 154 105 110 
155 233 34 155 187 21 
156 274 62 156 251 271 
157 25 121 157 59 86 
158 272 215 158 195 158 
159 107 145 159 21 165 
160 263 106 160 139 109 
161 21 126 161 244 205 
162 3 110 162 208 126 
163 89 63 163 227 55 
164 112 73 164 175 159 
165 195 103 165 110 199 
166 222 26 166 24 172 
167 13 243 167 239 198 
168 1 28 168 54 257 
169 152 160 169 172 97 
170 210 235 170 140 146 
171 214 30 171 10 252 
172 33 159 172 22 125 
173 269 149 173 17 246 
174 74 92 174 238 231 
175 207 262 175 113 192 
176 4 177 176 202 177 
177 196 164 177 266 175 
178 137 74 178 78 163 
179 91 257 179 116 168 
180 141 33 180 190 189 
181 163 120 181 216 162 
182 176 230 182 70 112 
183 277 84 183 264 58 
184 51 29 184 23 169 
185 219 89 185 261 245 
186 23 99 186 259 137 
187 17 172 187 201 23 
188 247 223 188 137 167 
189 244 37 189 95 85 
190 221 38 190 108 130 
191 240 232 191 118 1 
192 85 39 192 9 166 
193 177 94 193 67 72 
194 252 148 194 121 10 
195 262 174 195 77 94 
196 126 32 196 163 78 
197 238 173 197 271 36 
198 41 17 198 28 17 
199 82 98 199 166 217 
200 147 146 200 75 6 
201 183 45 201 198 108 
202 192 195 202 127 15 
203 8 43 203 158 136 
204 118 44 204 86 178 
205 185 47 205 98 139 
206 145 108 206 90 187 
207 194 236 207 232 171 
208 181 49 208 71 224 
209 242 167 209 19 75 
210 35 109 210 101 68 
211 90 46 211 255 46 
212 34 204 212 144 74 
213 154 211 213 134 45 
214 246 214 214 223 106 
215 39 118 215 35 210 
216 146 54 216 80 57 
217 96 76 217 161 208 
218 110 221 218 220 225 
219 11 53 219 40 244 
220 19 222 220 112 173 
221 200 133 221 236 150 
222 273 260 222 11 152 
223 259 58 223 228 212 
224 261 41 224 39 121 
225 119 154 225 155 195 
226 76 170 226 91 19 
227 143 183 227 32 214 
228 190 263 228 99 263 
229 125 138 229 53 278 
230 235 152 230 206 253 
231 53 258 231 68 51 
232 14 194 232 235 194 
233 216 64 233 128 7 
234 260 124 234 248 22 
235 6 93 235 20 90 
236 197 240 236 69 37 
237 198 265 237 257 185 
238 265 267 238 120 62 
239 250 116 239 31 276 
240 230 11 240 26 277 
241 79 147 241 253 235 
242 162 139 242 25 88 
243 156 42 243 174 66 
244 64 227 244 156 241 
245 178 253 245 178 79 
246 175 85 246 160 102 
247 180 244 247 16 105 
248 142 101 248 30 42 
249 81 181 249 74 73 
250 171 197 250 278 182 
251 243 158 251 141 128 
252 50 217 252 263 63 
253 60 213 253 169 180 
254 67 40 254 229 18 
255 253 206 255 148 206 
256 167 72 256 242 147 
257 93 220 257 50 13 
258 224 57 258 87 96 
259 114 169 259 8 262 
260 173 136 260 56 49 
261 57 135 261 58 141 
262 78 82 262 103 251 
263 102 271 263 126 16 
264 84 132 264 45 183 
265 12 237 265 138 67 
266 62 268 266 214 124 
267 116 202 267 85 134 
268 211 115 268 177 127 
269 150 228 269 205 267 
270 94 67 270 200 91 
271 7 266 271 147 76 
272 135 151 272 203 254 
273 164 189 273 276 274 
274 106 60 274 133 95 
275 213 224 275 64 26 
276 115 123 276 262 215 
277 54 241 277 79 48 
278 65 150 278 46 133 
279 32 200 279 279 203 
