***********************************
Experiment parameters:
Experiment results:
Permutations:
I U RANK QCV rand PATH 
1 198 129 1 47 138 
2 25 58 2 186 55 
3 161 207 3 180 35 
4 3 91 4 273 161 
5 173 185 5 176 82 
6 59 274 6 14 92 
7 105 139 7 135 28 
8 21 17 8 167 247 
9 23 182 9 267 143 
10 5 93 10 142 142 
11 111 2 11 234 254 
12 52 101 12 72 240 
13 56 149 13 245 223 
14 115 211 14 57 2 
15 18 4 15 66 198 
16 267 32 16 125 276 
17 82 216 17 207 230 
18 35 264 18 254 10 
19 250 143 19 171 20 
20 68 19 20 104 185 
21 237 142 21 5 75 
22 53 148 22 93 11 
23 16 232 23 65 163 
24 116 7 24 76 15 
25 273 43 25 15 32 
26 131 84 26 52 46 
27 10 141 27 151 147 
28 174 8 28 42 36 
29 160 3 29 185 121 
30 261 20 30 159 191 
31 177 53 31 274 162 
32 94 133 32 265 156 
33 47 176 33 100 157 
34 185 81 34 48 135 
35 167 198 35 217 3 
36 199 165 36 188 269 
37 24 82 37 107 238 
38 27 205 38 13 205 
39 252 254 39 55 51 
40 136 22 40 213 265 
41 229 11 41 199 241 
42 55 239 42 123 176 
43 172 135 43 221 133 
44 22 186 44 191 159 
45 7 173 45 153 167 
46 236 119 46 124 243 
47 74 252 47 183 179 
48 95 159 48 233 100 
49 139 13 49 204 125 
50 15 21 50 215 277 
51 217 158 51 237 88 
52 268 189 52 212 106 
53 171 48 53 37 38 
54 118 194 54 109 220 
55 108 206 55 7 16 
56 100 65 56 249 95 
57 122 215 57 219 194 
58 275 118 58 277 214 
59 149 167 59 43 158 
60 19 145 60 88 255 
61 9 77 61 130 184 
62 200 24 62 252 37 
63 20 234 63 182 206 
64 220 201 64 211 34 
65 202 154 65 268 225 
66 211 126 66 146 166 
67 176 56 67 270 31 
68 134 197 68 114 181 
69 120 275 69 260 270 
70 79 270 70 192 17 
71 38 179 71 132 53 
72 235 38 72 226 180 
73 114 227 73 34 5 
74 210 218 74 129 177 
75 4 163 75 209 232 
76 117 109 76 102 97 
77 135 66 77 184 193 
78 26 220 78 6 68 
79 278 253 79 246 260 
80 140 169 80 33 134 
81 42 54 81 269 149 
82 144 14 82 210 14 
83 107 60 83 115 66 
84 274 188 84 122 84 
85 49 125 85 240 24 
86 8 68 86 143 119 
87 33 52 87 111 228 
88 141 70 88 117 116 
89 271 180 89 152 81 
90 87 10 90 3 186 
91 147 67 91 164 67 
92 213 90 92 63 64 
93 203 123 93 131 196 
94 30 210 94 231 152 
95 209 124 95 44 164 
96 224 237 96 51 22 
97 51 203 97 49 58 
98 262 221 98 189 189 
99 13 5 99 61 54 
100 205 18 100 73 246 
101 162 146 101 62 251 
102 41 226 102 2 93 
103 231 127 103 18 91 
104 258 249 104 106 144 
105 270 177 105 92 218 
106 194 238 106 1 165 
107 44 191 107 36 182 
108 66 251 108 250 132 
109 103 106 109 154 229 
110 265 74 110 29 80 
111 244 187 111 27 12 
112 102 87 112 83 108 
113 249 224 113 258 63 
114 62 71 114 12 267 
115 80 27 115 162 209 
116 178 263 116 181 171 
117 104 95 117 272 151 
118 1 111 118 243 111 
119 151 219 119 256 104 
120 113 114 120 41 203 
121 92 230 121 119 253 
122 156 94 122 179 90 
123 232 107 123 157 200 
124 221 229 124 97 49 
125 40 200 125 60 256 
126 130 171 126 247 213 
127 54 255 127 222 145 
128 133 131 128 145 141 
129 182 240 129 165 102 
130 90 98 130 89 127 
131 243 175 131 136 169 
132 230 136 132 196 211 
133 152 50 133 82 137 
134 206 202 134 224 110 
135 71 244 135 218 244 
136 81 267 136 168 71 
137 121 23 137 4 6 
138 218 96 138 230 30 
139 61 178 139 173 221 
140 83 241 140 170 273 
141 58 140 141 241 140 
142 228 214 142 275 118 
143 190 122 143 225 183 
144 225 113 144 197 65 
145 57 208 145 84 130 
146 91 243 146 94 190 
147 164 103 147 38 103 
148 189 250 148 81 70 
149 184 35 149 149 207 
150 67 268 150 194 268 
151 251 261 151 193 27 
152 99 130 152 150 217 
153 197 85 153 96 123 
154 93 278 154 105 4 
155 240 168 155 187 114 
156 126 273 156 251 48 
157 170 265 157 59 150 
158 12 155 158 195 155 
159 277 12 159 21 187 
160 238 245 160 139 245 
161 143 25 161 244 45 
162 34 72 162 208 122 
163 64 62 163 227 279 
164 76 73 164 175 242 
165 222 102 165 110 126 
166 257 26 166 24 129 
167 263 257 167 239 139 
168 269 28 168 54 73 
169 73 160 169 172 44 
170 233 199 170 140 262 
171 169 88 171 10 26 
172 125 116 172 22 7 
173 65 121 173 17 41 
174 28 89 174 238 86 
175 72 99 175 113 197 
176 129 1 176 202 1 
177 212 172 177 266 212 
178 276 108 178 78 40 
179 245 104 179 116 109 
180 142 31 180 190 107 
181 43 193 181 216 170 
182 145 156 182 70 248 
183 78 83 183 264 42 
184 31 69 184 23 192 
185 239 86 185 261 131 
186 89 34 186 259 89 
187 254 138 187 201 136 
188 266 6 188 137 227 
189 132 37 189 95 52 
190 48 260 190 108 13 
191 264 75 191 118 272 
192 188 41 192 9 160 
193 123 277 193 67 21 
194 195 42 194 121 222 
195 247 195 195 77 271 
196 165 36 196 163 216 
197 124 144 197 271 249 
198 75 162 198 28 252 
199 88 235 199 166 266 
200 242 44 200 75 215 
201 110 153 201 198 98 
202 45 271 202 127 124 
203 148 39 203 158 62 
204 259 40 204 86 173 
205 260 49 205 98 259 
206 36 45 206 90 99 
207 279 266 207 232 96 
208 214 272 208 71 219 
209 6 212 209 19 94 
210 226 258 210 101 258 
211 106 29 211 255 29 
212 179 46 212 144 9 
213 85 92 213 134 76 
214 192 51 214 223 195 
215 137 248 215 35 278 
216 119 151 216 80 72 
217 84 76 217 161 178 
218 181 222 218 220 69 
219 153 112 219 40 250 
220 50 190 220 112 78 
221 246 47 221 236 57 
222 138 256 222 11 79 
223 207 217 223 228 154 
224 101 150 224 39 237 
225 96 236 225 155 18 
226 77 157 226 91 146 
227 98 137 227 32 50 
228 158 120 228 99 120 
229 157 269 229 53 83 
230 215 152 230 206 101 
231 2 78 231 68 201 
232 128 9 232 235 39 
233 272 59 233 128 226 
234 201 128 234 248 257 
235 146 246 235 20 25 
236 180 61 236 69 148 
237 256 259 237 257 263 
238 248 262 238 120 274 
239 219 242 239 31 115 
240 97 209 240 26 8 
241 112 164 241 253 188 
242 227 132 242 25 105 
243 193 30 243 174 113 
244 255 247 244 156 60 
245 253 231 245 178 59 
246 32 105 246 160 210 
247 70 55 247 16 233 
248 150 115 248 30 199 
249 159 161 249 74 112 
250 175 79 250 278 61 
251 186 15 251 141 128 
252 14 183 252 263 19 
253 216 184 253 169 239 
254 63 100 254 229 235 
255 191 170 255 148 43 
256 155 64 256 242 172 
257 17 174 257 50 174 
258 60 204 258 87 204 
259 234 80 259 8 74 
260 204 196 260 56 56 
261 183 166 261 58 77 
262 154 97 262 103 264 
263 86 228 263 126 168 
264 11 117 264 45 117 
265 241 213 265 138 85 
266 208 233 266 214 261 
267 29 192 267 85 224 
268 69 110 268 177 202 
269 166 225 269 205 23 
270 37 276 270 200 275 
271 127 279 271 147 231 
272 109 147 272 203 87 
273 39 181 273 276 153 
274 187 16 274 133 234 
275 163 63 275 64 236 
276 223 33 276 262 33 
277 196 223 277 79 208 
278 168 57 278 46 47 
279 46 134 279 279 175 
