***********************************
Experiment parameters:
Experiment results:
Permutations:
I U RANK QCV rand PATH 
1 275 137 184 47 184 
2 69 171 129 186 129 
3 195 94 36 180 36 
4 59 270 194 273 229 
5 227 46 21 176 21 
6 157 276 35 14 35 
7 75 155 65 135 145 
8 169 98 185 167 185 
9 38 105 258 267 136 
10 12 1 136 142 170 
11 231 2 234 234 234 
12 110 80 4 72 4 
13 119 47 140 245 140 
14 91 217 101 57 101 
15 10 3 138 66 13 
16 32 24 198 125 198 
17 254 229 222 207 222 
18 111 28 200 254 200 
19 241 4 34 171 34 
20 191 67 84 104 84 
21 234 159 239 5 239 
22 22 5 180 93 180 
23 114 141 66 65 188 
24 113 6 8 76 8 
25 156 223 73 15 73 
26 144 84 279 52 209 
27 243 100 112 151 112 
28 49 8 263 42 263 
29 238 7 192 185 7 
30 96 45 6 159 6 
31 51 227 168 274 168 
32 44 172 58 265 58 
33 19 197 3 100 85 
34 174 81 195 48 195 
35 252 9 267 217 46 
36 208 184 67 188 67 
37 83 190 142 107 142 
38 54 169 225 13 225 
39 70 202 218 55 269 
40 17 102 98 213 98 
41 50 101 235 199 157 
42 25 247 272 123 272 
43 95 153 5 221 252 
44 9 265 205 191 205 
45 26 238 59 153 59 
46 158 11 137 124 156 
47 55 31 27 183 27 
48 72 261 72 233 72 
49 99 260 45 204 45 
50 219 37 95 215 95 
51 108 165 183 237 183 
52 200 211 30 212 30 
53 141 219 246 37 246 
54 58 99 128 109 128 
55 35 196 143 7 143 
56 24 199 24 249 24 
57 15 234 260 219 43 
58 8 109 10 277 10 
59 79 193 77 43 77 
60 278 76 214 88 214 
61 137 271 262 130 262 
62 203 233 252 252 5 
63 62 251 17 182 17 
64 215 181 273 211 177 
65 115 62 151 268 151 
66 122 160 64 146 64 
67 214 186 250 270 250 
68 97 192 278 114 215 
69 42 82 163 260 163 
70 225 185 82 192 82 
71 217 41 41 132 41 
72 212 231 257 226 257 
73 63 274 266 34 266 
74 21 212 274 129 274 
75 197 205 61 209 61 
76 112 72 96 102 96 
77 192 51 196 184 196 
78 258 194 7 6 83 
79 177 249 159 246 159 
80 92 61 92 33 92 
81 46 54 120 269 120 
82 146 225 44 210 44 
83 121 103 51 115 51 
84 245 216 186 122 236 
85 118 113 110 240 110 
86 65 68 20 143 80 
87 223 48 122 111 122 
88 52 69 264 117 152 
89 242 65 91 152 108 
90 41 200 111 3 111 
91 207 71 207 164 207 
92 27 95 74 63 74 
93 176 119 68 131 68 
94 48 13 48 231 48 
95 133 128 165 44 165 
96 257 44 169 51 169 
97 1 244 256 49 256 
98 179 70 157 189 271 
99 193 73 228 61 228 
100 5 263 167 73 167 
101 247 264 247 62 247 
102 101 157 9 2 160 
103 68 124 107 18 126 
104 183 75 71 106 71 
105 120 53 212 92 212 
106 89 248 158 1 158 
107 117 195 1 36 1 
108 239 278 172 250 175 
109 57 21 116 154 264 
110 224 32 133 29 133 
111 132 140 162 27 162 
112 81 268 197 83 197 
113 164 239 16 258 16 
114 107 56 55 12 55 
115 244 187 244 162 244 
116 251 175 224 181 224 
117 199 111 261 272 261 
118 30 126 78 243 78 
119 237 235 237 256 237 
120 196 256 231 41 231 
121 271 240 232 119 232 
122 149 74 115 179 115 
123 86 129 146 157 146 
124 260 20 275 97 153 
125 178 146 99 60 238 
126 182 191 2 247 2 
127 13 214 76 222 76 
128 218 135 42 145 42 
129 16 254 193 165 193 
130 180 253 11 89 217 
131 265 139 108 136 40 
132 261 138 182 196 182 
133 76 203 148 82 148 
134 259 147 53 224 53 
135 222 26 26 218 26 
136 6 55 56 168 56 
137 129 213 97 4 97 
138 184 120 259 230 259 
139 276 201 233 173 240 
140 274 257 49 170 49 
141 235 220 220 241 220 
142 102 60 109 275 109 
143 64 255 80 225 125 
144 88 88 88 197 88 
145 125 106 147 84 147 
146 31 125 70 94 249 
147 277 178 178 38 178 
148 162 250 248 81 248 
149 165 36 94 149 94 
150 109 114 114 194 114 
151 135 241 203 193 203 
152 246 38 277 150 277 
153 206 91 215 96 137 
154 163 226 87 105 87 
155 74 19 164 187 164 
156 210 246 219 251 219 
157 29 176 102 59 102 
158 67 29 57 195 57 
159 82 97 103 21 103 
160 150 18 18 139 18 
161 268 112 100 244 139 
162 186 237 118 208 181 
163 160 63 135 227 135 
164 240 16 13 175 194 
165 4 174 229 110 187 
166 279 123 125 24 89 
167 173 215 174 239 216 
168 233 188 243 54 243 
169 85 166 236 172 118 
170 61 236 210 140 9 
171 154 30 188 10 258 
172 187 14 126 22 174 
173 106 131 79 17 79 
174 153 221 90 238 273 
175 43 104 89 113 267 
176 143 150 150 202 150 
177 60 50 127 266 127 
178 204 243 105 78 211 
179 220 92 141 116 141 
180 216 182 104 190 70 
181 128 189 223 216 223 
182 7 33 201 70 192 
183 263 83 83 264 90 
184 20 25 152 23 191 
185 45 87 238 261 3 
186 272 34 46 259 260 
187 3 35 240 201 179 
188 264 266 213 137 213 
189 84 258 131 95 172 
190 18 170 209 108 113 
191 28 122 254 118 275 
192 155 132 113 9 91 
193 213 115 12 67 12 
194 229 39 177 121 105 
195 171 40 190 77 210 
196 33 145 175 163 33 
197 103 207 75 271 75 
198 126 27 31 28 31 
199 47 208 54 166 54 
200 123 42 191 75 166 
201 148 43 40 198 154 
202 131 183 211 127 25 
203 39 267 204 158 65 
204 161 269 85 86 20 
205 172 134 33 98 268 
206 250 273 154 90 104 
207 166 259 208 232 208 
208 262 224 268 71 23 
209 142 127 37 19 37 
210 228 10 60 101 60 
211 2 86 86 255 86 
212 226 108 160 144 100 
213 14 222 23 134 99 
214 139 154 25 223 138 
215 198 173 139 35 235 
216 73 167 156 80 253 
217 77 142 170 161 233 
218 104 77 217 220 66 
219 145 156 253 40 15 
220 253 85 255 112 107 
221 159 242 149 236 149 
222 168 89 179 11 186 
223 266 277 62 228 62 
224 23 168 227 39 227 
225 93 107 134 155 134 
226 170 136 155 91 155 
227 152 245 171 32 171 
228 211 121 121 99 121 
229 53 152 43 53 11 
230 236 158 206 206 206 
231 221 78 269 68 254 
232 202 58 276 235 255 
233 270 59 249 128 279 
234 255 90 181 248 201 
235 188 93 153 20 131 
236 127 218 270 69 276 
237 194 118 173 257 204 
238 269 275 145 120 218 
239 100 116 119 31 119 
240 256 49 187 26 270 
241 273 161 63 253 63 
242 175 180 15 25 278 
243 248 228 47 174 47 
244 205 198 22 156 22 
245 232 15 81 178 81 
246 36 179 221 160 221 
247 140 148 52 16 52 
248 37 279 216 30 265 
249 80 210 161 74 116 
250 267 79 166 278 161 
251 87 110 132 141 132 
252 94 232 69 263 69 
253 78 52 271 169 190 
254 40 22 199 229 199 
255 151 17 189 148 189 
256 136 12 50 242 50 
257 130 130 130 50 130 
258 66 230 230 87 230 
259 190 133 32 8 32 
260 230 23 226 56 226 
261 98 262 241 58 241 
262 116 66 28 103 28 
263 209 164 19 126 19 
264 56 144 14 45 14 
265 147 252 123 138 123 
266 90 64 245 214 245 
267 138 206 93 85 93 
268 185 162 117 177 117 
269 105 151 38 205 38 
270 167 163 176 200 176 
271 134 272 144 147 144 
272 124 177 202 203 202 
273 189 204 39 276 39 
274 249 143 251 133 251 
275 34 209 124 64 124 
276 71 57 29 262 29 
277 11 117 106 79 106 
278 201 149 242 46 242 
279 181 96 265 279 173 
