***********************************
Experiment parameters:
Experiment results:
Permutations:
I U RANK QCV rand PATH 
1 1 125 69 47 154 
2 66 199 168 186 156 
3 63 252 169 180 140 
4 267 277 188 273 188 
5 37 225 203 176 243 
6 17 221 243 14 69 
7 26 168 122 135 122 
8 202 68 77 167 77 
9 232 247 140 267 46 
10 15 56 46 142 214 
11 27 2 167 234 94 
12 16 79 172 72 172 
13 178 55 35 245 35 
14 56 204 265 57 265 
15 44 220 124 66 124 
16 109 201 196 125 196 
17 31 192 272 207 272 
18 72 269 15 254 229 
19 83 205 239 171 97 
20 146 163 113 104 113 
21 86 142 26 5 26 
22 214 6 6 93 232 
23 74 65 178 65 225 
24 227 209 44 76 44 
25 211 164 210 15 210 
26 234 85 34 52 204 
27 34 95 91 151 91 
28 134 124 11 42 152 
29 65 5 193 185 193 
30 104 172 149 159 149 
31 94 212 252 274 252 
32 5 14 121 265 121 
33 54 177 225 100 21 
34 125 149 215 48 23 
35 206 180 90 217 104 
36 115 136 241 188 181 
37 131 82 248 107 248 
38 241 115 179 13 179 
39 237 215 182 55 100 
40 3 67 115 213 115 
41 249 11 268 199 108 
42 79 251 221 123 221 
43 2 135 266 221 215 
44 246 51 278 191 278 
45 87 265 87 153 87 
46 71 185 21 124 2 
47 277 264 224 183 224 
48 160 19 51 233 51 
49 203 22 181 204 176 
50 38 261 226 215 226 
51 260 154 28 237 28 
52 88 236 274 212 75 
53 91 241 207 37 207 
54 73 104 5 109 47 
55 247 262 86 7 86 
56 51 210 160 249 160 
57 132 243 233 219 233 
58 159 157 60 277 60 
59 221 184 184 43 184 
60 21 208 141 88 141 
61 119 159 43 130 43 
62 96 181 23 252 49 
63 173 64 71 182 71 
64 99 110 2 211 258 
65 25 18 228 268 228 
66 111 98 111 146 111 
67 174 182 174 270 174 
68 222 193 191 114 246 
69 69 279 114 260 114 
70 59 213 279 192 279 
71 82 140 212 132 212 
72 89 263 189 226 189 
73 151 13 120 34 120 
74 122 120 61 129 61 
75 217 17 72 209 72 
76 98 72 17 102 17 
77 45 127 230 184 230 
78 93 194 244 6 182 
79 248 255 63 246 63 
80 92 271 19 33 19 
81 190 196 231 269 231 
82 76 114 67 210 67 
83 84 73 74 115 74 
84 188 195 54 122 195 
85 32 248 108 240 211 
86 180 178 49 143 88 
87 70 46 133 111 133 
88 14 69 223 117 90 
89 102 191 153 152 153 
90 274 169 269 3 269 
91 264 254 254 164 254 
92 165 102 217 63 217 
93 272 112 47 131 42 
94 106 272 106 231 106 
95 224 117 57 44 57 
96 179 179 37 51 37 
97 152 103 92 49 92 
98 97 100 250 189 218 
99 141 145 143 61 143 
100 155 16 64 73 64 
101 231 52 222 62 222 
102 266 130 100 2 158 
103 28 188 158 18 107 
104 48 270 4 106 270 
105 107 61 256 92 256 
106 176 203 163 1 163 
107 252 190 119 36 119 
108 276 24 197 250 197 
109 118 99 132 154 96 
110 136 216 116 29 116 
111 142 230 234 27 234 
112 158 88 79 83 79 
113 18 176 59 258 59 
114 68 260 249 12 249 
115 150 189 270 162 157 
116 57 161 236 181 236 
117 279 109 148 272 148 
118 229 166 131 243 131 
119 228 259 137 256 137 
120 204 92 103 41 103 
121 154 246 151 119 32 
122 13 217 102 179 102 
123 175 155 101 157 101 
124 78 218 110 97 223 
125 10 101 209 60 169 
126 129 21 192 247 192 
127 216 141 208 222 208 
128 41 122 62 145 62 
129 163 253 136 165 136 
130 6 223 14 89 235 
131 195 229 195 136 194 
132 265 133 190 196 190 
133 256 33 7 82 7 
134 271 198 164 224 164 
135 213 170 170 218 170 
136 245 249 260 168 260 
137 194 74 262 4 262 
138 77 53 138 230 138 
139 144 167 99 173 99 
140 120 40 3 170 3 
141 53 118 94 241 118 
142 49 60 157 275 4 
143 121 23 273 225 238 
144 198 35 55 197 55 
145 108 150 198 84 198 
146 113 235 96 94 274 
147 164 242 242 38 242 
148 220 12 117 81 117 
149 124 8 8 149 8 
150 64 76 76 194 76 
151 187 4 199 193 199 
152 254 162 171 150 171 
153 167 232 93 96 93 
154 75 258 123 105 123 
155 162 207 186 187 186 
156 189 66 200 251 241 
157 170 206 213 59 213 
158 140 129 45 195 45 
159 169 276 73 21 73 
160 183 70 70 139 70 
161 270 106 82 244 82 
162 100 71 185 208 253 
163 242 63 220 227 220 
164 39 239 161 175 161 
165 219 50 147 110 147 
166 275 26 9 24 9 
167 161 28 139 239 139 
168 259 108 83 54 83 
169 116 266 126 172 126 
170 223 128 52 140 52 
171 103 30 219 10 219 
172 135 174 105 22 105 
173 12 200 176 17 155 
174 212 94 205 238 205 
175 23 96 218 113 166 
176 137 173 173 202 173 
177 11 29 227 266 227 
178 112 147 259 78 259 
179 133 134 271 116 271 
180 58 32 48 190 247 
181 171 1 13 216 13 
182 7 268 267 70 267 
183 253 83 128 264 128 
184 43 27 240 23 240 
185 85 87 177 261 177 
186 42 34 135 259 135 
187 36 146 204 201 40 
188 80 256 127 137 127 
189 20 36 42 95 134 
190 143 20 20 108 178 
191 138 152 134 118 11 
192 110 38 104 9 203 
193 201 226 29 67 29 
194 29 39 85 121 85 
195 168 245 40 77 168 
196 147 90 175 163 191 
197 148 202 202 271 202 
198 172 224 264 28 264 
199 101 80 80 166 80 
200 185 42 246 75 30 
201 166 274 258 198 54 
202 139 44 214 127 48 
203 218 97 97 158 130 
204 238 238 180 86 132 
205 35 47 112 98 167 
206 126 48 235 90 175 
207 239 138 145 232 145 
208 177 49 155 71 15 
209 182 227 261 19 261 
210 278 41 41 101 41 
211 236 165 165 255 165 
212 205 240 22 144 200 
213 226 93 156 134 34 
214 33 132 257 223 244 
215 196 244 75 35 250 
216 95 137 253 80 14 
217 184 75 30 161 22 
218 209 119 232 220 239 
219 250 54 27 40 266 
220 235 107 152 112 257 
221 230 84 216 236 216 
222 243 250 107 11 180 
223 19 171 18 228 18 
224 117 37 206 39 206 
225 9 57 247 155 6 
226 114 121 36 91 36 
227 61 156 33 32 33 
228 208 187 187 99 187 
229 191 214 154 53 20 
230 269 144 211 206 209 
231 105 62 275 68 56 
232 215 59 238 235 110 
233 8 15 194 128 58 
234 257 58 58 248 273 
235 24 91 118 20 151 
236 145 151 144 69 144 
237 244 257 88 257 185 
238 273 273 130 120 275 
239 255 113 251 31 268 
240 67 3 229 26 112 
241 240 153 146 253 146 
242 62 131 32 25 27 
243 22 143 201 174 201 
244 251 231 10 156 10 
245 210 267 277 178 277 
246 197 275 39 160 39 
247 262 7 237 16 237 
248 60 175 166 30 5 
249 225 233 38 74 38 
250 268 78 16 278 16 
251 258 105 56 141 251 
252 40 211 24 263 24 
253 90 111 159 169 159 
254 4 160 53 229 53 
255 157 31 31 148 31 
256 181 25 25 242 25 
257 81 81 81 50 81 
258 30 183 183 87 183 
259 186 116 89 8 89 
260 127 126 78 56 78 
261 46 43 66 58 66 
262 233 148 109 103 109 
263 149 186 263 126 263 
264 130 123 125 45 125 
265 192 222 12 138 12 
266 52 237 98 214 98 
267 261 219 245 85 245 
268 153 234 150 177 150 
269 55 228 162 205 162 
270 47 77 68 200 68 
271 50 9 255 147 255 
272 128 139 50 203 50 
273 207 158 95 276 95 
274 263 86 1 133 1 
275 199 197 142 64 142 
276 200 45 129 262 129 
277 123 10 276 79 276 
278 156 89 84 46 84 
279 193 278 65 279 65 
