***********************************
Experiment parameters:
Experiment results:
Permutations:
I U RANK QCV rand PATH 
1 269 213 214 47 92 
2 88 74 60 186 78 
3 21 105 21 180 21 
4 200 92 102 273 86 
5 179 221 71 176 43 
6 123 13 78 14 214 
7 39 179 97 135 271 
8 122 161 231 167 231 
9 102 250 217 267 217 
10 89 119 248 142 37 
11 257 208 162 234 113 
12 178 107 37 72 119 
13 260 254 207 245 207 
14 104 201 191 57 191 
15 218 152 146 66 251 
16 220 159 111 125 111 
17 59 62 51 207 51 
18 150 126 92 254 60 
19 155 5 135 171 97 
20 86 106 79 104 102 
21 47 216 94 5 94 
22 26 248 103 93 38 
23 92 101 158 65 64 
24 236 7 211 76 18 
25 67 226 159 15 159 
26 193 206 221 52 42 
27 137 97 114 151 114 
28 80 181 50 42 173 
29 167 4 89 185 106 
30 188 246 12 159 12 
31 79 227 90 274 90 
32 166 128 193 265 193 
33 62 191 203 100 71 
34 171 196 86 48 103 
35 22 167 4 217 79 
36 127 65 43 188 137 
37 36 82 186 107 165 
38 23 8 265 13 265 
39 96 260 25 55 132 
40 211 265 26 213 26 
41 199 11 7 199 135 
42 117 249 275 123 275 
43 154 146 210 221 20 
44 17 35 142 191 142 
45 94 258 224 153 224 
46 159 169 63 124 164 
47 132 127 61 183 61 
48 139 60 126 233 126 
49 231 275 256 204 256 
50 161 67 118 215 118 
51 9 20 175 237 175 
52 28 252 239 212 95 
53 235 96 83 37 83 
54 144 103 173 109 107 
55 197 108 188 7 188 
56 126 144 139 249 139 
57 6 224 194 219 194 
58 152 136 149 277 149 
59 204 56 116 43 116 
60 90 46 112 88 112 
61 52 235 270 130 270 
62 57 217 229 252 50 
63 93 238 147 182 147 
64 82 205 75 211 62 
65 29 154 262 268 262 
66 48 2 10 146 10 
67 175 173 13 270 13 
68 98 134 137 114 279 
69 58 241 23 260 23 
70 105 231 241 192 241 
71 201 90 227 132 227 
72 115 83 148 226 148 
73 109 85 192 34 192 
74 18 192 77 129 77 
75 156 158 200 209 200 
76 229 190 81 102 81 
77 272 125 243 184 243 
78 223 212 264 6 117 
79 71 211 255 246 255 
80 16 200 259 33 259 
81 209 242 253 269 253 
82 85 26 161 210 161 
83 53 133 183 115 183 
84 251 223 64 122 181 
85 195 9 163 240 11 
86 8 116 205 143 152 
87 276 22 122 111 122 
88 233 69 95 117 167 
89 226 17 109 152 277 
90 227 259 87 3 87 
91 217 182 156 164 156 
92 14 115 232 63 232 
93 100 122 279 131 172 
94 46 278 157 231 157 
95 206 123 15 44 15 
96 133 88 8 51 8 
97 116 237 199 49 199 
98 151 225 134 189 176 
99 244 111 242 61 242 
100 181 276 216 73 216 
101 15 110 73 62 73 
102 271 230 132 2 221 
103 64 131 160 18 160 
104 83 156 182 106 182 
105 241 77 155 92 155 
106 165 257 91 1 91 
107 99 189 16 36 16 
108 110 16 19 250 19 
109 153 70 153 154 153 
110 111 36 24 29 24 
111 135 14 247 27 247 
112 253 164 100 83 100 
113 148 184 213 258 212 
114 182 168 1 12 1 
115 214 272 128 162 124 
116 73 172 204 181 204 
117 130 87 130 272 130 
118 247 157 197 243 70 
119 250 256 250 256 250 
120 25 199 18 41 237 
121 202 222 273 119 93 
122 232 232 115 179 115 
123 49 52 74 157 74 
124 278 239 261 97 5 
125 183 10 181 60 189 
126 177 193 184 247 184 
127 118 112 46 222 46 
128 125 137 49 145 49 
129 262 244 244 165 244 
130 87 129 276 89 47 
131 129 261 278 136 7 
132 19 138 110 196 110 
133 91 270 2 82 2 
134 240 155 240 224 240 
135 68 234 234 218 234 
136 7 1 168 168 168 
137 145 183 145 4 145 
138 128 6 31 230 31 
139 186 186 70 173 269 
140 191 162 166 170 166 
141 13 274 76 241 274 
142 5 149 136 275 136 
143 75 135 164 225 206 
144 254 72 254 197 254 
145 136 240 228 84 228 
146 41 75 151 94 208 
147 187 219 219 38 219 
148 246 18 9 81 9 
149 210 21 105 149 105 
150 20 98 68 194 68 
151 242 266 187 193 187 
152 230 68 98 150 98 
153 76 86 65 96 121 
154 216 220 246 105 246 
155 149 166 209 187 209 
156 160 55 96 251 96 
157 42 174 124 59 268 
158 237 80 177 195 177 
159 173 247 133 21 133 
160 95 66 66 139 66 
161 208 25 38 244 134 
162 108 71 99 208 57 
163 107 63 138 227 233 
164 106 153 69 175 278 
165 120 102 113 110 82 
166 267 194 252 24 28 
167 24 27 84 239 264 
168 157 28 47 54 65 
169 277 171 271 172 263 
170 69 140 152 140 261 
171 66 176 120 10 210 
172 34 113 233 22 39 
173 119 121 45 17 56 
174 212 19 238 238 151 
175 256 100 106 113 205 
176 61 53 53 202 53 
177 207 29 48 266 48 
178 213 73 93 78 260 
179 12 142 35 116 35 
180 224 89 17 190 248 
181 203 188 62 216 238 
182 84 33 22 70 236 
183 134 236 33 264 203 
184 31 30 225 23 63 
185 189 245 52 261 141 
186 194 34 56 259 213 
187 11 210 268 201 266 
188 65 243 125 137 125 
189 37 95 119 95 163 
190 162 37 121 108 158 
191 2 195 189 118 211 
192 101 38 230 9 27 
193 140 118 59 67 59 
194 245 104 237 121 128 
195 270 214 82 77 245 
196 138 39 269 163 131 
197 97 58 58 271 58 
198 184 61 127 28 127 
199 266 170 3 166 3 
200 81 43 178 75 258 
201 131 279 107 198 223 
202 63 45 172 127 140 
203 225 42 212 158 267 
204 30 132 165 86 230 
205 255 47 176 98 222 
206 43 99 129 90 252 
207 169 31 72 232 72 
208 163 49 277 71 239 
209 274 48 67 19 67 
210 180 40 40 101 40 
211 265 32 32 255 32 
212 78 263 34 144 76 
213 56 93 206 134 162 
214 4 264 201 223 138 
215 275 151 20 35 201 
216 54 94 223 80 99 
217 124 76 141 161 276 
218 174 163 5 220 257 
219 261 267 208 40 25 
220 141 165 30 112 84 
221 252 24 218 236 218 
222 146 269 42 11 186 
223 113 262 154 228 154 
224 196 23 88 39 88 
225 239 114 245 155 30 
226 170 178 195 91 195 
227 45 78 202 32 202 
228 279 44 44 99 44 
229 164 51 266 53 109 
230 74 150 196 206 169 
231 35 233 167 68 273 
232 33 109 27 235 229 
233 168 15 236 128 225 
234 264 57 57 248 17 
235 205 91 257 20 171 
236 72 117 249 69 249 
237 263 271 169 257 33 
238 273 273 123 120 123 
239 112 50 258 31 22 
240 60 124 39 26 75 
241 222 175 179 253 150 
242 172 141 251 25 4 
243 32 3 144 174 144 
244 192 228 14 156 14 
245 3 12 220 178 220 
246 1 64 267 160 52 
247 40 41 272 16 272 
248 114 277 263 30 34 
249 176 84 117 74 129 
250 249 79 171 278 179 
251 51 229 131 141 146 
252 143 204 150 263 178 
253 219 148 260 169 120 
254 190 139 6 229 6 
255 268 145 85 148 85 
256 243 59 29 242 29 
257 50 198 198 50 198 
258 234 185 185 87 185 
259 142 180 36 8 36 
260 185 120 11 56 197 
261 103 187 41 58 41 
262 121 130 190 103 190 
263 215 209 55 126 55 
264 221 143 222 45 89 
265 259 251 104 138 104 
266 158 202 235 214 235 
267 10 203 28 85 69 
268 147 215 226 177 226 
269 38 253 170 205 170 
270 238 268 174 200 174 
271 44 255 140 147 196 
272 55 160 54 203 54 
273 228 197 143 276 143 
274 77 147 108 133 108 
275 70 54 274 64 45 
276 198 177 80 262 80 
277 27 207 215 79 215 
278 258 218 180 46 180 
279 248 81 101 279 101 
