***********************************
Experiment parameters:
Experiment results:
Permutations:
I U RANK QCV rand PATH 
1 205 52 10 47 10 
2 197 103 14 186 14 
3 124 216 176 180 124 
4 130 258 186 273 19 
5 150 26 150 176 150 
6 87 272 19 14 24 
7 229 232 229 135 229 
8 120 233 120 167 120 
9 115 225 115 267 115 
10 31 191 31 142 31 
11 60 121 60 234 60 
12 108 264 108 72 108 
13 178 92 178 245 178 
14 191 105 191 57 191 
15 70 257 97 66 70 
16 199 114 199 125 199 
17 58 115 58 207 58 
18 10 270 24 254 27 
19 129 248 129 171 129 
20 19 243 27 104 39 
21 211 162 211 5 211 
22 24 84 39 93 52 
23 158 128 158 65 158 
24 203 145 203 76 203 
25 262 135 262 15 262 
26 69 177 69 52 69 
27 47 209 47 151 47 
28 97 166 70 42 97 
29 33 33 33 185 33 
30 37 45 37 159 37 
31 227 172 227 274 227 
32 62 150 62 265 62 
33 13 144 13 100 13 
34 14 205 258 48 65 
35 254 176 254 217 254 
36 80 256 80 188 80 
37 147 69 147 107 147 
38 271 164 271 13 271 
39 148 117 148 55 148 
40 162 173 162 213 162 
41 61 259 61 199 61 
42 101 273 101 123 101 
43 140 1 140 221 140 
44 176 49 124 191 176 
45 257 86 257 153 257 
46 200 200 200 124 200 
47 187 178 187 183 187 
48 38 38 38 233 38 
49 94 65 192 204 84 
50 95 265 95 215 95 
51 4 262 4 237 4 
52 154 261 154 212 154 
53 102 271 102 37 102 
54 265 155 265 109 265 
55 209 142 209 7 209 
56 22 22 22 249 22 
57 84 10 197 219 87 
58 174 61 174 277 174 
59 131 131 131 43 131 
60 44 93 44 88 44 
61 55 124 55 130 55 
62 42 254 42 252 42 
63 274 154 274 182 274 
64 142 163 142 211 142 
65 279 140 279 268 279 
66 63 62 63 146 63 
67 277 277 277 270 277 
68 231 98 231 114 231 
69 65 39 175 260 88 
70 226 78 226 192 226 
71 105 274 105 132 105 
72 139 16 139 226 139 
73 46 149 46 34 46 
74 188 31 188 129 188 
75 219 53 219 209 219 
76 26 204 26 102 26 
77 8 158 8 184 8 
78 161 118 161 6 161 
79 193 15 193 246 193 
80 212 89 212 33 212 
81 189 201 189 269 189 
82 100 175 52 210 94 
83 119 119 119 115 119 
84 255 2 255 122 255 
85 91 190 91 240 91 
86 151 219 151 143 151 
87 160 97 160 111 160 
88 98 54 98 117 98 
89 268 81 268 152 268 
90 135 253 135 3 135 
91 244 11 244 164 244 
92 134 6 134 63 134 
93 201 222 201 131 201 
94 109 245 109 231 109 
95 246 169 246 44 246 
96 210 34 210 51 210 
97 241 241 241 49 241 
98 67 199 67 189 67 
99 52 186 260 61 100 
100 6 213 6 73 6 
101 224 4 224 62 224 
102 34 220 34 2 34 
103 16 223 16 18 16 
104 239 170 239 106 239 
105 88 14 65 92 103 
106 146 146 146 1 146 
107 29 29 29 36 29 
108 136 260 243 250 136 
109 54 57 54 154 54 
110 96 236 96 29 96 
111 163 165 163 27 163 
112 236 268 236 83 236 
113 267 156 267 258 267 
114 155 79 222 12 222 
115 247 12 247 162 247 
116 228 37 228 181 228 
117 30 60 30 272 30 
118 112 217 112 243 112 
119 41 9 41 256 41 
120 144 269 144 41 144 
121 7 28 7 119 7 
122 222 95 155 179 155 
123 179 141 179 157 179 
124 149 70 86 97 86 
125 25 218 25 60 25 
126 71 71 71 247 71 
127 269 73 269 222 269 
128 145 127 145 145 145 
129 137 90 137 165 137 
130 77 77 77 89 77 
131 86 85 149 136 149 
132 256 224 256 196 256 
133 232 130 232 82 232 
134 235 47 235 224 235 
135 165 136 205 218 153 
136 215 133 215 168 215 
137 198 208 198 4 198 
138 3 56 3 230 3 
139 104 159 104 173 104 
140 263 76 263 170 263 
141 143 143 143 241 143 
142 106 106 106 275 106 
143 168 107 168 225 168 
144 18 112 18 197 18 
145 114 231 114 84 114 
146 213 18 213 94 213 
147 157 206 157 38 157 
148 32 32 32 81 32 
149 49 237 49 149 49 
150 264 58 264 194 264 
151 218 239 218 193 218 
152 220 46 220 150 220 
153 156 250 156 96 156 
154 190 207 190 105 190 
155 113 244 113 187 113 
156 196 167 196 251 196 
157 184 182 184 59 184 
158 11 41 11 195 11 
159 225 235 225 21 225 
160 78 188 78 139 78 
161 21 134 21 244 21 
162 245 75 245 208 245 
163 169 246 169 227 169 
164 177 249 177 175 177 
165 23 72 23 110 23 
166 64 64 64 24 64 
167 276 276 276 239 276 
168 238 238 238 54 238 
169 252 252 252 172 252 
170 185 51 185 140 185 
171 221 183 221 10 221 
172 253 228 253 22 253 
173 51 109 51 17 51 
174 202 48 202 238 202 
175 57 59 57 113 57 
176 103 197 84 202 175 
177 153 94 270 266 186 
178 121 91 121 78 121 
179 240 240 240 116 240 
180 217 21 217 190 217 
181 48 202 48 216 48 
182 116 40 116 70 116 
183 17 111 17 264 17 
184 40 116 40 23 40 
185 171 266 171 261 171 
186 89 99 89 259 89 
187 233 214 233 201 233 
188 208 198 208 137 208 
189 1 17 1 95 1 
190 216 50 216 108 216 
191 35 67 35 118 35 
192 170 23 170 9 170 
193 273 151 273 67 273 
194 2 137 2 121 2 
195 117 148 117 77 117 
196 122 275 122 163 122 
197 15 68 15 271 15 
198 133 215 133 28 133 
199 20 212 20 166 20 
200 204 74 204 75 204 
201 92 80 92 198 92 
202 125 125 125 127 125 
203 128 30 128 158 128 
204 27 96 130 86 130 
205 107 113 107 98 107 
206 278 195 278 90 278 
207 180 122 180 232 180 
208 12 247 12 71 12 
209 43 171 43 19 43 
210 110 110 110 101 110 
211 81 132 81 255 81 
212 249 147 249 144 249 
213 76 263 76 134 76 
214 167 196 167 223 167 
215 275 161 275 35 275 
216 261 211 261 80 261 
217 152 152 152 161 152 
218 206 123 206 220 206 
219 251 168 251 40 251 
220 39 174 259 112 259 
221 73 203 73 236 73 
222 207 279 207 11 207 
223 111 8 111 228 111 
224 223 42 223 39 223 
225 5 5 5 155 5 
226 192 19 87 91 192 
227 186 153 88 32 197 
228 74 187 74 99 74 
229 72 267 72 53 72 
230 90 13 90 206 90 
231 194 25 194 68 194 
232 85 139 85 235 85 
233 250 194 250 128 250 
234 175 102 173 248 173 
235 53 179 53 20 53 
236 266 180 266 69 266 
237 173 226 165 257 165 
238 28 227 28 120 28 
239 270 192 94 31 205 
240 99 20 99 26 99 
241 164 3 164 253 164 
242 260 27 272 25 243 
243 126 234 126 174 126 
244 79 242 79 156 79 
245 214 221 214 178 214 
246 259 87 100 160 258 
247 123 157 123 16 123 
248 56 278 56 30 56 
249 183 36 183 74 183 
250 36 44 36 278 36 
251 195 7 195 141 195 
252 166 160 166 263 166 
253 75 185 75 169 75 
254 9 251 9 229 9 
255 66 66 66 148 66 
256 182 184 182 242 182 
257 68 181 68 50 68 
258 127 255 127 87 127 
259 230 230 230 8 230 
260 272 24 103 56 260 
261 45 138 45 58 45 
262 159 104 159 103 159 
263 59 101 59 126 59 
264 50 55 50 45 50 
265 83 43 83 138 83 
266 181 193 181 214 181 
267 258 88 136 85 270 
268 234 126 234 177 234 
269 132 129 132 205 132 
270 242 189 242 200 242 
271 172 108 172 147 172 
272 237 210 237 203 237 
273 243 100 153 276 272 
274 118 63 118 133 118 
275 248 229 248 64 248 
276 141 120 141 262 141 
277 93 35 93 79 93 
278 138 82 138 46 138 
279 82 83 82 279 82 
