***********************************
Experiment parameters:
Experiment results:
Permutations:
I U RANK QCV rand PATH 
1 259 222 4 47 4 
2 258 58 7 186 36 
3 18 74 18 180 18 
4 145 184 259 273 77 
5 219 235 219 176 219 
6 46 4 184 14 32 
7 201 27 201 135 201 
8 187 72 187 167 187 
9 101 175 101 267 101 
10 5 13 5 142 5 
11 249 44 249 234 249 
12 1 98 1 72 1 
13 250 191 250 245 250 
14 88 101 88 57 88 
15 59 87 218 66 218 
16 103 16 103 125 103 
17 161 121 161 207 161 
18 4 78 204 254 46 
19 159 43 159 171 159 
20 264 32 32 104 58 
21 175 135 175 5 175 
22 58 7 28 93 61 
23 147 63 147 65 147 
24 271 255 271 76 271 
25 112 165 112 15 112 
26 86 11 86 52 86 
27 137 137 137 151 137 
28 218 210 59 42 59 
29 162 188 162 185 162 
30 191 177 191 159 191 
31 39 162 39 274 39 
32 276 276 276 265 276 
33 239 132 239 100 239 
34 34 196 217 48 78 
35 20 94 20 217 20 
36 25 29 25 188 25 
37 84 123 84 107 84 
38 45 161 45 13 45 
39 11 146 11 55 11 
40 273 88 273 213 273 
41 193 82 193 199 193 
42 199 215 199 123 199 
43 63 89 63 221 63 
44 223 223 223 191 223 
45 226 97 226 153 226 
46 48 234 48 124 48 
47 111 153 111 183 111 
48 109 109 109 233 109 
49 128 141 46 204 119 
50 96 96 96 215 96 
51 153 197 153 237 153 
52 113 1 113 212 113 
53 269 60 269 37 269 
54 194 77 194 109 194 
55 214 180 214 7 214 
56 42 42 42 249 42 
57 138 259 256 219 128 
58 82 36 82 277 82 
59 146 79 146 43 146 
60 16 56 16 88 16 
61 67 173 67 130 67 
62 94 18 94 252 94 
63 12 209 12 182 12 
64 121 214 121 211 121 
65 156 147 156 268 156 
66 270 111 270 146 270 
67 30 238 30 270 30 
68 3 3 3 114 3 
69 32 138 58 260 130 
70 15 81 15 192 15 
71 139 224 139 132 139 
72 62 205 62 226 62 
73 275 92 275 34 275 
74 166 166 166 129 166 
75 134 172 134 209 134 
76 227 278 227 102 227 
77 107 158 107 184 107 
78 177 25 177 6 177 
79 21 211 21 246 21 
80 37 277 37 33 37 
81 50 193 50 269 50 
82 184 225 222 210 138 
83 235 112 235 115 235 
84 189 239 189 122 189 
85 265 265 265 240 265 
86 208 73 208 143 208 
87 9 218 9 111 9 
88 263 22 263 117 263 
89 261 159 261 152 261 
90 29 250 29 3 29 
91 40 156 40 164 40 
92 104 85 104 63 104 
93 38 194 38 131 38 
94 136 136 136 231 136 
95 202 202 202 44 202 
96 173 34 173 51 173 
97 33 33 33 49 33 
98 106 170 106 189 106 
99 28 229 61 61 141 
100 233 95 233 73 233 
101 279 116 279 62 279 
102 176 9 176 2 176 
103 80 252 80 18 80 
104 241 198 241 106 241 
105 78 61 236 92 145 
106 17 17 17 1 17 
107 207 68 207 36 207 
108 141 236 247 250 149 
109 24 201 24 154 24 
110 127 208 127 29 127 
111 188 251 188 27 188 
112 26 254 26 83 26 
113 262 195 262 258 262 
114 36 50 36 12 7 
115 198 23 198 162 198 
116 231 10 231 181 231 
117 142 213 142 272 142 
118 155 267 155 243 155 
119 253 268 253 256 253 
120 267 155 267 41 267 
121 13 139 13 119 13 
122 77 120 77 179 28 
123 274 110 274 157 274 
124 133 275 133 97 74 
125 23 232 23 60 23 
126 95 189 95 247 95 
127 85 124 85 222 85 
128 174 183 174 145 174 
129 114 206 114 165 114 
130 160 181 160 89 160 
131 74 176 74 136 133 
132 197 117 197 196 197 
133 254 106 254 82 254 
134 81 76 81 224 81 
135 61 119 78 218 184 
136 181 20 181 168 181 
137 234 48 234 4 234 
138 200 19 200 230 200 
139 220 182 220 173 220 
140 244 151 244 170 244 
141 68 144 68 241 68 
142 51 51 51 275 51 
143 89 154 89 225 89 
144 255 190 255 197 255 
145 110 24 110 84 110 
146 140 6 140 94 140 
147 115 248 115 38 115 
148 71 71 71 81 71 
149 205 226 205 149 205 
150 209 21 209 194 209 
151 129 241 129 193 129 
152 97 178 97 150 97 
153 240 272 240 96 240 
154 44 142 44 105 44 
155 108 246 108 187 108 
156 171 242 171 251 171 
157 53 53 53 59 53 
158 125 249 125 195 125 
159 211 39 211 21 211 
160 228 228 228 139 228 
161 190 35 190 244 190 
162 91 212 91 208 91 
163 144 207 144 227 144 
164 79 264 79 175 79 
165 272 262 272 110 272 
166 120 38 120 24 120 
167 70 70 70 239 70 
168 182 257 182 54 182 
169 131 131 131 172 131 
170 212 240 212 140 212 
171 73 143 73 10 73 
172 216 90 216 22 216 
173 195 150 195 17 195 
174 163 30 163 238 163 
175 75 263 75 113 75 
176 149 217 225 202 196 
177 196 145 128 266 204 
178 246 253 246 78 246 
179 54 168 54 116 54 
180 6 203 6 190 6 
181 238 163 238 216 238 
182 35 140 35 70 35 
183 213 99 213 264 213 
184 206 174 206 23 206 
185 117 270 117 261 117 
186 105 54 105 259 105 
187 55 274 55 201 55 
188 237 237 237 137 237 
189 154 108 154 95 154 
190 252 62 252 108 252 
191 215 55 215 118 215 
192 232 102 232 9 232 
193 170 41 170 67 170 
194 183 233 183 121 183 
195 277 84 277 77 277 
196 2 279 2 163 2 
197 60 269 60 271 60 
198 87 133 87 28 87 
199 65 86 65 166 65 
200 126 64 126 75 126 
201 49 14 49 198 49 
202 7 37 264 127 264 
203 99 107 99 158 99 
204 27 261 27 86 27 
205 268 40 268 98 268 
206 66 273 66 90 66 
207 10 118 10 232 10 
208 31 243 31 71 31 
209 118 49 118 19 118 
210 169 220 169 101 169 
211 43 127 43 255 172 
212 123 105 123 144 123 
213 151 244 151 134 151 
214 242 171 242 223 242 
215 64 8 64 35 64 
216 98 5 98 80 98 
217 122 122 122 161 122 
218 248 115 248 220 248 
219 69 167 69 40 69 
220 52 83 83 112 83 
221 203 271 203 236 203 
222 158 69 158 11 158 
223 230 230 230 228 230 
224 157 157 157 39 157 
225 243 129 243 155 243 
226 222 247 130 91 217 
227 229 149 229 32 222 
228 278 216 278 99 278 
229 150 245 150 53 150 
230 124 104 124 206 124 
231 245 31 245 68 245 
232 210 80 210 235 210 
233 102 260 102 128 102 
234 130 45 251 248 251 
235 185 185 185 20 185 
236 14 227 14 69 14 
237 217 12 258 257 258 
238 180 200 52 120 52 
239 251 256 119 31 225 
240 100 100 100 26 100 
241 135 52 135 253 135 
242 236 130 145 25 229 
243 47 57 47 174 47 
244 221 186 221 156 221 
245 143 187 143 178 143 
246 119 28 149 160 236 
247 192 192 192 16 192 
248 224 15 224 30 224 
249 93 179 93 74 93 
250 56 75 56 278 56 
251 83 66 180 141 180 
252 178 59 178 263 178 
253 260 91 260 169 260 
254 167 125 167 229 167 
255 148 148 148 148 148 
256 164 164 164 242 164 
257 76 258 76 50 76 
258 132 114 132 87 132 
259 168 65 168 8 168 
260 225 128 138 56 247 
261 90 152 90 58 90 
262 257 169 257 103 257 
263 41 199 41 126 41 
264 92 67 92 45 92 
265 152 126 152 138 152 
266 266 266 266 214 266 
267 256 204 141 85 256 
268 57 47 57 177 57 
269 179 93 179 205 179 
270 186 221 186 200 186 
271 19 113 19 147 19 
272 204 160 34 203 34 
273 247 46 196 276 259 
274 165 219 165 133 165 
275 22 103 22 64 22 
276 172 134 172 262 43 
277 72 26 72 79 72 
278 8 231 8 46 8 
279 116 2 116 279 116 
