***********************************
Experiment parameters:
Experiment results:
Permutations:
I U RANK QCV rand PATH 
1 235 219 240 47 265 
2 265 104 219 186 37 
3 113 224 224 180 113 
4 112 64 37 273 39 
5 100 68 100 176 100 
6 207 93 39 14 46 
7 103 262 103 135 103 
8 20 269 20 167 20 
9 135 148 135 267 135 
10 114 247 80 142 80 
11 160 268 160 234 160 
12 8 256 8 72 8 
13 174 79 174 245 174 
14 80 263 114 57 114 
15 143 44 187 66 143 
16 91 127 91 125 91 
17 85 138 85 207 85 
18 39 39 46 254 63 
19 155 29 155 171 155 
20 64 218 255 104 64 
21 38 152 38 5 38 
22 35 63 63 93 65 
23 30 40 30 65 30 
24 24 236 24 76 24 
25 55 217 55 15 55 
26 195 67 195 52 195 
27 152 163 152 151 152 
28 187 244 143 42 187 
29 261 116 261 185 261 
30 182 110 182 159 182 
31 203 59 203 274 203 
32 115 45 115 265 115 
33 71 53 71 100 71 
34 65 95 64 48 93 
35 223 184 223 217 223 
36 214 154 214 188 214 
37 15 27 15 107 15 
38 248 109 248 13 248 
39 189 89 189 55 189 
40 263 229 263 213 263 
41 153 153 153 199 153 
42 90 145 90 123 90 
43 22 191 22 221 22 
44 224 102 113 191 224 
45 105 16 105 153 105 
46 233 15 233 124 233 
47 276 111 276 183 276 
48 13 13 13 233 13 
49 93 258 65 204 95 
50 279 202 279 215 279 
51 111 214 111 237 111 
52 109 237 109 212 109 
53 28 272 28 37 28 
54 164 141 164 109 164 
55 42 8 42 7 42 
56 107 107 107 249 107 
57 46 221 235 219 104 
58 201 185 201 277 201 
59 67 277 67 43 67 
60 209 91 209 88 209 
61 98 266 98 130 98 
62 106 187 106 252 106 
63 134 38 134 182 134 
64 59 175 59 211 59 
65 83 160 83 268 83 
66 86 276 86 146 86 
67 118 225 118 270 118 
68 130 3 130 114 130 
69 37 171 93 260 112 
70 229 203 229 192 229 
71 84 66 84 132 84 
72 266 179 266 226 266 
73 205 98 205 34 205 
74 237 232 237 129 237 
75 144 103 144 209 144 
76 12 115 12 102 12 
77 268 22 268 184 268 
78 193 177 193 6 193 
79 17 85 17 246 17 
80 274 274 274 33 274 
81 87 162 87 269 87 
82 124 65 95 210 119 
83 50 86 50 115 50 
84 1 71 1 122 1 
85 241 30 241 240 241 
86 231 155 231 143 231 
87 102 105 102 111 102 
88 26 26 26 117 26 
89 178 90 178 152 178 
90 110 12 110 3 110 
91 254 249 254 164 254 
92 243 88 243 63 243 
93 176 201 176 131 176 
94 246 180 246 231 246 
95 60 222 60 44 60 
96 74 205 74 51 74 
97 2 2 2 49 2 
98 23 144 23 189 23 
99 275 240 218 61 122 
100 88 243 88 73 88 
101 217 216 217 62 217 
102 184 106 147 2 147 
103 52 133 52 18 52 
104 81 96 81 106 81 
105 63 255 104 92 123 
106 159 159 159 1 159 
107 41 41 41 36 41 
108 119 166 221 250 124 
109 9 197 9 154 9 
110 230 231 230 29 230 
111 66 114 66 27 66 
112 212 250 212 83 212 
113 14 181 14 258 14 
114 141 73 141 12 141 
115 54 81 54 162 54 
116 278 182 278 181 278 
117 142 43 142 272 142 
118 150 192 150 243 150 
119 78 241 78 256 78 
120 108 94 108 41 108 
121 138 80 138 119 138 
122 202 164 202 179 202 
123 127 260 127 157 127 
124 44 273 273 97 273 
125 61 151 61 60 61 
126 186 238 186 247 186 
127 170 108 170 222 170 
128 53 156 53 145 53 
129 238 170 238 165 238 
130 147 147 184 89 184 
131 273 52 44 136 44 
132 82 76 82 196 82 
133 264 230 264 82 264 
134 172 84 172 224 172 
135 104 235 112 218 166 
136 16 168 16 168 16 
137 165 195 165 4 165 
138 247 4 247 230 247 
139 137 173 137 173 137 
140 149 242 149 170 149 
141 222 60 222 241 222 
142 188 11 188 275 188 
143 125 83 125 225 125 
144 158 140 158 197 158 
145 210 178 210 84 210 
146 140 136 140 94 140 
147 36 48 36 38 36 
148 77 77 77 81 77 
149 251 75 251 149 251 
150 163 275 163 194 163 
151 151 49 151 193 151 
152 259 259 259 150 259 
153 72 131 72 96 72 
154 249 92 249 105 249 
155 157 234 157 187 157 
156 208 208 208 251 208 
157 196 118 196 59 196 
158 40 252 40 195 40 
159 272 10 272 21 272 
160 116 35 116 139 116 
161 21 150 21 244 21 
162 31 14 31 208 31 
163 271 271 271 227 271 
164 161 121 161 175 161 
165 131 72 131 110 131 
166 185 176 185 24 185 
167 62 62 62 239 62 
168 199 199 199 54 199 
169 70 70 70 172 70 
170 181 204 181 140 181 
171 269 209 269 10 269 
172 206 100 206 22 206 
173 270 220 270 17 270 
174 215 5 215 238 215 
175 145 264 145 113 145 
176 219 183 119 202 171 
177 123 37 265 266 183 
178 92 78 92 78 92 
179 121 161 121 116 121 
180 192 1 192 190 192 
181 225 196 225 216 225 
182 94 158 94 70 94 
183 191 99 191 264 191 
184 136 169 136 23 136 
185 45 226 45 261 45 
186 89 132 89 259 89 
187 29 51 29 201 29 
188 239 233 239 137 239 
189 194 128 194 95 194 
190 227 74 227 108 227 
191 262 139 262 118 262 
192 180 54 180 9 180 
193 139 167 139 67 139 
194 156 21 156 121 156 
195 277 19 277 77 277 
196 177 278 177 163 177 
197 232 28 232 271 232 
198 133 251 133 28 133 
199 6 101 6 166 6 
200 68 55 68 75 68 
201 154 69 154 198 154 
202 27 239 27 127 27 
203 128 97 128 158 128 
204 51 57 51 86 51 
205 97 125 97 98 97 
206 33 17 33 90 33 
207 117 200 117 232 117 
208 204 246 204 71 204 
209 216 193 216 19 216 
210 253 253 253 101 253 
211 3 120 3 255 213 
212 101 6 101 144 101 
213 242 149 242 134 242 
214 146 146 146 223 146 
215 76 198 76 35 76 
216 47 33 47 80 47 
217 11 188 11 161 11 
218 48 7 48 220 48 
219 200 157 252 40 252 
220 32 279 32 112 32 
221 228 228 228 236 228 
222 43 194 43 11 43 
223 234 142 234 228 234 
224 168 207 168 39 168 
225 56 61 56 155 56 
226 171 265 257 91 218 
227 183 46 122 32 219 
228 25 50 25 99 25 
229 49 31 49 53 49 
230 169 24 169 206 169 
231 96 56 96 68 96 
232 75 143 75 235 75 
233 220 270 220 128 220 
234 221 248 256 248 175 
235 197 126 197 20 197 
236 252 82 200 69 200 
237 122 42 175 257 256 
238 95 267 35 120 35 
239 256 257 123 31 221 
240 132 165 132 26 132 
241 148 47 148 253 148 
242 258 122 124 25 235 
243 211 245 211 174 211 
244 73 32 73 156 73 
245 57 210 57 178 57 
246 218 119 166 160 240 
247 7 36 7 16 7 
248 10 58 10 30 10 
249 120 212 120 74 120 
250 18 213 18 278 18 
251 175 261 275 141 275 
252 179 227 179 263 179 
253 190 190 190 169 190 
254 99 254 99 229 99 
255 129 129 129 148 129 
256 5 215 5 242 5 
257 58 172 58 50 58 
258 236 186 236 87 236 
259 19 189 19 8 19 
260 240 124 171 56 255 
261 226 25 226 58 226 
262 173 137 173 103 173 
263 250 18 250 126 250 
264 244 223 244 45 244 
265 69 117 69 138 69 
266 267 134 267 214 267 
267 255 123 183 85 257 
268 245 211 245 177 245 
269 126 20 126 205 126 
270 162 87 162 200 162 
271 4 135 4 147 4 
272 166 113 207 203 207 
273 257 112 258 276 258 
274 34 206 34 133 34 
275 167 23 167 64 167 
276 213 130 213 262 3 
277 260 9 260 79 260 
278 198 34 198 46 198 
279 79 174 79 279 79 
