***********************************
Experiment parameters:
Experiment results:
Permutations:
I U RANK QCV rand PATH 
1 246 270 58 47 58 
2 76 161 273 186 141 
3 30 182 117 180 117 
4 6 100 165 273 71 
5 73 52 150 176 15 
6 62 263 135 14 150 
7 145 144 116 135 74 
8 154 107 241 167 241 
9 66 96 256 267 256 
10 17 45 36 142 215 
11 126 3 189 234 59 
12 31 81 139 72 139 
13 190 236 27 245 27 
14 8 226 171 57 171 
15 244 132 211 66 142 
16 85 39 233 125 233 
17 87 259 259 207 259 
18 34 138 25 254 153 
19 215 5 80 171 200 
20 163 68 213 104 213 
21 234 142 114 5 114 
22 91 150 129 93 131 
23 265 28 9 65 199 
24 41 115 156 76 156 
25 57 51 155 15 155 
26 201 85 183 52 25 
27 48 171 17 151 17 
28 117 8 49 42 216 
29 110 2 261 185 211 
30 134 187 143 159 143 
31 67 247 247 274 247 
32 77 133 274 265 274 
33 152 198 149 100 20 
34 36 82 70 48 66 
35 61 140 68 217 68 
36 15 189 54 188 165 
37 129 83 268 107 234 
38 263 277 173 13 173 
39 123 94 57 55 175 
40 250 173 158 213 158 
41 10 222 203 199 85 
42 144 22 231 123 231 
43 196 139 144 221 202 
44 128 33 192 191 192 
45 161 257 61 153 61 
46 197 11 262 124 148 
47 46 194 121 183 121 
48 28 1 28 233 28 
49 193 279 145 204 38 
50 183 275 112 215 112 
51 55 145 177 237 177 
52 120 213 45 212 268 
53 165 176 67 37 67 
54 121 190 207 109 144 
55 42 149 251 7 251 
56 39 76 39 249 39 
57 63 244 212 219 212 
58 270 77 24 277 24 
59 177 278 242 43 242 
60 35 13 137 88 137 
61 79 113 269 130 269 
62 52 215 2 252 205 
63 186 63 195 182 195 
64 29 131 170 211 8 
65 56 127 53 268 53 
66 7 12 64 146 64 
67 195 193 18 270 18 
68 235 134 234 114 145 
69 155 6 220 260 220 
70 202 220 91 192 91 
71 203 30 30 132 30 
72 89 130 176 226 176 
73 142 180 225 34 225 
74 69 225 180 129 180 
75 139 65 33 209 33 
76 64 62 101 102 101 
77 221 31 185 184 185 
78 47 172 157 6 9 
79 262 249 272 246 272 
80 49 97 65 33 65 
81 181 196 236 269 236 
82 173 99 99 210 99 
83 205 95 31 115 31 
84 138 66 267 122 162 
85 240 254 198 240 198 
86 277 179 226 143 98 
87 104 256 102 111 102 
88 257 70 82 117 82 
89 32 17 258 152 47 
90 96 192 62 3 62 
91 236 7 122 164 122 
92 111 55 275 63 275 
93 222 238 105 131 105 
94 187 271 260 231 260 
95 9 114 40 44 40 
96 171 91 248 51 248 
97 1 109 204 49 204 
98 239 178 8 189 129 
99 225 120 164 61 164 
100 247 272 26 73 26 
101 223 267 118 62 118 
102 206 19 160 2 166 
103 156 237 15 18 140 
104 150 73 7 106 7 
105 53 14 78 92 78 
106 37 239 254 1 254 
107 133 214 133 36 133 
108 50 231 240 250 240 
109 204 167 100 154 100 
110 260 10 243 29 243 
111 158 209 147 27 147 
112 24 265 244 83 244 
113 278 23 200 258 23 
114 59 69 56 12 56 
115 118 88 77 162 191 
116 233 128 96 181 96 
117 86 124 1 272 1 
118 98 268 104 243 134 
119 231 258 86 256 86 
120 106 204 109 41 109 
121 237 252 44 119 35 
122 211 210 55 179 55 
123 275 153 161 157 161 
124 116 20 148 97 197 
125 43 152 187 60 43 
126 72 200 255 247 255 
127 23 137 13 222 13 
128 122 129 52 145 52 
129 40 211 132 165 132 
130 232 71 19 89 170 
131 162 184 47 136 80 
132 259 141 252 196 252 
133 75 219 113 82 113 
134 192 72 14 224 14 
135 256 181 181 218 181 
136 230 56 69 168 69 
137 153 103 208 4 208 
138 243 217 264 230 264 
139 148 54 163 173 187 
140 210 136 66 170 130 
141 258 21 237 241 21 
142 107 188 191 275 77 
143 33 197 71 225 128 
144 127 233 4 197 4 
145 147 110 72 84 72 
146 70 166 232 94 265 
147 209 42 42 38 42 
148 252 260 41 81 41 
149 168 117 182 149 182 
150 182 266 154 194 154 
151 125 245 152 193 152 
152 92 154 266 150 266 
153 276 86 48 96 93 
154 269 262 87 105 87 
155 26 67 136 187 136 
156 176 106 235 251 235 
157 114 158 277 59 277 
158 266 230 230 195 230 
159 4 147 92 21 92 
160 149 201 201 139 201 
161 199 18 167 244 257 
162 261 116 179 208 179 
163 22 251 125 227 125 
164 273 74 98 175 75 
165 167 102 153 110 163 
166 51 26 37 24 90 
167 14 274 184 239 262 
168 65 216 81 54 115 
169 20 177 263 172 263 
170 166 175 257 140 183 
171 54 29 168 10 193 
172 245 118 199 22 261 
173 3 261 186 17 36 
174 216 89 11 238 227 
175 140 98 90 113 37 
176 159 224 224 202 224 
177 82 60 123 266 123 
178 175 75 115 78 81 
179 254 25 138 116 138 
180 226 156 43 190 22 
181 74 185 227 216 149 
182 13 32 253 70 63 
183 207 205 270 264 94 
184 11 157 166 23 172 
185 228 87 193 261 168 
186 18 34 83 259 48 
187 271 36 216 201 249 
188 267 78 103 137 103 
189 105 37 130 95 3 
190 274 38 196 108 11 
191 229 242 34 118 76 
192 97 212 128 9 196 
193 132 112 210 67 210 
194 27 40 88 121 34 
195 38 41 131 77 19 
196 212 35 178 163 178 
197 130 122 73 271 73 
198 174 121 194 28 194 
199 213 155 23 166 267 
200 178 202 151 75 57 
201 21 227 32 198 151 
202 241 44 250 127 186 
203 160 203 21 158 160 
204 151 46 46 86 184 
205 272 48 22 98 70 
206 80 47 134 90 203 
207 19 264 76 232 49 
208 217 49 202 71 189 
209 95 123 60 19 60 
210 169 24 188 101 188 
211 58 16 16 255 16 
212 135 50 142 144 273 
213 251 93 79 134 228 
214 90 151 20 223 206 
215 200 206 246 35 135 
216 109 125 141 80 79 
217 157 105 38 161 214 
218 141 168 74 220 226 
219 253 232 172 40 270 
220 170 253 140 112 232 
221 81 243 159 236 159 
222 214 160 59 11 54 
223 93 53 217 228 217 
224 108 248 6 39 6 
225 115 57 175 155 50 
226 2 135 276 91 276 
227 255 43 219 32 219 
228 242 169 169 99 169 
229 45 255 215 53 29 
230 194 146 94 206 104 
231 83 79 197 68 157 
232 5 58 206 235 45 
233 101 104 162 128 229 
234 227 59 50 248 246 
235 184 90 3 20 83 
236 264 61 222 69 258 
237 179 162 75 257 253 
238 71 246 35 120 88 
239 172 183 271 31 271 
240 99 191 93 26 44 
241 131 163 238 253 167 
242 224 186 63 25 46 
243 268 27 120 174 120 
244 191 223 95 156 95 
245 189 276 89 178 89 
246 25 170 265 160 116 
247 94 250 108 16 108 
248 143 148 205 30 2 
249 279 234 214 74 238 
250 238 80 190 278 190 
251 78 240 229 141 32 
252 137 229 29 263 222 
253 188 64 85 169 250 
254 113 164 223 229 223 
255 103 126 126 148 126 
256 198 174 174 242 174 
257 119 119 119 50 119 
258 249 111 111 87 111 
259 136 159 10 8 10 
260 102 143 249 56 207 
261 220 108 12 58 12 
262 124 101 124 103 124 
263 88 235 106 126 106 
264 112 273 146 45 146 
265 219 199 278 138 278 
266 60 269 245 214 245 
267 16 228 5 85 5 
268 44 208 209 177 209 
269 248 4 127 205 127 
270 164 241 107 200 107 
271 146 15 221 147 221 
272 12 165 239 203 239 
273 84 207 279 276 279 
274 208 195 51 133 51 
275 100 221 228 64 237 
276 180 84 84 262 84 
277 185 92 110 79 110 
278 218 218 218 46 218 
279 68 9 97 279 97 
