***********************************
Experiment parameters:
Experiment results:
Permutations:
I U RANK QCV rand PATH 
1 252 178 2 47 7 
2 195 2 7 186 93 
3 97 241 97 180 147 
4 135 187 189 273 22 
5 248 108 248 176 248 
6 85 110 18 14 266 
7 221 68 221 135 221 
8 134 246 134 167 134 
9 144 42 144 267 144 
10 49 175 190 142 190 
11 171 100 171 234 171 
12 65 77 65 72 65 
13 80 256 80 245 80 
14 131 131 131 57 131 
15 71 48 71 66 71 
16 167 21 167 125 167 
17 175 137 175 207 175 
18 19 91 19 254 236 
19 279 279 279 171 279 
20 7 195 26 104 60 
21 203 197 203 5 203 
22 26 7 184 93 210 
23 173 41 173 65 173 
24 25 81 25 76 25 
25 179 212 179 15 179 
26 78 245 78 52 78 
27 59 206 59 151 59 
28 257 168 257 42 257 
29 264 146 264 185 264 
30 208 13 208 159 208 
31 186 89 186 274 186 
32 270 115 270 265 270 
33 181 25 181 100 181 
34 70 70 178 48 64 
35 138 229 138 217 138 
36 129 117 129 188 129 
37 126 156 126 107 126 
38 253 23 253 13 253 
39 150 260 150 55 150 
40 44 174 44 213 44 
41 262 262 262 199 262 
42 153 75 153 123 153 
43 205 204 205 221 205 
44 147 12 147 191 97 
45 183 147 183 153 183 
46 220 180 220 124 220 
47 57 160 57 183 57 
48 66 66 66 233 66 
49 151 189 52 204 70 
50 46 193 46 215 46 
51 169 215 169 237 169 
52 192 268 192 212 192 
53 37 186 37 37 37 
54 112 60 112 109 112 
55 55 203 55 7 55 
56 76 76 76 249 76 
57 91 64 195 219 72 
58 201 114 201 277 201 
59 94 94 94 43 94 
60 152 90 152 88 152 
61 48 251 48 130 48 
62 63 104 63 252 63 
63 14 226 14 182 14 
64 45 232 45 211 45 
65 211 171 211 268 211 
66 16 235 16 146 16 
67 24 213 24 270 24 
68 118 159 118 114 118 
69 50 52 53 260 91 
70 47 253 47 192 47 
71 269 67 269 132 269 
72 141 183 141 226 141 
73 241 138 241 34 241 
74 268 144 268 129 268 
75 31 106 31 209 31 
76 1 30 1 102 1 
77 3 39 3 184 3 
78 267 270 267 6 267 
79 96 96 96 246 96 
80 121 200 121 33 121 
81 114 210 114 269 114 
82 136 136 185 210 110 
83 128 242 128 115 128 
84 182 236 182 122 182 
85 122 234 122 240 122 
86 109 167 109 143 109 
87 58 261 58 111 58 
88 230 113 230 117 230 
89 250 85 250 152 250 
90 84 1 84 3 84 
91 266 266 266 164 19 
92 236 27 236 63 26 
93 218 112 218 131 218 
94 164 254 164 231 164 
95 223 223 223 44 223 
96 12 207 12 51 12 
97 149 149 149 49 149 
98 273 105 273 189 273 
99 64 135 64 61 123 
100 27 73 27 73 27 
101 62 278 62 62 62 
102 88 277 88 2 107 
103 143 240 143 18 143 
104 79 124 79 106 79 
105 53 185 70 92 135 
106 120 120 120 1 120 
107 228 10 228 36 228 
108 72 222 187 250 136 
109 217 125 217 154 217 
110 219 194 219 29 219 
111 67 65 67 27 67 
112 194 221 194 83 194 
113 170 157 170 258 170 
114 60 218 210 12 53 
115 199 116 199 162 199 
116 278 16 278 181 278 
117 204 173 204 272 204 
118 233 233 233 243 233 
119 92 198 92 256 92 
120 216 182 216 41 216 
121 265 14 265 119 265 
122 210 201 60 179 52 
123 113 230 113 157 113 
124 229 58 229 97 229 
125 157 111 157 60 157 
126 5 196 5 247 5 
127 258 36 258 222 258 
128 15 5 15 145 15 
129 263 216 263 165 263 
130 107 143 107 89 88 
131 277 88 277 136 277 
132 235 176 235 196 235 
133 132 56 132 82 132 
134 23 44 23 224 23 
135 137 184 72 218 151 
136 161 71 161 168 161 
137 154 121 154 4 154 
138 146 225 146 230 146 
139 172 119 172 173 172 
140 101 61 101 170 101 
141 10 162 10 241 10 
142 22 22 22 275 18 
143 272 122 272 225 272 
144 73 6 73 197 73 
145 11 188 11 84 11 
146 196 209 196 94 196 
147 93 259 93 38 2 
148 202 202 202 81 202 
149 207 257 207 149 207 
150 8 45 8 194 8 
151 214 38 214 193 214 
152 240 107 240 150 240 
153 254 139 254 96 254 
154 249 211 249 105 249 
155 234 3 234 187 234 
156 224 224 224 251 224 
157 239 28 239 59 239 
158 145 249 145 195 145 
159 232 47 232 21 232 
160 54 54 54 139 54 
161 209 15 209 244 209 
162 111 148 111 208 111 
163 162 228 162 227 162 
164 276 34 276 175 276 
165 38 170 38 110 38 
166 98 49 98 24 98 
167 4 4 4 239 4 
168 140 140 140 54 140 
169 158 35 158 172 158 
170 40 243 40 140 40 
171 29 273 29 10 29 
172 256 57 256 22 256 
173 238 164 238 17 238 
174 213 24 213 238 213 
175 21 250 21 113 21 
176 123 123 252 202 155 
177 155 18 91 266 163 
178 41 255 41 78 41 
179 245 78 245 116 245 
180 247 231 247 190 247 
181 28 239 28 216 28 
182 231 181 231 70 231 
183 103 69 103 264 103 
184 36 95 36 23 36 
185 212 267 212 261 212 
186 34 276 34 259 34 
187 133 275 133 201 133 
188 200 154 200 137 200 
189 255 92 255 95 255 
190 251 33 251 108 251 
191 87 134 87 118 87 
192 243 40 243 9 243 
193 159 152 159 67 159 
194 165 165 165 121 165 
195 156 220 156 77 156 
196 13 130 13 163 13 
197 174 59 174 271 174 
198 261 51 261 28 261 
199 244 150 244 166 244 
200 108 84 108 75 108 
201 86 169 86 198 86 
202 32 32 32 127 32 
203 198 103 198 158 198 
204 18 87 85 86 85 
205 9 145 9 98 9 
206 191 37 191 90 191 
207 176 129 176 232 176 
208 139 238 139 71 139 
209 215 128 215 19 215 
210 237 172 237 101 237 
211 275 132 188 255 188 
212 102 126 102 144 102 
213 61 101 61 134 61 
214 35 158 35 223 35 
215 117 179 117 35 117 
216 225 50 225 80 225 
217 177 177 177 161 177 
218 82 82 82 220 82 
219 99 272 99 40 99 
220 52 46 49 112 49 
221 95 258 95 236 95 
222 69 9 69 11 69 
223 100 205 100 228 100 
224 51 141 51 39 51 
225 124 43 124 155 124 
226 110 19 222 91 178 
227 189 151 123 32 184 
228 130 208 130 99 130 
229 116 199 116 53 116 
230 6 247 6 206 6 
231 43 79 43 68 43 
232 168 83 168 235 168 
233 148 214 148 128 148 
234 163 190 50 248 50 
235 90 153 90 20 90 
236 160 62 160 69 160 
237 226 55 137 257 137 
238 2 191 226 120 226 
239 185 53 110 31 185 
240 260 102 260 26 260 
241 42 192 42 253 42 
242 187 252 136 25 187 
243 274 20 274 174 274 
244 127 98 127 156 127 
245 125 217 125 178 125 
246 222 72 163 160 189 
247 259 93 259 16 259 
248 77 269 77 30 77 
249 246 118 246 74 246 
250 68 219 68 278 68 
251 206 227 206 141 206 
252 83 97 83 263 83 
253 74 74 74 169 74 
254 39 99 39 229 39 
255 271 271 271 148 271 
256 17 17 17 242 17 
257 197 264 197 50 197 
258 81 263 81 87 81 
259 180 244 180 8 180 
260 188 163 155 56 195 
261 30 142 30 58 30 
262 119 237 119 103 119 
263 75 11 75 126 75 
264 33 161 33 45 33 
265 142 86 142 138 142 
266 89 265 89 214 89 
267 184 155 151 85 222 
268 20 274 20 177 20 
269 105 29 105 205 105 
270 193 127 193 200 193 
271 227 8 227 147 227 
272 104 63 104 203 104 
273 178 26 135 276 252 
274 115 80 115 133 115 
275 56 31 56 64 56 
276 190 133 275 262 275 
277 106 109 106 79 106 
278 242 166 242 46 242 
279 166 248 166 279 166 
