***********************************
Experiment parameters:
Experiment results:
Permutations:
I U RANK QCV rand PATH 
1 235 197 1 47 164 
2 38 39 2 186 22 
3 178 89 3 180 202 
4 207 185 4 273 124 
5 85 231 5 176 99 
6 132 53 6 14 65 
7 144 251 7 135 128 
8 162 198 8 167 181 
9 9 96 9 267 14 
10 64 222 10 142 109 
11 202 213 11 234 47 
12 113 176 12 72 15 
13 186 182 13 245 200 
14 40 61 14 57 272 
15 105 5 15 66 42 
16 201 194 16 125 225 
17 266 234 17 207 106 
18 104 2 18 254 122 
19 189 7 19 171 180 
20 126 173 20 104 45 
21 239 151 21 5 203 
22 149 221 22 93 93 
23 1 269 23 65 192 
24 265 9 24 76 57 
25 76 49 25 15 36 
26 146 162 26 52 115 
27 171 242 27 151 38 
28 93 10 28 42 143 
29 7 3 29 185 3 
30 268 174 30 159 250 
31 260 202 31 274 152 
32 211 132 32 265 149 
33 182 187 33 100 252 
34 142 161 34 48 33 
35 216 6 35 217 1 
36 192 143 36 188 123 
37 185 124 37 107 271 
38 271 134 38 13 89 
39 109 12 39 55 155 
40 45 85 40 213 204 
41 29 52 41 199 70 
42 272 250 42 123 162 
43 175 142 43 221 16 
44 57 8 44 191 100 
45 203 229 45 153 167 
46 226 11 46 124 64 
47 191 275 47 183 183 
48 274 22 48 233 273 
49 107 262 49 204 242 
50 110 116 50 215 146 
51 72 25 51 237 232 
52 275 210 52 212 214 
53 153 259 53 37 13 
54 108 247 54 109 228 
55 106 26 55 7 85 
56 137 34 56 249 137 
57 92 208 57 219 91 
58 62 41 58 277 11 
59 248 57 59 43 234 
60 11 180 60 88 175 
61 111 216 61 130 97 
62 127 214 62 252 23 
63 86 160 63 182 236 
64 195 114 64 211 206 
65 34 54 65 268 219 
66 41 1 66 146 269 
67 184 179 67 270 274 
68 179 15 68 114 82 
69 100 183 69 260 133 
70 229 68 70 192 218 
71 95 19 71 132 19 
72 91 189 72 226 266 
73 251 190 73 34 194 
74 133 253 74 129 48 
75 259 252 75 209 95 
76 89 101 76 102 258 
77 236 236 77 184 178 
78 6 16 78 6 17 
79 199 265 79 246 80 
80 187 171 80 33 20 
81 279 30 81 269 130 
82 177 152 82 210 134 
83 255 163 83 115 121 
84 209 119 84 122 56 
85 121 123 85 240 233 
86 130 69 86 143 119 
87 27 63 87 111 259 
88 35 105 88 117 18 
89 114 18 89 152 35 
90 66 20 90 3 199 
91 155 138 91 164 238 
92 160 40 92 63 129 
93 228 109 93 131 251 
94 196 17 94 231 58 
95 148 117 95 44 279 
96 115 268 96 51 68 
97 190 131 97 49 189 
98 112 71 98 189 114 
99 99 106 99 61 253 
100 46 55 100 73 256 
101 49 113 101 62 113 
102 73 82 102 2 110 
103 23 256 103 18 90 
104 193 46 104 106 46 
105 44 121 105 92 150 
106 47 237 106 1 145 
107 154 205 107 36 222 
108 84 277 108 250 105 
109 246 73 109 154 195 
110 3 154 110 29 201 
111 258 244 111 27 86 
112 254 93 112 83 179 
113 183 172 113 258 246 
114 50 72 114 12 191 
115 10 76 115 162 264 
116 20 136 116 181 173 
117 51 137 117 272 226 
118 56 112 118 243 7 
119 253 257 119 256 98 
120 24 166 120 41 126 
121 12 240 121 119 103 
122 78 129 122 179 40 
123 13 122 123 157 2 
124 118 144 124 97 5 
125 25 126 125 60 211 
126 165 184 126 247 185 
127 150 175 127 222 248 
128 83 271 128 145 31 
129 145 246 129 165 156 
130 159 90 130 89 51 
131 16 23 131 136 75 
132 143 66 132 196 168 
133 79 44 133 82 184 
134 198 227 134 224 87 
135 138 249 135 218 249 
136 277 191 136 168 72 
137 164 77 137 4 24 
138 194 79 138 230 190 
139 176 167 139 173 213 
140 238 165 140 170 139 
141 180 120 141 241 120 
142 152 140 142 275 41 
143 151 74 143 225 231 
144 232 181 144 197 188 
145 188 254 145 84 227 
146 263 159 146 94 25 
147 75 157 147 38 157 
148 68 21 148 81 277 
149 181 127 149 149 127 
150 36 224 150 194 138 
151 120 104 151 193 76 
152 278 102 152 150 177 
153 161 91 153 96 111 
154 250 14 154 105 84 
155 224 258 155 187 165 
156 158 100 156 251 193 
157 205 97 157 59 241 
158 276 220 158 195 270 
159 264 130 159 21 4 
160 134 125 160 139 125 
161 18 232 161 244 37 
162 59 267 162 208 257 
163 129 65 163 227 215 
164 55 279 164 175 265 
165 141 103 165 110 172 
166 245 27 166 24 247 
167 88 28 167 239 55 
168 5 148 168 54 187 
169 42 149 169 172 88 
170 262 239 170 140 9 
171 90 31 171 10 229 
172 135 164 172 22 118 
173 214 32 173 17 28 
174 223 99 174 238 262 
175 170 233 175 113 107 
176 197 158 176 202 158 
177 65 50 177 266 62 
178 172 274 178 78 176 
179 167 226 179 116 101 
180 61 33 180 190 61 
181 37 178 181 216 77 
182 242 153 182 70 92 
183 21 88 183 264 73 
184 219 29 184 23 67 
185 217 92 185 261 63 
186 67 36 186 259 267 
187 101 37 187 201 148 
188 267 24 188 137 108 
189 241 38 189 95 27 
190 200 266 190 108 161 
191 174 147 191 118 74 
192 230 170 192 9 210 
193 31 146 193 67 116 
194 128 107 194 121 43 
195 169 42 195 77 169 
196 273 35 196 163 205 
197 222 238 197 271 224 
198 240 204 198 28 275 
199 39 188 199 166 34 
200 237 43 200 75 29 
201 156 51 201 198 96 
202 58 45 202 127 240 
203 17 70 203 158 153 
204 69 47 204 86 10 
205 213 155 205 98 69 
206 54 75 206 90 239 
207 43 150 207 232 182 
208 124 217 208 71 230 
209 252 62 209 19 50 
210 136 248 210 101 140 
211 225 78 211 255 78 
212 94 195 212 144 132 
213 261 98 213 134 261 
214 117 207 214 223 276 
215 218 209 215 35 174 
216 14 128 216 80 144 
217 8 110 217 161 237 
218 80 81 218 220 217 
219 103 212 219 40 52 
220 15 223 220 112 209 
221 116 201 221 236 196 
222 204 235 222 11 212 
223 98 219 223 228 54 
224 227 270 224 39 268 
225 212 58 225 155 135 
226 123 169 226 91 21 
227 63 156 227 32 44 
228 244 94 228 99 94 
229 147 135 229 53 112 
230 28 145 230 206 170 
231 231 83 231 68 207 
232 257 59 232 235 60 
233 48 60 233 128 83 
234 119 243 234 248 223 
235 96 192 235 20 136 
236 77 111 236 69 141 
237 74 245 237 257 235 
238 2 64 238 120 243 
239 32 118 239 31 53 
240 210 139 240 26 166 
241 26 56 241 253 186 
242 221 141 242 25 71 
243 70 87 243 174 30 
244 139 48 244 156 244 
245 234 230 245 178 147 
246 4 263 246 160 245 
247 168 264 247 16 39 
248 206 276 248 30 263 
249 215 67 249 74 142 
250 243 84 250 278 171 
251 122 115 251 141 159 
252 33 186 252 263 59 
253 249 218 253 169 131 
254 87 273 254 229 79 
255 140 133 255 148 160 
256 81 80 256 242 6 
257 97 260 257 50 260 
258 269 4 258 87 163 
259 71 196 259 8 154 
260 270 272 260 56 81 
261 125 95 261 58 104 
262 60 199 262 103 8 
263 53 215 263 126 278 
264 163 241 264 45 66 
265 166 206 265 138 208 
266 247 278 266 214 216 
267 19 228 267 85 151 
268 52 86 268 177 49 
269 173 177 269 205 102 
270 30 225 270 200 198 
271 233 261 271 147 32 
272 22 168 272 203 117 
273 256 203 273 276 221 
274 208 108 274 133 26 
275 131 193 275 64 197 
276 220 211 276 262 220 
277 102 200 277 79 254 
278 157 255 278 46 255 
279 82 13 279 279 12 
