***********************************
Experiment parameters:
Experiment results:
Permutations:
I U RANK QCV rand PATH 
1 217 149 191 47 34 
2 198 64 16 186 135 
3 82 248 204 180 204 
4 225 217 34 273 89 
5 20 17 20 176 20 
6 92 88 193 14 104 
7 261 220 261 135 261 
8 131 250 131 167 131 
9 105 225 105 267 105 
10 4 185 258 142 258 
11 3 195 3 234 3 
12 263 263 263 72 263 
13 201 87 201 245 201 
14 241 169 242 57 242 
15 137 268 248 66 137 
16 33 106 33 125 33 
17 206 66 206 207 206 
18 16 228 60 254 138 
19 143 80 143 171 143 
20 64 191 217 104 81 
21 46 183 46 5 46 
22 99 219 64 93 88 
23 195 270 195 65 195 
24 145 262 145 76 145 
25 173 188 173 15 173 
26 223 231 223 52 223 
27 48 184 48 151 48 
28 248 117 137 42 248 
29 224 28 224 185 224 
30 87 147 87 159 87 
31 245 79 245 274 245 
32 199 274 199 265 199 
33 97 164 97 100 97 
34 71 193 198 48 92 
35 244 209 244 217 244 
36 74 57 74 188 74 
37 6 10 6 107 6 
38 172 105 172 13 172 
39 152 118 152 55 152 
40 66 24 66 213 66 
41 260 67 260 199 260 
42 265 103 265 123 265 
43 133 196 133 221 133 
44 204 215 82 191 82 
45 141 144 141 153 141 
46 83 31 83 124 83 
47 2 61 2 183 2 
48 85 85 85 233 85 
49 95 237 71 204 94 
50 43 260 43 215 43 
51 65 91 65 237 65 
52 251 212 251 212 251 
53 171 242 171 37 171 
54 186 241 186 109 186 
55 24 251 24 7 24 
56 62 62 62 249 62 
57 60 34 81 219 95 
58 178 192 178 277 178 
59 25 25 25 43 25 
60 190 140 190 88 190 
61 142 275 142 130 142 
62 268 137 268 252 268 
63 8 258 8 182 8 
64 212 14 212 211 212 
65 114 23 114 268 114 
66 200 99 200 146 200 
67 26 229 26 270 26 
68 220 33 220 114 220 
69 122 198 170 260 111 
70 184 18 184 192 184 
71 139 189 139 132 139 
72 148 82 148 226 148 
73 215 90 215 34 215 
74 79 172 79 129 79 
75 70 39 70 209 70 
76 222 278 222 102 222 
77 270 3 270 184 270 
78 49 65 49 6 49 
79 107 96 107 246 107 
80 32 223 32 33 32 
81 264 175 264 269 264 
82 115 122 228 210 122 
83 213 221 213 115 213 
84 235 243 235 122 235 
85 165 21 165 240 165 
86 103 40 103 143 103 
87 45 210 45 111 45 
88 255 53 255 117 255 
89 256 132 256 152 256 
90 221 74 221 3 221 
91 104 114 104 164 64 
92 138 54 138 63 71 
93 192 116 192 131 192 
94 84 180 84 231 84 
95 41 125 41 44 41 
96 90 73 90 51 90 
97 102 102 102 49 102 
98 40 233 40 189 40 
99 111 155 88 61 134 
100 158 56 158 73 158 
101 17 201 17 62 17 
102 275 59 275 2 275 
103 210 211 210 18 210 
104 253 176 253 106 253 
105 151 92 92 92 146 
106 130 130 130 1 130 
107 239 30 239 36 239 
108 94 146 95 250 149 
109 106 86 106 154 106 
110 39 226 39 29 39 
111 189 46 189 27 189 
112 9 261 9 83 9 
113 69 208 69 258 69 
114 175 186 272 12 272 
115 267 78 267 162 267 
116 274 52 274 181 274 
117 23 123 23 272 23 
118 54 44 54 243 54 
119 123 153 123 256 123 
120 150 126 150 41 150 
121 129 48 129 119 129 
122 272 178 175 179 175 
123 140 265 140 157 140 
124 234 120 234 97 211 
125 208 232 208 60 208 
126 164 138 164 247 164 
127 44 150 44 222 44 
128 174 266 174 145 174 
129 262 12 262 165 262 
130 120 142 120 89 120 
131 211 160 211 136 234 
132 52 200 52 196 52 
133 249 256 249 82 249 
134 37 4 37 224 37 
135 96 16 94 218 151 
136 15 15 15 168 15 
137 187 152 187 4 187 
138 19 8 19 230 19 
139 259 77 259 173 259 
140 50 257 50 170 50 
141 30 41 30 241 30 
142 89 89 89 275 60 
143 196 230 196 225 196 
144 56 27 56 197 56 
145 271 255 271 84 271 
146 12 58 12 94 12 
147 135 240 135 38 16 
148 182 182 182 81 182 
149 117 68 117 149 117 
150 18 98 18 194 18 
151 180 253 180 193 180 
152 59 204 59 150 59 
153 179 154 179 96 179 
154 112 273 112 105 112 
155 236 207 236 187 236 
156 252 227 252 251 252 
157 229 277 229 59 229 
158 205 100 205 195 205 
159 121 206 121 21 121 
160 185 42 185 139 185 
161 27 97 27 244 27 
162 110 69 110 208 110 
163 125 239 125 227 125 
164 118 127 118 175 118 
165 78 179 78 110 78 
166 67 43 67 24 67 
167 214 214 214 239 214 
168 254 254 254 54 254 
169 227 252 227 172 227 
170 11 136 11 140 11 
171 157 279 157 10 157 
172 167 93 167 22 167 
173 75 110 75 17 75 
174 113 113 113 238 113 
175 238 271 238 113 238 
176 149 71 111 202 155 
177 146 94 122 266 170 
178 230 104 230 78 230 
179 127 38 127 116 127 
180 243 158 243 190 243 
181 197 26 197 216 197 
182 29 162 29 70 29 
183 273 109 273 264 273 
184 162 145 162 23 162 
185 57 213 57 261 57 
186 31 83 31 259 31 
187 22 143 22 201 22 
188 10 187 10 137 10 
189 100 112 100 95 100 
190 160 72 160 108 160 
191 246 168 246 118 246 
192 176 11 176 9 176 
193 168 70 168 67 168 
194 58 174 58 121 58 
195 76 32 76 77 76 
196 188 128 188 163 188 
197 98 224 98 271 98 
198 144 244 144 28 144 
199 35 35 35 166 35 
200 128 167 128 75 128 
201 278 177 278 198 278 
202 34 6 115 127 115 
203 21 124 21 158 21 
204 86 157 86 86 86 
205 156 133 156 98 156 
206 216 121 216 90 216 
207 93 222 93 232 93 
208 136 75 136 71 136 
209 177 2 177 19 177 
210 218 259 218 101 218 
211 132 9 202 255 132 
212 38 76 38 144 38 
213 257 50 257 134 257 
214 108 108 108 223 108 
215 147 36 147 35 147 
216 276 216 276 80 276 
217 269 269 269 161 269 
218 240 1 240 220 240 
219 124 156 124 40 124 
220 166 119 241 112 241 
221 126 235 126 236 126 
222 109 205 109 11 109 
223 207 165 207 228 207 
224 72 166 72 39 72 
225 51 84 51 155 51 
226 81 95 181 91 181 
227 170 170 134 32 191 
228 13 49 13 99 13 
229 154 163 154 53 154 
230 266 29 266 206 266 
231 232 51 232 68 232 
232 73 148 73 235 73 
233 203 267 203 128 203 
234 155 245 4 248 4 
235 226 131 226 20 226 
236 258 173 99 69 99 
237 181 276 96 257 96 
238 134 107 225 120 225 
239 193 151 155 31 193 
240 63 63 63 26 63 
241 161 129 161 253 161 
242 228 81 219 25 198 
243 47 159 47 174 47 
244 116 264 116 156 116 
245 7 190 7 178 7 
246 88 60 149 160 217 
247 1 135 1 16 1 
248 14 139 14 30 14 
249 53 238 53 74 53 
250 55 202 55 278 55 
251 169 19 169 141 169 
252 68 234 68 263 68 
253 163 203 163 169 163 
254 153 236 153 229 153 
255 101 101 101 148 101 
256 277 197 277 242 277 
257 42 171 42 50 42 
258 247 247 247 87 247 
259 231 115 231 8 231 
260 219 111 146 56 219 
261 5 13 5 58 5 
262 77 218 77 103 77 
263 279 246 279 126 279 
264 209 45 209 45 209 
265 61 194 61 138 61 
266 183 37 183 214 183 
267 191 181 237 85 228 
268 159 47 159 177 159 
269 233 22 233 205 233 
270 119 272 119 200 119 
271 28 161 28 147 28 
272 242 141 166 203 166 
273 237 134 151 276 237 
274 36 5 36 133 36 
275 250 249 250 64 250 
276 202 7 132 262 202 
277 80 55 80 79 80 
278 91 199 91 46 91 
279 194 20 194 279 194 
