***********************************
Experiment parameters:
Experiment results:
Permutations:
I U RANK QCV rand PATH 
1 211 158 184 47 272 
2 228 254 28 186 205 
3 114 171 196 180 196 
4 154 97 211 273 15 
5 74 267 74 176 74 
6 108 85 228 14 58 
7 227 49 227 135 227 
8 17 57 17 167 17 
9 151 172 151 267 151 
10 68 177 213 142 213 
11 9 183 9 234 9 
12 79 104 79 72 79 
13 10 100 10 245 10 
14 213 107 68 57 68 
15 78 212 78 66 181 
16 126 126 126 125 126 
17 193 155 193 207 193 
18 28 260 189 254 11 
19 138 138 138 171 138 
20 59 157 59 104 162 
21 172 90 172 5 172 
22 24 73 254 93 187 
23 239 204 239 65 239 
24 265 217 265 76 265 
25 60 124 60 15 60 
26 202 240 202 52 202 
27 271 201 271 151 271 
28 181 230 181 42 78 
29 156 159 156 185 156 
30 124 256 124 159 124 
31 29 72 29 274 29 
32 125 70 125 265 125 
33 180 34 180 100 180 
34 85 184 226 48 97 
35 93 246 93 217 93 
36 47 263 47 188 47 
37 44 3 44 107 44 
38 48 213 48 13 48 
39 26 44 26 55 26 
40 161 233 161 213 161 
41 268 187 268 199 268 
42 273 88 273 123 273 
43 245 188 245 221 245 
44 196 149 114 191 114 
45 203 209 203 153 203 
46 231 202 231 124 231 
47 67 130 67 183 67 
48 84 84 84 233 84 
49 73 105 61 204 105 
50 89 89 89 215 89 
51 232 19 232 237 232 
52 233 238 233 212 233 
53 118 251 118 37 118 
54 259 268 259 109 259 
55 38 271 38 7 38 
56 1 1 1 249 1 
57 105 261 71 219 108 
58 91 259 91 277 91 
59 31 207 31 43 31 
60 144 110 144 88 144 
61 50 114 50 130 50 
62 171 136 171 252 171 
63 106 56 106 182 106 
64 107 63 107 211 107 
65 188 185 188 268 188 
66 256 234 256 146 256 
67 167 167 167 270 167 
68 88 119 88 114 88 
69 71 272 73 260 113 
70 54 257 54 192 54 
71 82 160 82 132 82 
72 39 141 39 226 39 
73 43 196 43 34 43 
74 238 21 238 129 238 
75 40 87 40 209 40 
76 51 121 51 102 51 
77 200 41 200 184 200 
78 234 266 234 6 234 
79 83 161 83 246 83 
80 116 30 116 33 116 
81 219 190 219 269 219 
82 143 108 261 210 154 
83 115 132 115 115 115 
84 37 37 37 122 37 
85 221 58 221 240 221 
86 57 20 57 143 57 
87 6 6 6 111 6 
88 195 23 195 117 195 
89 86 142 86 152 86 
90 19 164 19 3 19 
91 58 147 58 164 61 
92 11 255 11 63 85 
93 220 33 220 131 220 
94 120 98 120 231 120 
95 13 222 13 44 13 
96 274 94 274 51 274 
97 80 80 80 49 80 
98 49 195 49 189 49 
99 113 258 269 61 157 
100 216 53 216 73 216 
101 178 5 178 62 178 
102 35 203 35 2 35 
103 179 274 179 18 179 
104 25 112 25 106 25 
105 97 113 85 92 158 
106 224 224 224 1 224 
107 270 2 270 36 270 
108 163 28 97 250 163 
109 244 40 244 154 244 
110 148 241 148 29 148 
111 257 118 257 27 257 
112 20 242 20 83 20 
113 18 62 18 258 18 
114 162 248 162 12 73 
115 32 25 32 162 32 
116 164 24 164 181 164 
117 276 236 276 272 276 
118 81 216 81 243 81 
119 147 45 147 256 147 
120 77 129 77 41 77 
121 90 82 90 119 90 
122 187 219 187 179 71 
123 241 244 241 157 241 
124 55 55 246 97 55 
125 99 197 99 60 99 
126 53 145 53 247 53 
127 117 65 117 222 117 
128 129 77 129 145 129 
129 208 180 208 165 208 
130 52 43 52 89 52 
131 246 179 55 136 246 
132 267 214 267 196 267 
133 262 173 262 82 262 
134 104 75 104 224 104 
135 158 211 218 218 184 
136 230 181 230 168 230 
137 207 191 207 4 207 
138 103 79 103 230 103 
139 92 92 92 173 92 
140 275 133 275 170 275 
141 222 13 222 241 222 
142 15 15 15 275 59 
143 174 239 174 225 174 
144 217 182 217 197 217 
145 198 237 198 84 198 
146 134 81 134 94 134 
147 205 215 205 38 28 
148 146 146 146 81 146 
149 209 93 209 149 209 
150 160 4 160 194 160 
151 223 27 223 193 223 
152 141 186 141 150 141 
153 62 194 62 96 62 
154 249 170 249 105 249 
155 236 221 236 187 236 
156 153 153 153 251 153 
157 8 128 8 59 8 
158 131 249 131 195 131 
159 201 29 201 21 201 
160 251 48 251 139 251 
161 16 11 16 244 16 
162 135 18 135 208 135 
163 2 270 2 227 2 
164 46 116 46 175 46 
165 98 135 98 110 98 
166 190 169 190 24 190 
167 165 165 165 239 165 
168 277 277 277 54 277 
169 101 101 101 172 101 
170 27 139 27 140 27 
171 242 76 242 10 242 
172 214 243 214 22 214 
173 235 99 235 17 235 
174 225 64 225 238 225 
175 278 273 278 113 278 
176 184 59 105 202 189 
177 226 218 108 266 211 
178 41 127 41 78 41 
179 3 31 3 116 3 
180 65 134 65 190 65 
181 64 225 64 216 64 
182 255 16 255 70 255 
183 127 131 127 264 127 
184 279 208 279 23 279 
185 5 252 5 261 5 
186 247 247 247 259 247 
187 123 86 123 201 123 
188 36 109 36 137 36 
189 170 174 170 95 170 
190 94 78 94 108 94 
191 23 278 23 118 23 
192 96 96 96 9 96 
193 173 262 173 67 173 
194 34 140 34 121 34 
195 191 229 191 77 191 
196 132 115 132 163 132 
197 122 122 122 271 122 
198 149 39 149 28 149 
199 166 36 166 166 166 
200 66 66 66 75 66 
201 130 10 130 198 130 
202 137 231 240 127 240 
203 183 245 183 158 183 
204 75 192 137 86 137 
205 204 7 204 98 204 
206 21 38 21 90 21 
207 121 175 121 232 121 
208 197 223 197 71 197 
209 252 51 252 19 252 
210 22 102 22 101 22 
211 76 14 76 255 76 
212 30 26 30 144 30 
213 133 275 133 134 133 
214 206 206 206 223 206 
215 176 60 176 35 176 
216 159 54 159 80 159 
217 42 42 42 161 42 
218 111 111 111 220 111 
219 240 200 264 40 264 
220 33 220 33 112 33 
221 145 265 145 236 145 
222 7 9 7 11 7 
223 45 276 45 228 45 
224 136 250 136 39 136 
225 112 32 112 155 112 
226 218 71 113 91 218 
227 155 226 272 32 226 
228 100 47 100 99 100 
229 12 150 12 53 12 
230 140 279 140 206 140 
231 139 12 139 68 139 
232 250 152 250 235 250 
233 194 235 194 128 194 
234 189 83 143 248 143 
235 237 198 237 20 237 
236 264 178 24 69 24 
237 258 151 155 257 155 
238 61 156 75 120 75 
239 254 228 260 31 228 
240 109 46 109 26 109 
241 4 68 4 253 4 
242 260 154 158 25 254 
243 199 210 199 174 199 
244 248 91 248 156 248 
245 192 144 192 178 192 
246 157 61 157 160 258 
247 215 205 215 16 215 
248 56 193 56 30 56 
249 142 148 142 74 142 
250 87 227 87 278 87 
251 177 103 177 141 177 
252 186 50 186 263 186 
253 150 120 150 169 150 
254 185 264 185 229 185 
255 253 253 253 148 253 
256 128 8 128 242 128 
257 63 69 63 50 63 
258 182 117 182 87 182 
259 229 166 229 8 229 
260 269 269 154 56 260 
261 243 176 243 58 243 
262 102 22 102 103 102 
263 14 123 14 126 14 
264 152 52 152 45 152 
265 175 67 175 138 175 
266 69 143 69 214 69 
267 261 189 258 85 261 
268 210 199 210 177 210 
269 168 168 168 205 168 
270 169 162 169 200 169 
271 72 106 72 147 72 
272 212 35 212 203 212 
273 272 163 163 276 269 
274 266 74 266 133 266 
275 110 17 110 64 110 
276 119 137 119 262 119 
277 95 95 95 79 95 
278 70 125 70 46 70 
279 263 232 263 279 263 
