***********************************
Experiment parameters:
Experiment results:
Permutations:
I U RANK QCV rand PATH 
1 268 124 126 47 126 
2 63 195 207 186 276 
3 35 228 118 180 118 
4 25 269 171 273 173 
5 153 194 231 176 169 
6 184 244 98 14 218 
7 147 173 27 135 188 
8 186 82 185 167 185 
9 204 99 101 267 232 
10 55 54 161 142 192 
11 269 2 169 234 196 
12 130 83 123 72 50 
13 170 131 91 245 91 
14 48 218 17 57 17 
15 127 3 87 66 271 
16 40 213 224 125 224 
17 125 223 115 207 115 
18 50 253 3 254 207 
19 145 198 71 171 275 
20 197 68 267 104 161 
21 278 203 274 5 3 
22 43 151 241 93 241 
23 273 4 172 65 203 
24 271 6 240 76 240 
25 138 90 221 15 221 
26 134 87 32 52 32 
27 49 188 114 151 114 
28 112 201 226 42 226 
29 137 107 80 185 191 
30 241 176 113 159 113 
31 222 121 162 274 162 
32 128 248 269 265 269 
33 77 275 275 100 171 
34 142 84 151 48 239 
35 6 208 232 217 268 
36 136 140 239 188 181 
37 79 85 105 107 105 
38 181 21 21 13 21 
39 150 154 159 55 133 
40 119 95 264 213 264 
41 191 11 160 199 140 
42 235 239 22 123 22 
43 36 12 132 221 79 
44 94 74 46 191 46 
45 28 229 155 153 155 
46 122 214 54 124 63 
47 264 81 81 183 81 
48 180 199 193 233 193 
49 254 9 37 204 198 
50 32 128 73 215 73 
51 113 144 168 237 168 
52 7 206 28 212 41 
53 2 266 150 37 150 
54 14 156 204 109 31 
55 27 7 7 7 7 
56 100 111 116 249 116 
57 116 219 158 219 233 
58 104 265 38 277 38 
59 187 190 178 43 178 
60 232 249 263 88 263 
61 22 279 26 130 26 
62 259 191 68 252 80 
63 26 64 152 182 152 
64 61 135 107 211 231 
65 149 148 258 268 258 
66 207 179 205 146 205 
67 199 174 210 270 210 
68 64 157 47 114 72 
69 97 183 13 260 13 
70 210 165 183 192 183 
71 88 96 96 132 96 
72 29 257 29 226 29 
73 39 255 23 34 23 
74 45 23 255 129 255 
75 159 46 74 209 74 
76 174 149 142 102 142 
77 171 5 111 184 111 
78 78 80 135 6 99 
79 82 241 78 246 78 
80 189 193 199 33 199 
81 18 19 19 269 19 
82 195 185 222 210 222 
83 205 167 90 115 90 
84 114 215 233 122 272 
85 70 120 138 240 138 
86 242 69 173 143 62 
87 162 61 64 111 64 
88 44 70 94 117 109 
89 192 17 97 152 248 
90 57 172 55 3 55 
91 196 43 236 164 236 
92 165 35 234 63 234 
93 247 168 244 131 65 
94 201 276 189 231 189 
95 123 112 106 44 106 
96 23 222 95 51 95 
97 87 247 227 49 227 
98 65 182 214 189 245 
99 255 246 60 61 60 
100 110 278 124 73 124 
101 139 158 110 62 110 
102 91 125 216 2 92 
103 80 159 100 18 274 
104 56 225 225 106 225 
105 21 117 8 92 8 
106 198 250 278 1 278 
107 200 178 89 36 89 
108 74 272 219 250 219 
109 54 71 191 154 214 
110 249 76 243 29 243 
111 231 91 212 27 212 
112 257 231 34 83 34 
113 279 184 242 258 242 
114 226 77 230 12 230 
115 263 29 1 162 1 
116 93 226 187 181 187 
117 106 55 180 272 180 
118 221 109 58 243 58 
119 246 192 122 256 122 
120 126 270 257 41 257 
121 213 189 129 119 129 
122 240 234 35 179 35 
123 117 123 195 157 195 
124 72 216 11 97 42 
125 262 26 192 60 52 
126 118 187 69 247 69 
127 135 263 249 222 249 
128 275 122 261 145 261 
129 132 240 112 165 112 
130 233 145 157 89 94 
131 173 220 215 136 11 
132 190 129 66 196 66 
133 9 53 30 82 30 
134 69 202 5 224 5 
135 236 146 146 218 146 
136 66 230 77 168 77 
137 164 212 10 4 10 
138 182 224 213 230 213 
139 59 163 2 173 2 
140 67 227 247 170 247 
141 5 164 164 241 164 
142 228 38 265 275 265 
143 177 133 208 225 40 
144 260 8 260 197 260 
145 227 10 211 84 211 
146 155 72 79 94 28 
147 243 24 24 38 24 
148 166 251 197 81 197 
149 218 118 228 149 228 
150 60 44 44 194 44 
151 24 207 93 193 93 
152 10 238 139 150 139 
153 15 88 223 96 120 
154 115 50 174 105 174 
155 211 141 18 187 18 
156 253 150 266 251 266 
157 131 264 165 59 165 
158 41 67 166 195 166 
159 276 260 167 21 167 
160 225 175 175 139 175 
161 188 25 25 244 16 
162 101 106 170 208 157 
163 103 14 119 227 119 
164 107 237 9 175 145 
165 206 101 251 110 251 
166 267 254 92 24 154 
167 30 27 83 239 83 
168 185 261 39 54 156 
169 277 66 182 172 220 
170 158 169 86 140 86 
171 251 210 181 10 97 
172 148 113 120 22 98 
173 154 32 156 17 143 
174 250 155 254 238 101 
175 143 98 220 113 100 
176 68 262 262 202 262 
177 13 259 209 266 209 
178 194 75 201 78 201 
179 167 97 253 116 253 
180 109 33 218 190 25 
181 99 256 153 216 153 
182 193 34 271 70 12 
183 208 86 144 264 223 
184 183 28 31 23 267 
185 203 89 235 261 254 
186 1 20 130 259 130 
187 96 138 33 201 270 
188 42 221 117 137 117 
189 169 37 63 95 151 
190 11 102 16 108 244 
191 178 100 42 118 182 
192 3 39 50 9 27 
193 34 73 15 67 15 
194 33 40 276 121 172 
195 248 42 154 77 39 
196 157 31 133 163 104 
197 266 236 43 271 43 
198 124 49 49 28 49 
199 261 51 45 166 45 
200 141 114 103 75 103 
201 71 115 99 198 54 
202 244 143 198 127 144 
203 52 41 188 158 125 
204 4 196 194 86 87 
205 16 47 229 98 123 
206 168 160 72 90 132 
207 47 116 51 232 51 
208 156 119 177 71 68 
209 172 209 128 19 128 
210 230 56 56 101 56 
211 202 108 108 255 108 
212 75 232 279 144 216 
213 102 94 248 134 127 
214 84 132 65 223 229 
215 37 52 125 35 237 
216 160 274 206 80 85 
217 224 103 143 161 208 
218 223 78 270 220 159 
219 245 233 41 40 71 
220 220 170 62 112 37 
221 86 186 186 236 186 
222 215 79 268 11 9 
223 8 258 148 228 148 
224 144 162 121 39 121 
225 31 57 85 155 206 
226 120 137 184 91 184 
227 237 48 53 32 53 
228 252 277 277 99 277 
229 270 130 140 53 107 
230 274 271 61 206 33 
231 17 171 217 68 215 
232 105 58 134 235 47 
233 272 242 109 128 235 
234 216 245 12 248 134 
235 62 92 127 20 177 
236 38 63 104 69 61 
237 53 62 196 257 170 
238 229 267 237 120 204 
239 161 105 88 31 88 
240 85 1 52 26 200 
241 217 22 176 253 176 
242 146 127 245 25 160 
243 19 60 131 174 131 
244 152 211 36 156 36 
245 73 16 200 178 158 
246 140 65 40 160 194 
247 111 30 136 16 136 
248 121 268 145 30 217 
249 92 104 102 74 102 
250 214 177 250 278 250 
251 90 110 272 141 135 
252 239 204 137 263 137 
253 58 93 203 169 279 
254 89 45 246 229 246 
255 234 153 14 148 14 
256 51 15 259 242 259 
257 98 252 252 50 252 
258 76 59 59 87 59 
259 129 273 273 8 273 
260 81 126 75 56 75 
261 95 136 179 58 179 
262 83 180 149 103 149 
263 20 18 141 126 141 
264 265 134 70 45 70 
265 256 197 20 138 20 
266 219 205 48 214 48 
267 151 200 190 85 190 
268 258 147 202 177 202 
269 238 139 238 205 238 
270 209 13 82 200 82 
271 176 217 6 147 6 
272 163 161 163 203 163 
273 108 181 57 276 57 
274 175 152 256 133 256 
275 46 235 84 64 84 
276 12 166 67 262 67 
277 179 36 147 79 147 
278 212 243 76 46 76 
279 133 142 4 279 4 
