***********************************
Experiment parameters:
Experiment results:
Permutations:
I U RANK QCV rand PATH 
1 247 145 17 47 63 
2 279 92 202 186 212 
3 265 121 222 180 265 
4 145 38 203 273 243 
5 269 160 269 176 269 
6 72 118 185 14 253 
7 49 187 49 135 49 
8 190 225 190 167 190 
9 24 115 24 267 24 
10 17 117 277 142 277 
11 216 266 216 234 216 
12 61 150 61 72 61 
13 175 57 175 245 175 
14 93 166 93 57 93 
15 34 95 34 66 34 
16 153 45 153 125 153 
17 230 199 230 207 230 
18 90 214 38 254 4 
19 45 236 45 171 45 
20 38 101 188 104 77 
21 242 120 242 5 242 
22 52 262 63 93 210 
23 43 233 43 65 43 
24 194 268 194 76 194 
25 82 151 82 15 82 
26 102 10 102 52 102 
27 110 61 110 151 110 
28 181 246 181 42 181 
29 274 234 274 185 274 
30 272 123 272 159 272 
31 5 103 5 274 5 
32 151 136 151 265 151 
33 56 213 56 100 56 
34 63 119 214 48 106 
35 246 112 246 217 246 
36 160 87 160 188 160 
37 89 31 89 107 89 
38 108 220 108 13 108 
39 224 64 224 55 224 
40 196 263 196 213 196 
41 30 249 30 199 30 
42 177 49 177 123 177 
43 200 200 200 221 200 
44 222 69 265 191 222 
45 66 227 66 153 66 
46 64 207 64 124 64 
47 7 39 7 183 7 
48 165 165 165 233 165 
49 118 203 80 204 111 
50 249 152 249 215 249 
51 19 251 19 237 19 
52 120 267 120 212 120 
53 234 279 234 37 234 
54 152 30 152 109 152 
55 115 277 115 7 115 
56 132 132 132 249 132 
57 80 80 247 219 118 
58 159 159 159 277 159 
59 157 208 157 43 157 
60 48 60 48 88 48 
61 192 229 192 130 192 
62 184 192 184 252 184 
63 237 2 237 182 237 
64 76 5 76 211 76 
65 233 33 233 268 233 
66 87 193 87 146 87 
67 205 104 205 270 205 
68 260 179 260 114 260 
69 74 106 74 260 119 
70 21 135 21 192 21 
71 150 274 150 132 150 
72 229 114 229 226 229 
73 146 276 146 34 146 
74 11 237 11 129 11 
75 189 37 189 209 189 
76 116 175 116 102 116 
77 1 8 1 184 1 
78 193 269 193 6 193 
79 130 196 130 246 130 
80 271 271 271 33 271 
81 107 228 107 269 107 
82 147 149 215 210 137 
83 59 113 59 115 59 
84 182 217 182 122 182 
85 97 14 97 240 97 
86 37 48 37 143 37 
87 62 36 62 111 62 
88 172 86 172 117 172 
89 124 168 124 152 124 
90 136 7 136 3 136 
91 253 43 253 164 74 
92 4 254 4 63 101 
93 164 107 164 131 164 
94 12 141 12 231 12 
95 84 134 84 44 84 
96 140 161 140 51 140 
97 47 47 47 49 47 
98 143 68 143 189 143 
99 137 188 264 61 145 
100 213 81 213 73 213 
101 278 221 278 62 278 
102 114 222 114 2 114 
103 252 252 252 18 252 
104 51 25 51 106 51 
105 101 264 92 92 147 
106 142 142 142 1 142 
107 134 84 134 36 134 
108 92 63 101 250 149 
109 40 124 40 154 40 
110 238 238 238 29 238 
111 26 240 26 27 26 
112 236 189 236 83 236 
113 241 70 241 258 241 
114 77 164 210 12 80 
115 25 3 25 162 25 
116 158 29 158 181 158 
117 244 79 244 272 244 
118 195 88 195 243 195 
119 73 235 73 256 73 
120 81 173 81 41 81 
121 83 93 83 119 83 
122 210 46 77 179 92 
123 219 260 219 157 219 
124 121 265 95 97 121 
125 270 122 270 60 270 
126 268 182 268 247 268 
127 171 4 171 222 171 
128 206 174 206 145 206 
129 254 131 254 165 254 
130 28 181 28 89 28 
131 95 62 121 136 95 
132 245 158 245 196 245 
133 179 223 179 82 179 
134 240 52 240 224 240 
135 119 185 106 218 178 
136 276 146 276 168 276 
137 207 197 207 4 207 
138 275 58 275 230 275 
139 94 154 94 173 94 
140 170 96 170 170 170 
141 138 128 138 241 138 
142 243 243 243 275 38 
143 14 98 14 225 14 
144 131 194 131 197 131 
145 60 226 60 84 60 
146 201 148 201 94 201 
147 212 212 212 38 17 
148 20 20 20 81 20 
149 112 184 112 149 112 
150 263 242 263 194 263 
151 122 9 122 193 122 
152 69 90 69 150 69 
153 67 16 67 96 67 
154 79 127 79 105 79 
155 235 133 235 187 235 
156 126 126 126 251 126 
157 259 259 259 59 259 
158 127 244 127 195 127 
159 117 72 117 21 117 
160 166 26 166 139 166 
161 125 56 125 244 125 
162 16 67 16 208 16 
163 128 138 128 227 128 
164 255 163 255 175 255 
165 144 241 144 110 144 
166 46 183 46 24 46 
167 53 53 53 239 53 
168 154 18 154 54 154 
169 261 261 261 172 261 
170 9 50 9 140 9 
171 44 155 44 10 44 
172 42 245 42 22 42 
173 141 75 141 17 141 
174 104 205 104 238 104 
175 226 273 226 113 226 
176 178 17 111 202 185 
177 215 147 118 266 188 
178 162 253 162 78 162 
179 239 139 239 116 239 
180 173 204 173 190 173 
181 211 78 211 216 211 
182 217 171 217 70 217 
183 176 258 176 264 176 
184 71 195 71 23 71 
185 39 278 39 261 39 
186 139 224 139 259 139 
187 105 190 105 201 105 
188 10 255 10 137 10 
189 8 109 8 95 8 
190 180 180 180 108 180 
191 86 99 86 118 86 
192 50 51 50 9 50 
193 225 198 225 67 225 
194 174 71 174 121 174 
195 208 239 208 77 208 
196 167 272 167 163 167 
197 209 108 209 271 209 
198 257 257 257 28 257 
199 31 186 31 166 31 
200 221 82 221 75 221 
201 22 59 22 198 22 
202 197 157 197 127 197 
203 258 1 258 158 258 
204 41 172 41 86 41 
205 266 73 266 98 266 
206 267 110 267 90 267 
207 123 19 123 232 123 
208 70 270 70 71 70 
209 15 13 15 19 15 
210 248 94 248 101 248 
211 168 143 168 255 168 
212 163 89 163 144 163 
213 96 170 96 134 96 
214 250 250 250 223 250 
215 13 55 13 35 13 
216 58 230 58 80 58 
217 256 256 256 161 256 
218 54 32 54 220 54 
219 33 97 33 40 33 
220 149 210 228 112 228 
221 204 206 204 236 204 
222 133 176 133 11 133 
223 98 162 98 228 98 
224 36 66 36 39 36 
225 27 23 27 155 27 
226 185 191 262 91 191 
227 203 74 149 32 202 
228 65 65 65 99 65 
229 23 27 23 53 23 
230 148 201 148 206 148 
231 85 12 85 68 85 
232 227 140 227 235 227 
233 3 85 3 128 3 
234 111 275 279 248 72 
235 187 177 187 20 187 
236 57 15 57 69 57 
237 188 76 72 257 279 
238 106 83 220 120 220 
239 214 111 178 31 203 
240 156 156 156 26 156 
241 135 6 135 253 135 
242 220 202 137 25 214 
243 232 231 232 174 232 
244 183 129 183 156 183 
245 223 41 223 178 223 
246 202 178 145 160 215 
247 32 54 32 16 32 
248 199 130 199 30 199 
249 218 218 218 74 218 
250 99 44 99 278 99 
251 228 11 52 141 52 
252 161 35 161 263 161 
253 75 144 75 169 75 
254 109 216 109 229 109 
255 91 91 91 148 91 
256 78 211 78 242 78 
257 2 21 2 50 2 
258 88 125 88 87 88 
259 186 102 186 8 186 
260 191 215 147 56 247 
261 251 116 251 58 251 
262 18 248 18 103 18 
263 273 100 273 126 273 
264 35 28 35 45 35 
265 169 167 169 138 169 
266 103 24 103 214 103 
267 262 137 191 85 262 
268 231 232 231 177 231 
269 155 219 155 205 155 
270 129 77 129 200 129 
271 6 209 6 147 6 
272 277 34 90 203 90 
273 264 247 119 276 264 
274 113 42 113 133 113 
275 68 105 68 64 68 
276 198 153 198 262 198 
277 100 40 100 79 100 
278 55 169 55 46 55 
279 29 22 29 279 29 
