***********************************
Experiment parameters:
Experiment results:
Permutations:
I U RANK QCV rand PATH 
1 272 256 16 47 18 
2 279 272 223 186 242 
3 83 124 233 180 233 
4 105 85 18 273 160 
5 215 133 215 176 215 
6 41 135 180 14 260 
7 20 268 20 135 20 
8 268 117 268 167 268 
9 136 250 136 267 136 
10 18 205 32 142 32 
11 23 6 23 234 23 
12 16 136 173 72 173 
13 88 88 88 245 88 
14 60 178 212 57 212 
15 151 78 157 66 151 
16 203 154 203 125 203 
17 178 47 178 207 178 
18 120 86 35 254 17 
19 154 87 154 171 154 
20 5 35 210 104 51 
21 191 9 191 5 191 
22 53 210 53 93 232 
23 183 186 183 65 183 
24 69 153 69 76 69 
25 127 213 127 15 127 
26 70 91 70 52 70 
27 220 74 220 151 220 
28 157 132 151 42 157 
29 40 3 40 185 40 
30 194 103 194 159 194 
31 184 26 184 274 184 
32 257 109 257 265 257 
33 139 204 139 100 139 
34 35 121 143 48 89 
35 185 151 185 217 185 
36 262 215 262 188 262 
37 91 54 91 107 91 
38 9 190 9 13 9 
39 221 162 221 55 221 
40 34 187 34 213 34 
41 152 254 152 199 152 
42 229 106 229 123 229 
43 155 181 155 221 155 
44 233 157 83 191 83 
45 90 161 90 153 90 
46 116 93 116 124 116 
47 133 137 133 183 133 
48 75 75 75 233 75 
49 143 89 66 204 96 
50 141 17 141 215 141 
51 171 150 171 237 171 
52 147 241 147 212 147 
53 241 191 241 37 241 
54 230 141 230 109 230 
55 142 196 142 7 142 
56 247 247 247 249 247 
57 135 105 225 219 104 
58 269 101 269 277 269 
59 28 50 28 43 28 
60 106 115 106 88 106 
61 161 255 161 130 161 
62 63 185 63 252 63 
63 190 222 190 182 190 
64 187 32 187 211 187 
65 218 12 218 268 218 
66 224 37 224 146 224 
67 168 1 168 270 168 
68 234 15 234 114 234 
69 66 143 85 260 105 
70 74 40 74 192 74 
71 26 84 26 132 26 
72 208 198 208 226 208 
73 124 83 124 34 124 
74 47 148 47 129 47 
75 201 159 201 209 201 
76 275 266 275 102 275 
77 123 183 123 184 123 
78 55 277 55 6 55 
79 3 167 3 246 3 
80 80 80 80 33 80 
81 125 179 125 269 125 
82 111 53 228 210 111 
83 25 140 25 115 25 
84 21 21 21 122 21 
85 181 216 181 240 181 
86 15 197 15 143 15 
87 246 90 246 111 246 
88 58 20 58 117 58 
89 65 7 65 152 65 
90 37 171 37 3 37 
91 260 52 260 164 53 
92 51 219 51 63 66 
93 101 68 101 131 101 
94 31 240 31 231 31 
95 165 175 165 44 165 
96 110 71 110 51 110 
97 134 134 134 49 134 
98 276 189 276 189 276 
99 86 180 86 61 121 
100 264 270 264 73 264 
101 129 55 129 62 129 
102 263 30 22 2 263 
103 95 22 95 18 95 
104 253 79 253 106 253 
105 89 225 89 92 126 
106 202 202 202 1 202 
107 244 81 244 36 244 
108 130 111 272 250 130 
109 170 58 170 154 170 
110 273 214 273 29 273 
111 146 173 146 27 146 
112 236 235 236 83 236 
113 195 149 195 258 195 
114 17 41 17 12 85 
115 43 10 43 162 43 
116 277 176 277 181 277 
117 73 72 73 272 73 
118 27 259 27 243 27 
119 6 260 6 256 6 
120 144 139 144 41 144 
121 61 184 61 119 61 
122 232 230 232 179 86 
123 159 236 159 157 159 
124 94 208 78 97 94 
125 149 118 149 60 149 
126 119 76 119 247 119 
127 153 29 153 222 153 
128 270 39 270 145 270 
129 29 51 29 165 29 
130 22 95 263 89 22 
131 78 63 94 136 78 
132 169 194 169 196 169 
133 117 234 117 82 117 
134 200 61 200 224 200 
135 121 16 279 218 135 
136 48 110 48 168 48 
137 102 99 102 4 102 
138 239 64 239 230 239 
139 207 207 207 173 207 
140 158 243 158 170 158 
141 81 165 81 241 81 
142 160 112 160 275 35 
143 113 13 113 225 113 
144 56 56 56 197 56 
145 11 203 11 84 11 
146 259 69 259 94 259 
147 242 258 242 38 16 
148 248 248 248 81 248 
149 217 48 217 149 217 
150 167 77 167 194 167 
151 59 43 59 193 59 
152 71 246 71 150 71 
153 4 193 4 96 4 
154 98 238 98 105 98 
155 216 73 216 187 216 
156 82 131 82 251 82 
157 1 92 1 59 1 
158 13 33 13 195 13 
159 196 34 196 21 196 
160 77 239 77 139 77 
161 38 119 38 244 38 
162 107 107 107 208 107 
163 175 244 175 227 175 
164 99 70 99 175 99 
165 174 177 174 110 174 
166 179 269 179 24 179 
167 261 261 261 239 261 
168 206 206 206 54 206 
169 44 82 44 172 44 
170 193 114 193 140 193 
171 67 182 67 10 67 
172 251 62 251 22 251 
173 172 4 172 17 172 
174 24 24 24 238 24 
175 197 227 197 113 197 
176 104 228 96 202 143 
177 180 18 104 266 163 
178 186 23 186 78 186 
179 162 102 162 116 162 
180 219 19 219 190 219 
181 92 168 92 216 92 
182 211 144 211 70 211 
183 12 113 12 264 12 
184 39 145 39 23 39 
185 252 129 252 261 252 
186 93 116 93 259 93 
187 274 273 274 201 274 
188 164 28 164 137 164 
189 72 60 72 95 72 
190 100 249 100 108 100 
191 138 274 138 118 138 
192 79 31 79 9 79 
193 231 276 231 67 231 
194 76 211 76 121 76 
195 57 36 57 77 57 
196 213 275 213 163 213 
197 192 120 192 271 192 
198 198 217 198 28 198 
199 54 209 54 166 54 
200 109 252 109 75 109 
201 176 188 176 198 176 
202 50 14 50 127 50 
203 52 98 52 158 52 
204 32 229 235 86 235 
205 238 123 238 98 238 
206 250 192 250 90 250 
207 46 156 46 232 46 
208 177 267 177 71 177 
209 156 224 156 19 156 
210 245 245 245 101 245 
211 115 2 115 255 115 
212 14 164 14 144 14 
213 243 158 243 134 243 
214 131 44 131 223 131 
215 137 226 137 35 137 
216 148 42 148 80 148 
217 112 160 112 161 112 
218 108 108 108 220 108 
219 173 8 60 40 60 
220 212 152 41 112 41 
221 204 27 204 236 204 
222 8 218 8 11 8 
223 278 155 278 228 278 
224 30 263 30 39 30 
225 114 59 114 155 114 
226 163 104 105 91 180 
227 235 66 256 32 210 
228 140 251 140 99 140 
229 10 172 10 53 10 
230 19 38 19 206 19 
231 118 253 118 68 118 
232 132 100 132 235 132 
233 267 195 267 128 267 
234 205 147 84 248 5 
235 182 199 182 20 182 
236 188 46 188 69 188 
237 223 5 5 257 84 
238 85 200 205 120 205 
239 126 279 111 31 223 
240 36 221 36 26 36 
241 128 212 128 253 128 
242 96 126 163 25 225 
243 265 122 265 174 265 
244 68 125 68 156 68 
245 227 67 227 178 227 
246 225 96 121 160 228 
247 258 242 258 16 258 
248 64 128 64 30 64 
249 97 201 97 74 97 
250 7 97 7 278 7 
251 84 45 120 141 120 
252 237 94 237 263 237 
253 240 174 240 169 240 
254 33 278 33 229 33 
255 271 271 271 148 271 
256 49 49 49 242 49 
257 222 142 222 50 222 
258 145 264 145 87 145 
259 209 57 209 8 209 
260 256 130 126 56 256 
261 266 169 266 58 266 
262 166 166 166 103 166 
263 87 138 87 126 103 
264 255 233 255 45 255 
265 103 25 103 138 87 
266 45 146 45 214 45 
267 228 163 135 85 272 
268 122 265 122 177 122 
269 199 231 199 205 199 
270 254 232 254 200 254 
271 42 220 42 147 42 
272 249 237 249 203 249 
273 210 223 130 276 279 
274 62 257 62 133 62 
275 2 11 2 64 2 
276 214 170 214 262 214 
277 189 65 189 79 189 
278 226 262 226 46 226 
279 150 127 150 279 150 
