***********************************
Experiment parameters:
Experiment results:
Permutations:
I U RANK QCV rand PATH 
1 267 104 184 47 59 
2 250 147 15 186 168 
3 11 125 11 180 34 
4 104 263 250 273 213 
5 119 253 119 176 119 
6 95 123 25 14 75 
7 228 264 228 135 228 
8 18 1 18 167 18 
9 58 103 58 267 58 
10 5 181 79 142 79 
11 210 187 210 234 210 
12 15 261 109 72 109 
13 90 159 90 245 90 
14 79 153 116 57 116 
15 96 150 100 66 96 
16 124 124 124 125 124 
17 110 112 110 207 110 
18 7 156 263 254 29 
19 264 271 264 171 264 
20 25 99 279 104 93 
21 103 78 103 5 103 
22 17 59 267 93 95 
23 136 27 136 65 136 
24 242 275 242 76 242 
25 23 9 23 15 23 
26 145 4 145 52 145 
27 91 114 91 151 91 
28 100 164 96 42 100 
29 207 116 207 185 207 
30 236 224 236 159 236 
31 198 128 198 274 198 
32 48 115 48 265 48 
33 275 8 275 100 275 
34 180 174 59 48 99 
35 129 178 129 217 129 
36 108 119 108 188 108 
37 28 222 28 107 28 
38 76 79 76 13 76 
39 102 179 102 55 102 
40 226 76 226 213 226 
41 3 273 3 199 3 
42 63 274 63 123 63 
43 193 166 193 221 193 
44 34 188 34 191 11 
45 220 2 220 153 220 
46 179 277 179 124 179 
47 211 72 211 183 211 
48 143 143 143 233 143 
49 169 272 61 204 104 
50 54 259 54 215 54 
51 115 208 115 237 115 
52 170 149 170 212 170 
53 185 185 185 37 185 
54 259 133 259 109 259 
55 254 226 254 7 254 
56 21 21 21 249 21 
57 61 138 186 219 123 
58 133 17 133 277 133 
59 84 144 84 43 84 
60 203 77 203 88 203 
61 140 11 140 130 140 
62 188 62 188 252 188 
63 227 170 227 182 227 
64 190 180 190 211 190 
65 37 36 37 268 37 
66 269 101 269 146 269 
67 94 212 94 270 94 
68 89 87 89 114 89 
69 86 157 86 260 138 
70 45 97 45 192 45 
71 78 91 78 132 78 
72 178 169 178 226 178 
73 150 96 150 34 150 
74 82 82 82 129 82 
75 274 165 274 209 274 
76 159 278 159 102 159 
77 204 37 204 184 204 
78 246 90 246 6 246 
79 181 31 181 246 181 
80 144 249 144 33 144 
81 70 53 70 269 70 
82 147 61 196 210 147 
83 243 126 243 115 243 
84 130 24 130 122 130 
85 257 193 257 240 257 
86 20 89 20 143 20 
87 135 100 135 111 135 
88 258 105 258 117 258 
89 137 32 137 152 137 
90 134 173 134 3 134 
91 75 210 75 164 61 
92 29 214 29 63 86 
93 183 3 183 131 183 
94 41 235 41 231 41 
95 35 151 35 44 35 
96 117 220 117 51 117 
97 152 152 152 49 152 
98 271 189 271 189 271 
99 59 158 172 61 156 
100 24 242 24 73 24 
101 101 107 101 62 101 
102 46 34 5 2 46 
103 125 117 125 18 125 
104 268 175 268 106 268 
105 99 95 93 92 157 
106 44 44 44 1 44 
107 74 35 74 36 74 
108 156 15 95 250 158 
109 215 248 215 154 215 
110 165 266 165 29 165 
111 239 45 239 27 239 
112 189 215 189 83 189 
113 262 237 262 258 262 
114 233 54 273 12 273 
115 19 268 19 162 19 
116 9 51 9 181 9 
117 201 69 201 272 201 
118 176 29 176 243 176 
119 127 160 127 256 127 
120 155 111 155 41 155 
121 31 57 31 119 31 
122 273 141 233 179 233 
123 105 52 105 157 105 
124 247 46 247 97 247 
125 237 118 237 60 237 
126 163 68 163 247 163 
127 33 33 33 222 33 
128 65 65 65 145 65 
129 8 92 8 165 8 
130 114 140 46 89 5 
131 256 218 256 136 256 
132 39 243 39 196 39 
133 244 26 244 82 244 
134 245 42 245 224 245 
135 93 93 99 218 172 
136 2 47 2 168 2 
137 225 265 225 4 225 
138 57 110 57 230 57 
139 10 10 10 173 10 
140 49 197 49 170 49 
141 151 74 151 241 151 
142 213 122 213 275 25 
143 217 201 217 225 217 
144 98 6 98 197 98 
145 199 258 199 84 199 
146 92 83 92 94 92 
147 168 168 168 38 15 
148 120 120 120 81 120 
149 62 5 62 149 62 
150 112 121 112 194 112 
151 175 19 175 193 175 
152 234 234 234 150 234 
153 200 50 200 96 200 
154 55 127 55 105 55 
155 160 194 160 187 160 
156 216 106 216 251 216 
157 212 66 212 59 212 
158 69 204 69 195 69 
159 97 195 97 21 97 
160 206 230 206 139 206 
161 83 98 83 244 83 
162 118 182 118 208 118 
163 238 238 238 227 238 
164 277 88 277 175 277 
165 167 192 167 110 167 
166 53 70 53 24 53 
167 22 22 22 239 22 
168 191 191 191 54 191 
169 64 216 64 172 64 
170 182 219 182 140 182 
171 240 162 240 10 240 
172 208 246 208 22 208 
173 251 200 251 17 251 
174 66 232 66 238 66 
175 248 60 248 113 248 
176 186 250 276 202 174 
177 157 186 104 266 184 
178 161 217 161 78 161 
179 265 225 265 116 265 
180 171 40 171 190 171 
181 131 131 131 216 131 
182 40 130 40 70 40 
183 80 75 80 264 80 
184 214 155 214 23 214 
185 209 269 209 261 209 
186 4 28 4 259 4 
187 241 228 241 201 241 
188 252 145 252 137 252 
189 187 55 187 95 187 
190 13 71 13 108 13 
191 139 63 139 118 139 
192 192 14 192 9 192 
193 12 199 12 67 12 
194 68 171 68 121 68 
195 88 84 88 77 88 
196 51 108 51 163 51 
197 121 245 121 271 121 
198 260 256 260 28 260 
199 16 252 16 166 16 
200 81 48 81 75 81 
201 231 134 231 198 231 
202 109 270 249 127 249 
203 223 80 223 158 223 
204 123 240 7 86 7 
205 27 136 27 98 27 
206 261 206 261 90 261 
207 142 23 142 232 142 
208 14 255 14 71 14 
209 224 211 224 19 224 
210 205 205 205 101 205 
211 32 139 32 255 32 
212 222 102 222 144 222 
213 197 49 197 134 197 
214 106 64 106 223 106 
215 253 39 253 35 253 
216 42 254 42 80 42 
217 122 213 122 161 122 
218 146 43 146 220 146 
219 166 223 166 40 166 
220 249 183 17 112 17 
221 6 163 6 236 6 
222 36 154 36 11 36 
223 154 257 154 228 154 
224 164 247 164 39 164 
225 219 41 219 155 219 
226 172 279 123 91 186 
227 230 267 272 32 196 
228 126 236 126 99 126 
229 255 251 255 53 255 
230 111 176 111 206 111 
231 85 85 85 68 85 
232 71 260 71 235 71 
233 235 262 235 128 235 
234 196 58 230 248 230 
235 1 229 1 20 1 
236 173 209 173 69 173 
237 158 190 195 257 195 
238 116 227 180 120 180 
239 263 86 174 31 250 
240 270 73 270 26 270 
241 149 198 149 253 149 
242 272 172 138 25 263 
243 38 132 38 174 38 
244 141 233 141 156 141 
245 229 203 229 178 229 
246 195 276 147 160 267 
247 43 146 43 16 43 
248 148 239 148 30 148 
249 266 241 266 74 266 
250 26 7 26 278 26 
251 184 67 114 141 114 
252 218 129 218 263 218 
253 50 167 50 169 50 
254 194 161 194 229 194 
255 113 113 113 148 113 
256 232 94 232 242 232 
257 153 148 153 50 153 
258 221 221 221 87 221 
259 73 16 73 8 73 
260 138 184 157 56 272 
261 177 142 177 58 177 
262 56 56 56 103 56 
263 60 12 60 126 60 
264 47 135 47 45 47 
265 278 177 278 138 278 
266 67 207 67 214 67 
267 276 25 158 85 276 
268 132 38 132 177 132 
269 87 18 87 205 87 
270 202 202 202 200 202 
271 128 109 128 147 128 
272 174 13 169 203 169 
273 279 196 156 276 279 
274 107 231 107 133 107 
275 52 20 52 64 52 
276 162 137 162 262 162 
277 77 244 77 79 77 
278 30 81 30 46 30 
279 72 30 72 279 72 
