***********************************
Experiment parameters:
Experiment results:
Permutations:
I U RANK QCV rand PATH 
1 251 169 1 47 63 
2 191 96 2 186 11 
3 89 32 3 180 156 
4 150 268 4 273 45 
5 234 200 5 176 237 
6 3 8 6 14 177 
7 162 141 7 135 265 
8 244 68 8 167 185 
9 80 100 9 267 238 
10 74 1 10 142 89 
11 268 2 11 234 164 
12 30 81 12 72 66 
13 19 143 13 245 154 
14 46 201 14 57 162 
15 83 213 15 66 252 
16 92 106 16 125 5 
17 264 231 17 207 171 
18 112 56 18 254 127 
19 34 167 19 171 119 
20 144 189 20 104 88 
21 134 148 21 5 168 
22 211 132 22 93 9 
23 36 220 23 65 200 
24 278 6 24 76 57 
25 35 223 25 15 202 
26 197 86 26 52 1 
27 10 15 27 151 34 
28 154 7 28 42 198 
29 26 208 29 185 261 
30 4 175 30 159 246 
31 231 156 31 274 32 
32 233 129 32 265 190 
33 201 52 33 100 82 
34 117 82 34 48 233 
35 86 217 35 217 140 
36 226 173 36 188 43 
37 157 83 37 107 210 
38 115 24 38 13 24 
39 236 144 39 55 104 
40 269 48 40 213 253 
41 205 11 41 199 35 
42 188 252 42 123 129 
43 260 238 43 221 61 
44 172 46 44 191 271 
45 142 243 45 153 149 
46 255 225 46 124 137 
47 147 19 47 183 16 
48 267 266 48 233 56 
49 216 18 49 204 135 
50 17 22 50 215 170 
51 248 145 51 237 100 
52 108 226 52 212 173 
53 220 58 53 37 103 
54 168 168 54 109 235 
55 219 99 55 7 139 
56 55 10 56 249 181 
57 41 246 57 219 78 
58 179 108 58 277 39 
59 106 194 59 43 15 
60 164 193 60 88 249 
61 207 244 61 130 207 
62 262 224 62 252 222 
63 228 65 63 182 121 
64 163 197 64 211 77 
65 105 267 65 268 47 
66 272 26 66 146 76 
67 15 178 67 270 28 
68 241 14 68 114 27 
69 189 253 69 260 48 
70 77 4 70 192 161 
71 72 138 71 132 138 
72 58 205 72 226 58 
73 124 159 73 34 209 
74 57 209 74 129 159 
75 39 122 75 209 46 
76 148 3 76 102 122 
77 149 50 77 184 182 
78 160 229 78 6 199 
79 275 259 79 246 166 
80 132 73 80 33 266 
81 155 206 81 269 143 
82 48 184 82 210 184 
83 103 247 83 115 273 
84 138 85 84 122 275 
85 136 126 85 240 174 
86 173 69 86 143 80 
87 31 53 87 111 49 
88 109 119 88 117 74 
89 47 149 89 152 232 
90 59 204 90 3 220 
91 100 70 91 164 115 
92 99 147 92 63 22 
93 186 257 93 131 255 
94 135 276 94 231 41 
95 273 121 95 44 105 
96 122 264 96 51 186 
97 130 212 97 49 40 
98 79 232 98 189 132 
99 49 202 99 61 21 
100 97 261 100 73 226 
101 54 114 101 62 245 
102 9 97 102 2 191 
103 277 130 103 18 84 
104 51 118 104 106 277 
105 180 38 105 92 17 
106 56 248 106 1 44 
107 69 180 107 36 69 
108 145 9 108 250 150 
109 22 165 109 154 180 
110 40 142 110 29 196 
111 21 154 111 27 128 
112 271 89 112 83 172 
113 242 177 113 258 12 
114 70 192 114 12 59 
115 125 66 115 162 205 
116 5 157 116 181 91 
117 192 94 117 272 204 
118 116 109 118 243 236 
119 120 255 119 256 33 
120 111 40 120 41 155 
121 184 245 121 119 218 
122 250 124 122 179 147 
123 174 127 123 157 72 
124 210 20 124 97 215 
125 43 72 125 60 269 
126 187 166 126 247 133 
127 38 249 127 222 193 
128 50 131 128 145 219 
129 247 51 129 165 62 
130 85 203 130 89 130 
131 261 74 131 136 51 
132 223 135 132 196 7 
133 78 76 133 82 13 
134 76 214 134 224 38 
135 71 227 135 218 227 
136 170 39 136 168 108 
137 266 139 137 4 71 
138 161 55 138 230 106 
139 75 174 139 173 52 
140 95 102 140 170 212 
141 13 98 141 241 98 
142 214 95 142 275 95 
143 133 23 143 225 221 
144 204 151 144 197 151 
145 176 153 145 84 214 
146 178 160 146 94 256 
147 107 54 147 38 54 
148 29 265 148 81 148 
149 91 125 149 149 125 
150 152 277 150 194 118 
151 96 37 151 193 96 
152 66 42 152 150 272 
153 14 87 153 96 243 
154 239 260 154 105 145 
155 259 103 155 187 102 
156 190 274 156 251 93 
157 123 161 157 59 4 
158 218 187 158 195 179 
159 230 273 159 21 247 
160 206 117 160 139 117 
161 27 221 161 244 241 
162 53 191 162 208 197 
163 139 64 163 227 107 
164 44 234 164 175 64 
165 238 105 165 110 53 
166 229 28 166 24 90 
167 121 211 167 239 234 
168 167 30 168 54 136 
169 33 150 169 172 231 
170 141 133 170 140 36 
171 119 158 171 10 160 
172 42 113 172 22 144 
173 274 33 173 17 278 
174 217 90 174 238 146 
175 20 236 175 113 87 
176 93 228 176 202 228 
177 203 239 177 266 250 
178 65 75 178 78 276 
179 37 218 179 116 3 
180 25 34 180 190 6 
181 257 152 181 216 29 
182 243 36 182 70 97 
183 240 84 183 264 224 
184 28 25 184 23 262 
185 23 88 185 261 81 
186 113 233 186 259 23 
187 11 190 187 201 67 
188 195 101 188 137 50 
189 252 275 189 95 201 
190 18 262 190 108 2 
191 185 278 191 118 113 
192 6 41 192 9 270 
193 129 170 193 67 239 
194 61 171 194 121 134 
195 232 43 195 77 79 
196 87 27 196 163 158 
197 32 115 197 271 70 
198 159 16 198 28 19 
199 63 5 199 166 206 
200 114 44 200 75 189 
201 181 219 201 198 251 
202 146 215 202 127 18 
203 90 35 203 158 208 
204 131 45 204 86 258 
205 67 188 205 98 257 
206 127 237 206 90 260 
207 177 21 207 232 10 
208 224 162 208 71 216 
209 235 250 209 19 124 
210 68 111 210 101 111 
211 245 242 211 255 242 
212 158 240 212 144 169 
213 110 235 213 134 110 
214 73 251 214 223 240 
215 64 254 215 35 263 
216 52 107 216 80 157 
217 276 77 217 161 20 
218 198 78 218 220 194 
219 258 104 219 40 268 
220 256 164 220 112 126 
221 143 59 221 236 192 
222 156 256 222 11 254 
223 193 272 223 228 267 
224 171 186 224 39 264 
225 45 263 225 155 109 
226 81 172 226 91 112 
227 200 269 227 32 176 
228 209 230 228 99 230 
229 253 216 229 53 167 
230 8 146 230 206 259 
231 88 79 231 68 229 
232 215 12 232 235 85 
233 153 60 233 128 165 
234 208 61 234 248 279 
235 126 91 235 20 25 
236 270 62 236 69 131 
237 225 258 237 257 225 
238 221 270 238 120 14 
239 82 112 239 31 86 
240 263 155 240 26 65 
241 254 163 241 253 175 
242 265 136 242 25 203 
243 194 181 243 174 223 
244 62 120 244 156 101 
245 237 49 245 178 83 
246 104 279 246 160 213 
247 151 13 247 16 195 
248 212 198 248 30 188 
249 227 67 249 74 217 
250 279 80 250 278 141 
251 199 110 251 141 183 
252 183 210 252 263 163 
253 202 195 253 169 26 
254 12 17 254 229 55 
255 7 182 255 148 99 
256 246 92 256 242 92 
257 213 116 257 50 116 
258 101 31 258 87 31 
259 182 123 259 8 142 
260 196 137 260 56 178 
261 60 207 261 58 37 
262 165 140 262 103 94 
263 2 93 263 126 274 
264 128 134 264 45 248 
265 98 63 265 138 8 
266 84 176 266 214 244 
267 175 57 267 85 75 
268 94 128 268 177 120 
269 102 47 269 205 42 
270 140 185 270 200 68 
271 166 222 271 147 211 
272 1 241 272 203 30 
273 24 183 273 276 114 
274 16 29 274 133 152 
275 169 199 275 64 60 
276 118 179 276 262 187 
277 222 71 277 79 153 
278 249 196 278 46 123 
279 137 271 279 279 73 
