***********************************
Experiment parameters:
Experiment results:
Permutations:
I U RANK QCV rand PATH 
1 169 191 2 47 9 
2 216 2 5 186 116 
3 71 88 71 180 265 
4 114 165 9 273 146 
5 41 90 41 176 41 
6 134 141 191 14 254 
7 163 199 163 135 163 
8 274 29 274 167 274 
9 260 121 260 267 260 
10 4 193 144 142 144 
11 66 277 66 234 66 
12 48 224 48 72 48 
13 205 228 205 245 205 
14 166 273 46 57 46 
15 122 122 122 66 122 
16 97 105 97 125 97 
17 118 127 118 207 118 
18 9 5 33 254 74 
19 7 257 7 171 7 
20 62 262 215 104 211 
21 246 166 246 5 246 
22 44 237 39 93 242 
23 220 147 220 65 220 
24 31 86 31 76 31 
25 73 22 73 15 73 
26 194 87 194 52 194 
27 5 249 166 151 166 
28 159 244 159 42 159 
29 249 239 249 185 249 
30 135 41 135 159 135 
31 212 234 212 274 212 
32 214 65 214 265 214 
33 175 202 175 100 175 
34 39 169 44 48 279 
35 69 247 69 217 69 
36 272 238 272 188 272 
37 255 255 255 107 255 
38 174 181 174 13 174 
39 38 213 38 55 38 
40 40 13 40 213 40 
41 80 24 80 199 80 
42 170 74 170 123 170 
43 64 18 64 221 64 
44 265 89 265 191 71 
45 244 36 244 153 244 
46 275 275 275 124 275 
47 228 253 228 183 228 
48 131 131 131 233 131 
49 141 9 51 204 114 
50 189 268 189 215 189 
51 267 267 267 237 267 
52 55 241 55 212 55 
53 258 276 258 37 258 
54 200 279 200 109 200 
55 177 12 177 7 177 
56 47 47 47 249 47 
57 33 62 216 219 130 
58 119 189 119 277 119 
59 110 187 110 43 110 
60 128 7 128 88 128 
61 59 136 59 130 59 
62 156 52 156 252 156 
63 273 246 273 182 273 
64 239 251 239 211 239 
65 270 30 270 268 270 
66 138 214 138 146 138 
67 137 278 137 270 137 
68 145 91 145 114 145 
69 132 114 62 260 141 
70 224 258 224 192 224 
71 25 134 25 132 25 
72 52 168 52 226 52 
73 88 69 88 34 88 
74 193 177 193 129 193 
75 182 8 182 209 182 
76 81 78 81 102 81 
77 103 162 103 184 103 
78 83 85 83 6 83 
79 127 144 127 246 127 
80 235 198 235 33 235 
81 268 80 268 269 268 
82 148 215 219 210 148 
83 264 263 264 115 264 
84 222 56 222 122 222 
85 60 227 60 240 60 
86 91 97 91 143 91 
87 36 248 36 111 36 
88 271 117 271 117 271 
89 113 182 113 152 113 
90 233 233 233 3 233 
91 254 254 254 164 33 
92 211 211 211 63 51 
93 94 242 94 131 94 
94 11 256 11 231 11 
95 204 204 204 44 204 
96 161 4 161 51 161 
97 149 149 149 49 149 
98 183 180 183 189 183 
99 130 216 226 61 160 
100 196 79 196 73 196 
101 192 135 192 62 192 
102 99 100 89 2 99 
103 54 159 54 18 54 
104 50 67 50 106 50 
105 276 269 218 92 165 
106 123 123 123 1 123 
107 203 101 203 36 203 
108 51 218 237 250 169 
109 188 229 188 154 188 
110 180 236 180 29 180 
111 251 174 251 27 251 
112 195 271 195 83 195 
113 76 76 76 258 76 
114 242 94 279 12 39 
115 67 50 67 162 67 
116 253 14 253 181 253 
117 277 57 277 272 277 
118 126 206 126 243 126 
119 227 82 227 256 227 
120 86 140 86 41 86 
121 15 55 15 119 15 
122 279 208 242 179 62 
123 61 132 61 157 61 
124 100 23 167 97 167 
125 256 190 256 60 256 
126 56 124 56 247 56 
127 96 175 96 222 96 
128 206 231 206 145 206 
129 140 95 140 165 140 
130 89 161 99 89 89 
131 167 63 100 136 100 
132 207 37 207 196 207 
133 21 125 21 82 21 
134 13 20 13 224 13 
135 165 51 223 218 191 
136 247 99 247 168 247 
137 107 235 107 4 107 
138 19 25 19 230 19 
139 106 98 106 173 106 
140 186 129 186 170 186 
141 252 203 252 241 252 
142 146 102 146 275 5 
143 158 210 158 225 158 
144 95 3 95 197 95 
145 77 128 77 84 77 
146 3 176 3 94 3 
147 116 139 116 38 2 
148 261 261 261 81 261 
149 84 59 84 149 84 
150 70 32 70 194 70 
151 26 16 26 193 26 
152 168 115 168 150 168 
153 143 68 143 96 143 
154 259 66 259 105 259 
155 42 220 42 187 42 
156 221 150 221 251 221 
157 109 112 109 59 109 
158 210 259 210 195 210 
159 45 1 45 21 45 
160 241 46 241 139 241 
161 124 185 124 244 124 
162 245 152 245 208 245 
163 101 252 101 227 101 
164 187 240 187 175 187 
165 155 157 155 110 155 
166 217 200 217 24 217 
167 34 34 34 239 34 
168 35 35 35 54 35 
169 150 221 150 172 150 
170 152 143 152 140 152 
171 236 170 236 10 236 
172 164 192 164 22 164 
173 133 172 133 17 133 
174 72 137 72 238 72 
175 105 274 105 113 105 
176 181 226 165 202 215 
177 2 33 160 266 216 
178 147 60 147 78 147 
179 198 110 198 116 198 
180 176 126 176 190 176 
181 278 109 278 216 278 
182 185 196 185 70 185 
183 162 103 162 264 162 
184 202 96 202 23 202 
185 153 53 153 261 153 
186 213 38 213 259 213 
187 257 77 257 201 257 
188 209 209 209 137 209 
189 58 42 58 95 58 
190 266 265 266 108 266 
191 232 183 232 118 232 
192 157 11 157 9 157 
193 29 184 29 67 29 
194 197 197 197 121 197 
195 154 243 154 77 154 
196 201 264 201 163 201 
197 10 49 10 271 10 
198 115 156 115 28 115 
199 243 107 243 166 243 
200 238 83 238 75 238 
201 263 272 263 198 263 
202 87 194 87 127 87 
203 17 58 17 158 17 
204 46 188 132 86 132 
205 18 64 18 98 18 
206 234 40 234 90 234 
207 22 73 22 232 22 
208 172 133 172 71 172 
209 90 138 90 19 90 
210 75 75 75 101 229 
211 74 163 74 255 75 
212 151 154 151 144 151 
213 129 186 129 134 129 
214 171 171 171 223 171 
215 53 201 53 35 53 
216 20 45 20 80 20 
217 102 146 102 161 102 
218 139 111 139 220 139 
219 30 270 30 40 30 
220 24 250 24 112 24 
221 231 222 231 236 231 
222 57 17 57 11 57 
223 82 158 82 228 82 
224 63 54 63 39 63 
225 190 26 190 155 190 
226 218 219 114 91 218 
227 191 223 262 32 219 
228 14 207 14 99 14 
229 68 245 68 53 68 
230 230 230 230 206 230 
231 16 28 16 68 16 
232 248 167 248 235 248 
233 28 179 28 128 28 
234 215 70 181 248 134 
235 43 178 43 20 43 
236 78 205 78 69 78 
237 219 15 134 257 181 
238 1 212 1 120 1 
239 237 44 225 31 223 
240 240 173 240 26 240 
241 12 260 12 253 12 
242 269 130 141 25 225 
243 93 104 93 174 93 
244 250 217 250 156 250 
245 178 21 178 178 178 
246 225 148 130 160 226 
247 111 116 111 16 111 
248 32 92 32 30 32 
249 199 43 199 74 199 
250 8 108 8 278 8 
251 226 19 276 141 276 
252 136 71 136 263 136 
253 179 155 179 169 179 
254 142 142 142 229 142 
255 120 120 120 148 120 
256 112 72 112 242 112 
257 49 118 49 50 49 
258 79 31 79 87 79 
259 173 151 173 8 173 
260 160 39 269 56 237 
261 6 81 6 58 6 
262 98 106 98 103 98 
263 108 113 108 126 108 
264 23 266 23 45 23 
265 37 153 37 138 37 
266 121 48 121 214 121 
267 223 225 148 85 262 
268 104 93 104 177 104 
269 184 61 184 205 184 
270 208 119 208 200 208 
271 92 10 92 147 92 
272 144 84 4 203 4 
273 262 160 169 276 269 
274 65 164 65 133 65 
275 117 195 117 64 117 
276 229 145 229 262 44 
277 125 232 125 79 125 
278 85 6 85 46 85 
279 27 27 27 279 27 
