***********************************
Experiment parameters:
Experiment results:
Permutations:
I U RANK QCV rand PATH 
1 267 131 144 47 36 
2 128 96 72 186 165 
3 186 79 133 180 133 
4 38 92 1 273 93 
5 275 217 73 176 258 
6 6 45 165 14 145 
7 45 146 106 135 41 
8 110 47 124 167 124 
9 96 100 153 267 153 
10 233 1 245 142 245 
11 22 277 23 234 183 
12 149 80 103 72 207 
13 73 274 241 245 241 
14 117 224 78 57 78 
15 236 3 92 66 92 
16 129 4 274 125 274 
17 120 62 48 207 48 
18 201 243 36 254 53 
19 144 197 172 171 211 
20 69 212 41 104 87 
21 268 51 206 5 206 
22 181 266 262 93 262 
23 46 168 231 65 43 
24 52 155 277 76 277 
25 202 148 65 15 65 
26 150 84 166 52 80 
27 29 22 150 151 150 
28 133 97 266 42 59 
29 156 6 190 185 164 
30 138 191 167 159 167 
31 247 29 198 274 198 
32 34 129 34 265 34 
33 127 195 85 100 24 
34 207 81 201 48 162 
35 100 7 93 217 40 
36 162 173 117 188 172 
37 105 152 162 107 152 
38 250 39 234 13 234 
39 90 11 212 55 147 
40 119 55 47 213 47 
41 155 12 15 199 177 
42 206 253 220 123 220 
43 131 144 80 221 159 
44 245 149 5 191 5 
45 50 230 57 153 57 
46 214 8 256 124 122 
47 137 142 142 183 142 
48 132 36 251 233 251 
49 85 278 120 204 263 
50 176 69 176 215 176 
51 78 153 202 237 202 
52 64 201 253 212 253 
53 83 33 112 37 112 
54 153 102 195 109 62 
55 231 265 158 7 158 
56 14 99 261 249 261 
57 7 207 68 219 68 
58 62 21 276 277 276 
59 259 180 135 43 135 
60 86 174 88 88 88 
61 91 53 203 130 203 
62 158 225 102 252 212 
63 71 63 119 182 119 
64 18 13 6 211 144 
65 70 35 70 268 70 
66 235 110 240 146 240 
67 218 56 25 270 25 
68 47 98 275 114 205 
69 55 234 39 260 39 
70 30 124 259 192 259 
71 101 9 9 132 9 
72 175 105 74 226 74 
73 3 250 108 34 108 
74 255 30 250 129 250 
75 2 5 149 209 149 
76 87 251 67 102 67 
77 213 158 99 184 99 
78 208 181 199 6 102 
79 246 242 3 246 3 
80 172 209 54 33 54 
81 254 65 215 269 215 
82 244 111 55 210 55 
83 66 178 154 115 154 
84 221 164 61 122 181 
85 9 268 246 240 246 
86 189 68 164 143 233 
87 164 24 279 111 279 
88 227 116 22 117 98 
89 184 17 207 152 13 
90 192 163 209 3 209 
91 151 140 126 164 126 
92 211 175 264 63 264 
93 32 106 123 131 213 
94 109 15 11 231 11 
95 74 64 51 44 51 
96 169 259 111 51 111 
97 102 31 16 49 16 
98 146 123 8 189 130 
99 228 261 249 61 249 
100 5 221 17 73 17 
101 43 48 60 62 60 
102 209 77 180 2 118 
103 134 134 267 18 166 
104 225 66 140 106 140 
105 222 32 30 92 30 
106 271 255 217 1 217 
107 145 206 204 36 204 
108 112 20 62 250 49 
109 140 120 227 154 180 
110 165 2 222 29 222 
111 123 241 228 27 228 
112 24 231 116 83 116 
113 177 187 31 258 225 
114 194 219 19 12 19 
115 198 147 225 162 31 
116 51 165 224 181 224 
117 204 214 163 272 163 
118 230 118 254 243 254 
119 261 263 56 256 56 
120 118 74 237 41 237 
121 122 245 20 119 139 
122 93 189 175 179 175 
123 234 71 18 157 18 
124 40 183 173 97 266 
125 97 18 229 60 71 
126 49 167 84 247 84 
127 54 88 174 222 174 
128 163 137 191 145 191 
129 203 260 260 165 260 
130 76 87 233 89 190 
131 141 190 13 136 89 
132 279 141 127 196 127 
133 249 95 109 82 109 
134 243 182 148 224 148 
135 82 238 238 218 238 
136 237 125 125 168 125 
137 220 154 248 4 248 
138 226 82 226 230 226 
139 277 185 232 173 232 
140 115 16 244 170 244 
141 263 83 216 241 103 
142 178 276 21 275 21 
143 72 199 177 225 199 
144 219 115 32 197 32 
145 210 188 188 84 188 
146 12 205 91 94 22 
147 241 184 184 38 184 
148 191 50 134 81 134 
149 224 133 79 149 79 
150 17 107 107 194 107 
151 196 109 193 193 193 
152 253 132 151 150 151 
153 77 85 147 96 229 
154 171 258 101 105 101 
155 212 112 33 187 33 
156 95 244 146 251 236 
157 200 218 138 59 138 
158 60 103 83 195 83 
159 84 228 178 21 178 
160 10 169 169 139 169 
161 15 25 272 244 272 
162 4 254 183 208 77 
163 170 210 200 227 200 
164 113 72 257 175 257 
165 58 101 58 110 58 
166 273 104 255 24 255 
167 92 156 122 239 231 
168 26 159 187 54 187 
169 103 157 43 172 185 
170 104 139 160 140 160 
171 27 220 236 10 50 
172 179 113 171 22 179 
173 94 150 53 17 117 
174 269 89 71 238 141 
175 28 257 270 113 173 
176 20 247 247 202 247 
177 193 264 42 266 42 
178 251 73 278 78 278 
179 167 54 243 116 243 
180 143 232 242 190 143 
181 106 248 235 216 235 
182 229 34 37 70 91 
183 63 23 89 264 156 
184 174 27 159 23 157 
185 61 86 230 261 120 
186 173 127 49 259 86 
187 65 279 97 201 1 
188 238 52 170 137 170 
189 197 37 143 95 123 
190 276 38 221 108 146 
191 257 271 179 118 275 
192 23 229 185 9 27 
193 88 176 69 67 69 
194 19 40 271 121 216 
195 278 41 145 77 15 
196 25 28 121 163 208 
197 126 126 66 271 66 
198 157 94 94 28 94 
199 81 215 115 166 115 
200 36 172 258 75 242 
201 16 200 141 198 270 
202 124 44 211 127 201 
203 242 208 24 158 97 
204 190 93 40 86 171 
205 272 171 86 98 73 
206 114 213 252 90 239 
207 147 226 4 232 4 
208 31 49 50 71 72 
209 152 42 189 19 189 
210 248 46 46 101 46 
211 142 196 196 255 196 
212 136 239 131 144 114 
213 130 179 263 134 85 
214 59 252 27 223 252 
215 274 114 28 35 256 
216 266 233 81 80 61 
217 135 75 155 161 113 
218 67 76 114 220 221 
219 256 130 130 40 155 
220 239 122 239 112 267 
221 98 19 219 236 219 
222 232 256 77 11 121 
223 11 151 132 228 132 
224 99 198 29 39 29 
225 89 57 152 155 106 
226 199 135 45 91 45 
227 41 128 96 32 96 
228 240 269 269 99 269 
229 185 143 113 53 23 
230 57 160 139 206 271 
231 1 78 129 68 28 
232 187 58 118 235 7 
233 125 60 208 128 8 
234 75 59 59 248 195 
235 53 91 157 20 20 
236 148 61 186 69 186 
237 8 267 98 257 100 
238 168 270 87 120 230 
239 35 186 7 31 37 
240 161 237 156 26 131 
241 205 162 44 253 104 
242 39 177 213 25 81 
243 48 249 82 174 82 
244 180 170 52 156 52 
245 13 246 137 178 137 
246 139 273 181 160 273 
247 79 223 95 16 95 
248 166 121 205 30 6 
249 159 216 104 74 227 
250 270 272 12 278 12 
251 116 275 273 141 129 
252 262 211 100 263 44 
253 217 203 110 169 110 
254 68 14 14 229 14 
255 154 119 210 148 210 
256 258 26 26 242 26 
257 42 90 90 50 90 
258 21 136 136 87 136 
259 80 194 194 8 194 
260 195 117 75 56 75 
261 37 193 223 58 223 
262 56 43 214 103 214 
263 44 236 105 126 105 
264 107 145 76 45 76 
265 215 227 197 138 197 
266 160 240 128 214 128 
267 252 192 268 85 268 
268 182 161 182 177 182 
269 108 70 35 205 35 
270 33 138 218 200 218 
271 223 262 192 147 192 
272 183 166 38 203 38 
273 265 202 64 276 64 
274 188 235 265 133 265 
275 260 204 63 64 63 
276 216 10 10 262 10 
277 111 108 161 79 161 
278 264 222 2 46 2 
279 121 67 168 279 168 
