***********************************
Experiment parameters:
Experiment results:
Permutations:
I U RANK QCV rand PATH 
1 248 187 3 47 3 
2 195 83 173 186 13 
3 98 113 98 180 249 
4 173 3 13 273 16 
5 255 45 255 176 255 
6 110 110 16 14 17 
7 166 26 166 135 166 
8 221 232 221 167 221 
9 65 264 65 267 65 
10 17 150 234 142 234 
11 245 208 245 234 245 
12 76 142 76 72 76 
13 220 259 220 245 220 
14 103 133 103 57 103 
15 47 180 203 66 47 
16 212 23 212 125 212 
17 239 139 239 207 239 
18 16 46 17 254 46 
19 114 167 114 171 114 
20 81 197 247 104 56 
21 139 89 139 5 139 
22 13 250 187 93 58 
23 34 120 34 65 34 
24 57 35 57 76 57 
25 45 124 45 15 45 
26 70 240 70 52 70 
27 156 209 156 151 156 
28 203 190 47 42 203 
29 207 195 207 185 207 
30 48 100 48 159 48 
31 39 270 39 274 39 
32 51 269 51 265 51 
33 126 77 126 100 126 
34 3 228 192 48 60 
35 144 67 144 217 144 
36 256 242 256 188 256 
37 73 260 73 107 73 
38 168 152 168 13 168 
39 71 186 71 55 71 
40 101 14 101 213 101 
41 182 40 182 199 182 
42 23 49 23 123 23 
43 276 128 276 221 276 
44 249 96 249 191 98 
45 218 33 218 153 218 
46 28 25 28 124 28 
47 258 271 258 183 258 
48 149 149 149 233 149 
49 102 159 46 204 80 
50 5 19 5 215 5 
51 124 163 124 237 124 
52 279 207 279 212 279 
53 185 214 185 37 185 
54 148 137 148 109 148 
55 209 216 209 7 209 
56 92 92 92 249 92 
57 155 173 56 219 81 
58 107 222 107 277 107 
59 25 71 25 43 25 
60 254 50 254 88 254 
61 33 165 33 130 33 
62 205 203 205 252 205 
63 214 279 214 182 214 
64 104 234 104 211 104 
65 10 36 10 268 10 
66 7 121 7 146 7 
67 99 127 99 270 99 
68 201 53 201 114 201 
69 46 80 172 260 83 
70 133 253 133 192 133 
71 22 147 22 132 22 
72 119 41 119 226 119 
73 96 47 96 34 96 
74 89 22 89 129 89 
75 85 90 85 209 85 
76 271 191 271 102 271 
77 164 34 164 184 164 
78 68 194 68 6 68 
79 253 156 253 246 253 
80 15 73 15 33 15 
81 151 136 151 269 151 
82 86 155 58 210 86 
83 261 160 261 115 261 
84 275 44 275 122 275 
85 52 263 52 240 52 
86 2 85 2 143 2 
87 41 98 41 111 41 
88 49 108 49 117 49 
89 162 170 162 152 162 
90 160 258 160 3 160 
91 208 62 208 164 208 
92 35 265 35 63 35 
93 204 148 204 131 204 
94 143 106 143 231 143 
95 131 125 131 44 131 
96 165 74 165 51 165 
97 274 274 274 49 274 
98 108 199 108 189 108 
99 83 13 197 61 102 
100 95 266 95 73 95 
101 242 261 242 62 242 
102 251 249 251 2 251 
103 67 119 67 18 67 
104 179 118 179 106 179 
105 80 247 60 92 105 
106 272 272 272 1 272 
107 37 37 37 36 37 
108 58 86 80 250 110 
109 199 24 199 154 199 
110 94 252 94 29 94 
111 189 104 189 27 189 
112 31 254 31 83 31 
113 154 169 154 258 154 
114 40 117 40 12 40 
115 72 72 72 162 72 
116 161 78 161 181 161 
117 4 111 4 272 4 
118 132 193 132 243 132 
119 84 164 84 256 84 
120 77 115 77 41 77 
121 141 21 141 119 141 
122 137 107 137 179 137 
123 24 277 24 157 24 
124 113 251 134 97 113 
125 225 278 225 60 225 
126 181 57 181 247 181 
127 59 126 59 222 59 
128 266 59 266 145 266 
129 265 109 265 165 265 
130 210 230 210 89 210 
131 134 144 113 136 134 
132 177 79 177 196 177 
133 226 243 226 82 226 
134 122 39 122 224 122 
135 60 16 81 218 155 
136 229 146 229 168 229 
137 184 196 184 4 184 
138 150 65 150 230 150 
139 267 91 267 173 267 
140 246 202 246 170 246 
141 42 42 42 241 42 
142 130 129 130 275 130 
143 87 236 87 225 87 
144 43 145 43 197 43 
145 93 235 93 84 93 
146 109 174 109 94 109 
147 233 244 233 38 233 
148 54 54 54 81 54 
149 29 140 29 149 29 
150 8 76 8 194 8 
151 219 1 219 193 219 
152 74 268 74 150 74 
153 106 225 106 96 106 
154 224 224 224 105 224 
155 158 4 158 187 158 
156 211 211 211 251 211 
157 135 238 135 59 135 
158 128 245 128 195 128 
159 97 8 97 21 97 
160 21 262 21 139 21 
161 193 175 193 244 193 
162 9 217 9 208 9 
163 125 131 125 227 125 
164 240 184 240 175 240 
165 1 219 1 110 1 
166 136 204 136 24 136 
167 206 206 206 239 206 
168 188 267 188 54 188 
169 55 55 55 172 55 
170 278 154 278 140 278 
171 243 123 243 10 243 
172 194 256 194 22 194 
173 32 143 32 17 32 
174 238 135 238 238 238 
175 252 241 252 113 252 
176 56 17 83 202 159 
177 172 56 86 266 172 
178 120 84 120 78 120 
179 30 70 30 116 30 
180 145 61 145 190 145 
181 127 183 127 216 127 
182 174 181 174 70 174 
183 62 87 62 264 62 
184 175 132 175 23 175 
185 269 157 269 261 269 
186 196 257 196 259 196 
187 241 166 241 201 241 
188 257 30 257 137 257 
189 263 88 263 95 263 
190 140 134 140 108 140 
191 53 212 53 118 53 
192 227 11 227 9 227 
193 18 31 18 67 18 
194 44 27 44 121 44 
195 260 153 260 77 260 
196 82 112 82 163 82 
197 262 239 262 271 262 
198 190 205 190 28 190 
199 186 213 186 166 186 
200 112 82 112 75 112 
201 237 6 237 198 237 
202 153 15 153 127 153 
203 88 158 88 158 88 
204 142 114 232 86 232 
205 215 52 215 98 215 
206 270 101 270 90 270 
207 273 7 273 232 273 
208 169 227 169 71 169 
209 6 237 6 19 6 
210 75 188 75 101 75 
211 90 162 90 255 235 
212 66 28 66 144 66 
213 202 246 202 134 202 
214 178 178 178 223 178 
215 259 273 259 35 259 
216 147 168 147 80 147 
217 129 130 129 161 129 
218 176 176 176 220 176 
219 63 63 63 40 63 
220 19 182 19 112 19 
221 61 43 61 236 61 
222 236 215 236 11 236 
223 36 276 36 228 36 
224 268 12 268 39 268 
225 118 38 118 155 118 
226 187 81 248 91 173 
227 192 58 228 32 187 
228 121 48 121 99 121 
229 217 32 217 53 217 
230 27 95 27 206 27 
231 11 179 11 68 11 
232 230 210 230 235 230 
233 38 198 38 128 38 
234 232 103 264 248 195 
235 170 221 170 20 170 
236 78 255 78 69 78 
237 159 189 195 257 264 
238 105 122 142 120 142 
239 228 102 102 31 192 
240 171 66 171 26 171 
241 200 138 200 253 200 
242 234 105 105 25 197 
243 223 64 223 174 223 
244 117 151 117 156 117 
245 50 93 50 178 50 
246 197 60 110 160 228 
247 244 233 244 16 244 
248 231 141 231 30 231 
249 167 2 167 74 167 
250 123 94 123 278 123 
251 152 200 152 141 152 
252 146 218 146 263 146 
253 198 9 198 169 198 
254 111 10 111 229 111 
255 69 69 69 148 69 
256 183 99 183 242 183 
257 14 185 14 50 14 
258 115 275 115 87 115 
259 213 171 213 8 213 
260 264 248 159 56 247 
261 157 161 157 58 157 
262 91 75 91 103 91 
263 277 226 277 126 277 
264 12 29 12 45 12 
265 79 220 79 138 79 
266 138 231 138 214 138 
267 250 172 250 85 248 
268 64 223 64 177 64 
269 116 18 116 205 116 
270 222 5 222 200 222 
271 216 97 216 147 216 
272 180 229 180 203 180 
273 247 192 155 276 250 
274 100 51 100 133 100 
275 20 20 20 64 20 
276 235 116 235 262 90 
277 26 201 26 79 26 
278 191 68 191 46 191 
279 163 177 163 279 163 
