***********************************
Experiment parameters:
Experiment results:
Permutations:
I U RANK QCV rand PATH 
1 256 119 1 47 279 
2 46 134 2 186 14 
3 45 217 3 180 83 
4 126 220 4 273 163 
5 221 169 5 176 55 
6 207 261 6 14 19 
7 61 138 7 135 20 
8 107 254 8 167 268 
9 52 97 9 267 32 
10 21 143 10 142 95 
11 119 2 11 234 137 
12 135 206 12 72 173 
13 249 199 13 245 88 
14 7 212 14 57 212 
15 85 3 15 66 210 
16 232 53 16 125 203 
17 93 221 17 207 178 
18 104 162 18 254 157 
19 54 4 19 171 139 
20 136 67 20 104 151 
21 71 277 21 5 191 
22 22 6 22 93 114 
23 171 201 23 65 183 
24 201 7 24 76 69 
25 78 200 25 15 127 
26 25 173 26 52 272 
27 208 95 27 151 220 
28 269 163 28 42 228 
29 5 5 29 185 5 
30 3 165 30 159 194 
31 175 26 31 274 184 
32 169 128 32 265 257 
33 87 24 33 100 149 
34 238 101 34 48 40 
35 181 8 35 217 262 
36 236 172 36 188 240 
37 162 15 37 107 91 
38 159 9 38 13 9 
39 246 10 39 55 221 
40 8 18 40 213 34 
41 44 148 41 199 185 
42 260 238 42 123 229 
43 64 135 43 221 132 
44 55 75 44 191 233 
45 67 223 45 153 90 
46 10 187 46 124 60 
47 49 66 47 183 133 
48 278 89 48 233 75 
49 168 279 49 204 136 
50 211 156 50 215 141 
51 258 229 51 237 171 
52 271 197 52 212 22 
53 189 216 53 37 241 
54 92 98 54 109 21 
55 225 123 55 7 142 
56 33 56 56 249 247 
57 75 236 57 219 243 
58 253 160 58 277 269 
59 217 177 59 43 28 
60 101 153 60 88 106 
61 43 210 61 130 161 
62 142 193 62 252 64 
63 73 62 63 182 190 
64 179 84 64 211 147 
65 122 278 65 268 218 
66 140 266 66 146 224 
67 233 179 67 270 168 
68 70 14 68 114 126 
69 192 74 69 260 86 
70 229 110 70 192 74 
71 178 184 71 132 26 
72 29 158 72 226 208 
73 47 47 73 34 124 
74 141 16 74 129 47 
75 228 80 75 209 201 
76 12 166 76 102 275 
77 212 142 77 184 123 
78 41 205 78 6 230 
79 272 270 79 246 3 
80 157 150 80 33 80 
81 248 54 81 269 125 
82 125 268 82 210 18 
83 160 68 83 115 25 
84 241 116 84 122 155 
85 2 105 85 240 181 
86 16 154 86 143 205 
87 226 50 87 111 246 
88 38 69 88 117 58 
89 184 99 89 152 41 
90 19 73 90 3 37 
91 13 192 91 164 260 
92 48 141 92 63 51 
93 215 108 93 131 187 
94 172 219 94 231 31 
95 149 267 95 44 165 
96 51 30 96 51 110 
97 134 144 97 49 134 
98 131 276 98 189 130 
99 102 46 99 61 53 
100 245 272 100 73 264 
101 273 118 101 62 129 
102 94 213 102 2 234 
103 127 182 103 18 267 
104 257 253 104 106 253 
105 194 122 105 92 16 
106 99 63 106 1 202 
107 65 194 107 36 244 
108 88 264 108 250 85 
109 167 70 109 154 170 
110 279 209 110 29 273 
111 139 88 111 27 146 
112 220 23 112 83 236 
113 200 176 113 258 195 
114 155 204 114 12 17 
115 244 59 115 162 43 
116 262 170 116 181 277 
117 6 37 117 272 73 
118 222 112 118 243 225 
119 164 243 119 256 6 
120 34 82 120 41 144 
121 133 227 121 119 61 
122 68 231 122 179 232 
123 209 149 123 157 159 
124 206 234 124 97 101 
125 183 159 125 60 219 
126 77 175 126 247 119 
127 153 106 127 222 153 
128 214 186 128 145 270 
129 218 244 129 165 29 
130 137 21 130 89 65 
131 14 22 131 136 238 
132 83 126 132 196 169 
133 138 258 133 82 117 
134 1 127 134 224 200 
135 275 111 135 218 111 
136 210 48 136 168 48 
137 152 164 137 4 102 
138 239 265 138 230 239 
139 182 171 139 173 207 
140 165 36 140 170 158 
141 117 81 141 241 81 
142 195 269 142 275 160 
143 255 235 143 225 15 
144 199 203 144 197 56 
145 11 189 145 84 11 
146 91 250 146 94 70 
147 277 242 147 38 242 
148 36 262 148 81 248 
149 186 83 149 149 217 
150 66 71 150 194 167 
151 82 45 151 193 59 
152 156 167 152 150 71 
153 24 274 153 96 76 
154 216 252 154 105 98 
155 265 241 155 187 216 
156 59 87 156 251 82 
157 105 34 157 59 1 
158 173 115 158 195 13 
159 146 25 159 21 196 
160 106 77 160 139 77 
161 108 19 161 244 38 
162 100 114 162 208 107 
163 240 65 163 227 10 
164 213 72 164 175 99 
165 35 100 165 110 174 
166 276 136 166 24 179 
167 176 27 167 239 261 
168 177 28 168 54 206 
169 39 20 169 172 44 
170 103 237 170 140 193 
171 72 29 171 10 67 
172 76 109 172 22 251 
173 95 147 173 17 223 
174 57 90 174 238 24 
175 223 96 175 113 197 
176 27 121 176 202 121 
177 23 133 177 266 66 
178 274 195 178 78 186 
179 9 233 179 116 162 
180 60 31 180 190 89 
181 163 271 181 216 92 
182 247 32 182 70 211 
183 230 152 183 264 12 
184 116 113 184 23 148 
185 143 155 185 261 252 
186 31 174 186 259 93 
187 109 35 187 201 227 
188 191 102 188 137 164 
189 158 230 189 95 72 
190 234 202 190 108 104 
191 161 181 191 118 118 
192 96 38 192 9 237 
193 267 232 193 67 231 
194 79 42 194 121 108 
195 203 215 195 77 143 
196 243 39 196 163 112 
197 20 260 197 271 192 
198 254 198 198 28 198 
199 112 33 199 166 54 
200 114 44 200 75 79 
201 28 225 201 198 84 
202 132 139 202 127 57 
203 205 40 203 158 52 
204 84 41 204 86 152 
205 90 246 205 98 182 
206 231 78 206 90 176 
207 148 124 207 232 46 
208 180 12 208 71 177 
209 18 49 209 19 156 
210 270 245 210 101 245 
211 151 214 211 255 214 
212 15 256 212 144 109 
213 97 93 213 134 36 
214 50 94 214 223 256 
215 252 52 215 35 39 
216 32 251 216 80 78 
217 197 228 217 161 175 
218 26 76 218 220 8 
219 259 137 219 40 113 
220 187 55 220 112 131 
221 204 17 221 236 204 
222 120 131 222 11 213 
223 80 247 223 228 278 
224 86 1 224 39 30 
225 30 57 225 155 215 
226 62 120 226 91 96 
227 174 117 227 32 180 
228 224 140 228 99 140 
229 227 132 229 53 50 
230 251 151 230 206 154 
231 190 85 231 68 138 
232 4 58 232 235 105 
233 185 255 233 128 23 
234 235 60 234 248 250 
235 261 91 235 20 4 
236 89 61 236 69 188 
237 130 185 237 257 259 
238 250 259 238 120 263 
239 266 103 239 31 135 
240 111 240 240 26 100 
241 150 157 241 253 97 
242 219 130 242 25 116 
243 124 239 243 174 265 
244 166 11 244 156 68 
245 69 248 245 178 172 
246 113 64 246 160 63 
247 193 43 247 16 258 
248 198 263 248 30 276 
249 40 104 249 74 235 
250 263 79 250 278 7 
251 144 107 251 141 120 
252 53 211 252 263 128 
253 121 224 253 169 274 
254 268 125 254 229 33 
255 129 92 255 148 271 
256 98 51 256 242 49 
257 115 222 257 50 222 
258 58 145 258 87 145 
259 110 273 259 8 209 
260 145 129 260 56 27 
261 37 161 261 58 266 
262 202 275 262 103 166 
263 264 208 263 126 87 
264 188 168 264 45 255 
265 196 207 265 138 103 
266 128 180 266 214 45 
267 42 191 267 85 94 
268 81 146 268 177 122 
269 237 218 269 205 199 
270 147 86 270 200 254 
271 56 257 271 147 42 
272 17 249 272 203 249 
273 154 188 273 276 35 
274 170 190 274 133 62 
275 63 178 275 64 2 
276 74 13 276 262 115 
277 123 196 277 79 189 
278 242 226 278 46 226 
279 118 183 279 279 150 
