***********************************
Experiment parameters:
Experiment results:
Permutations:
I U RANK QCV rand PATH 
1 241 181 8 47 8 
2 239 53 13 186 13 
3 46 271 46 180 46 
4 161 209 241 273 37 
5 98 113 98 176 98 
6 37 54 190 14 53 
7 188 31 188 135 188 
8 185 254 185 167 185 
9 101 40 101 267 101 
10 169 162 169 142 169 
11 235 180 235 234 235 
12 16 213 50 72 50 
13 91 81 91 245 91 
14 17 255 17 57 17 
15 226 46 271 66 226 
16 224 108 224 125 224 
17 115 264 115 207 115 
18 8 215 207 254 54 
19 275 275 275 171 275 
20 75 75 37 104 57 
21 3 212 3 5 3 
22 13 219 239 93 60 
23 172 42 172 65 172 
24 240 79 240 76 240 
25 221 90 221 15 221 
26 32 10 32 52 32 
27 114 114 114 151 114 
28 271 134 226 42 271 
29 145 125 145 185 145 
30 113 55 113 159 113 
31 162 150 162 274 162 
32 269 187 269 265 269 
33 126 244 126 100 126 
34 88 8 184 48 75 
35 41 216 41 217 41 
36 27 27 27 188 27 
37 103 273 103 107 103 
38 21 145 21 13 21 
39 159 32 159 55 159 
40 264 6 264 213 264 
41 87 274 87 199 87 
42 22 34 22 123 22 
43 42 63 42 221 42 
44 118 77 118 191 118 
45 155 26 155 153 155 
46 132 117 132 124 132 
47 81 168 81 183 81 
48 193 193 193 233 193 
49 65 97 53 204 88 
50 73 230 73 215 73 
51 168 256 168 237 168 
52 104 152 104 212 104 
53 150 101 150 37 150 
54 99 99 99 109 99 
55 7 7 7 7 7 
56 116 116 116 249 116 
57 54 130 219 219 97 
58 38 73 38 277 38 
59 178 52 178 43 178 
60 263 67 263 88 263 
61 26 137 26 130 26 
62 92 23 92 252 92 
63 152 183 152 182 152 
64 125 196 125 211 125 
65 258 174 258 268 258 
66 205 192 205 146 205 
67 210 210 210 270 210 
68 182 84 182 114 182 
69 57 262 54 260 105 
70 183 233 183 192 183 
71 96 129 96 132 96 
72 29 64 29 226 29 
73 23 155 23 34 23 
74 255 78 255 129 255 
75 74 185 74 209 74 
76 142 98 142 102 142 
77 111 86 111 184 111 
78 80 205 80 6 80 
79 78 96 78 246 78 
80 199 83 199 33 199 
81 19 19 19 269 19 
82 130 105 57 210 130 
83 90 221 90 115 90 
84 232 69 232 122 232 
85 138 177 138 240 138 
86 68 195 68 143 68 
87 64 163 64 111 64 
88 94 22 94 117 94 
89 276 182 276 152 276 
90 55 2 55 3 55 
91 236 236 236 164 236 
92 234 240 234 63 234 
93 151 82 151 131 151 
94 189 242 189 231 189 
95 106 119 106 44 106 
96 95 171 95 51 95 
97 227 227 227 49 227 
98 31 203 31 189 31 
99 60 13 209 61 143 
100 124 249 124 73 124 
101 110 102 110 62 110 
102 216 194 216 2 216 
103 134 28 134 18 134 
104 225 217 225 106 225 
105 40 60 60 92 146 
106 278 278 278 1 278 
107 89 89 89 36 89 
108 72 190 75 250 161 
109 12 238 12 154 12 
110 243 109 243 29 243 
111 212 115 212 27 212 
112 34 263 34 83 34 
113 242 198 242 258 242 
114 35 38 230 12 35 
115 1 93 1 162 1 
116 187 20 187 181 187 
117 180 246 180 272 180 
118 58 112 58 243 58 
119 122 214 122 256 122 
120 257 261 257 41 257 
121 129 65 129 119 129 
122 230 36 35 179 230 
123 195 276 195 157 195 
124 267 70 28 97 28 
125 123 11 123 60 123 
126 69 124 69 247 69 
127 249 223 249 222 249 
128 261 144 261 145 261 
129 112 126 112 165 112 
130 220 139 220 89 220 
131 28 92 267 136 267 
132 66 80 66 196 66 
133 30 30 30 82 30 
134 5 43 5 224 5 
135 146 37 215 218 181 
136 77 41 77 168 77 
137 10 178 10 4 10 
138 213 44 213 230 213 
139 156 56 156 173 156 
140 247 248 247 170 247 
141 164 106 164 241 164 
142 265 127 265 275 265 
143 214 18 214 225 214 
144 260 232 260 197 260 
145 211 243 211 84 211 
146 79 186 79 94 79 
147 24 231 24 38 24 
148 197 197 197 81 197 
149 228 49 228 149 228 
150 44 208 44 194 44 
151 93 225 93 193 93 
152 139 95 139 150 139 
153 201 140 201 96 201 
154 174 148 174 105 174 
155 18 235 18 187 18 
156 266 191 266 251 266 
157 165 25 165 59 165 
158 166 111 166 195 166 
159 167 47 167 21 167 
160 175 17 175 139 175 
161 39 39 39 244 39 
162 11 154 11 208 11 
163 119 164 119 227 119 
164 83 270 83 175 83 
165 198 158 198 110 198 
166 274 35 274 24 274 
167 71 71 71 239 71 
168 218 149 218 54 218 
169 191 62 191 172 191 
170 154 123 154 140 154 
171 254 72 254 10 254 
172 192 237 192 22 192 
173 158 206 158 17 158 
174 25 259 25 238 25 
175 9 272 9 113 9 
176 105 88 97 202 184 
177 181 239 105 266 190 
178 251 122 251 78 251 
179 253 199 253 116 253 
180 223 58 223 190 223 
181 153 165 153 216 153 
182 100 234 100 70 100 
183 86 138 86 264 86 
184 135 100 135 23 135 
185 2 91 2 261 2 
186 120 45 120 259 120 
187 203 74 203 201 203 
188 117 103 117 137 117 
189 177 172 177 95 177 
190 171 226 171 108 171 
191 272 61 272 118 272 
192 85 85 85 9 85 
193 15 68 15 67 15 
194 244 59 244 121 244 
195 250 16 250 77 250 
196 107 277 107 163 107 
197 43 48 43 271 43 
198 49 118 49 28 49 
199 45 250 45 166 45 
200 173 110 173 75 173 
201 237 107 237 198 237 
202 53 253 16 127 16 
203 170 133 170 158 170 
204 50 204 72 86 72 
205 63 251 63 98 63 
206 208 5 208 90 208 
207 51 179 51 232 51 
208 33 279 33 71 33 
209 128 4 128 19 128 
210 56 218 56 101 56 
211 67 147 67 255 108 
212 52 120 52 144 52 
213 248 247 248 134 248 
214 62 266 62 223 62 
215 157 269 157 35 157 
216 47 50 47 80 47 
217 127 265 127 161 127 
218 231 24 231 220 231 
219 133 166 133 40 133 
220 163 245 245 112 245 
221 186 257 186 236 186 
222 160 160 160 11 160 
223 148 170 148 228 148 
224 121 220 121 39 121 
225 229 1 229 155 229 
226 184 184 88 91 207 
227 143 57 130 32 209 
228 277 51 277 99 277 
229 140 229 140 53 140 
230 144 260 144 206 144 
231 217 33 217 68 217 
232 194 121 194 235 194 
233 206 201 206 128 206 
234 222 3 65 248 233 
235 109 188 109 20 109 
236 102 66 102 69 102 
237 207 176 233 257 65 
238 97 104 268 120 268 
239 268 222 262 31 215 
240 270 132 270 26 270 
241 176 169 176 253 176 
242 219 241 181 25 219 
243 131 202 131 174 131 
244 36 87 36 156 36 
245 200 94 200 178 200 
246 215 143 143 160 222 
247 136 136 136 16 136 
248 196 167 196 30 196 
249 204 211 204 74 204 
250 61 9 61 278 61 
251 190 252 40 141 40 
252 137 228 137 263 137 
253 279 189 279 169 279 
254 246 258 246 229 246 
255 14 14 14 148 14 
256 259 153 259 242 259 
257 252 175 252 50 252 
258 59 135 59 87 59 
259 273 159 273 8 273 
260 233 161 222 56 239 
261 179 157 179 58 179 
262 149 156 149 103 149 
263 141 224 141 126 141 
264 70 267 70 45 70 
265 20 173 20 138 20 
266 48 268 48 214 48 
267 262 207 146 85 241 
268 202 131 202 177 202 
269 238 12 238 205 238 
270 82 151 82 200 82 
271 6 21 6 147 6 
272 209 29 163 203 163 
273 245 146 161 276 262 
274 256 128 256 133 256 
275 84 15 84 64 84 
276 108 141 108 262 67 
277 147 200 147 79 147 
278 76 142 76 46 76 
279 4 76 4 279 4 
