***********************************
Experiment parameters:
Experiment results:
Permutations:
I U RANK QCV rand PATH 
1 253 62 3 47 7 
2 235 164 7 186 157 
3 13 68 13 180 13 
4 44 3 170 273 41 
5 123 162 123 176 123 
6 65 158 21 14 238 
7 45 261 45 135 45 
8 225 189 225 167 225 
9 228 206 228 267 228 
10 7 216 136 142 136 
11 205 54 205 234 205 
12 6 236 109 72 109 
13 200 104 200 245 200 
14 38 260 38 57 38 
15 42 155 42 66 42 
16 181 126 181 125 181 
17 36 89 36 207 36 
18 10 134 22 254 129 
19 93 102 93 171 93 
20 15 257 33 104 44 
21 206 100 206 5 206 
22 21 7 217 93 62 
23 252 205 252 65 252 
24 57 132 57 76 57 
25 106 47 106 15 106 
26 115 20 115 52 115 
27 272 138 272 151 272 
28 143 11 143 42 143 
29 243 74 243 185 243 
30 149 48 149 159 149 
31 89 109 89 274 89 
32 250 2 250 265 250 
33 148 230 148 100 148 
34 62 253 249 48 65 
35 223 167 223 217 223 
36 99 255 99 188 99 
37 271 34 271 107 271 
38 152 36 152 13 152 
39 210 24 210 55 210 
40 183 163 183 213 183 
41 51 51 51 199 51 
42 232 175 232 123 232 
43 240 207 240 221 240 
44 202 174 202 191 202 
45 167 64 167 153 167 
46 75 271 75 124 75 
47 204 113 204 183 204 
48 137 137 137 233 137 
49 105 122 44 204 66 
50 146 130 146 215 146 
51 162 185 162 237 162 
52 56 87 56 212 56 
53 100 152 100 37 100 
54 83 159 83 109 83 
55 236 190 236 7 236 
56 273 273 273 249 273 
57 66 85 62 219 85 
58 248 233 248 277 248 
59 274 166 274 43 274 
60 175 192 175 88 175 
61 218 151 218 130 218 
62 110 13 110 252 110 
63 133 224 133 182 133 
64 23 239 23 211 23 
65 219 71 219 268 219 
66 95 245 95 146 95 
67 234 108 234 270 234 
68 276 12 276 114 276 
69 33 150 65 260 103 
70 97 241 97 192 97 
71 19 32 19 132 19 
72 259 235 259 226 259 
73 194 259 194 34 194 
74 121 121 121 129 121 
75 269 25 269 209 269 
76 199 18 199 102 199 
77 178 211 178 184 178 
78 144 250 144 6 144 
79 241 125 241 246 241 
80 20 115 20 33 20 
81 130 191 130 269 130 
82 134 128 66 210 105 
83 48 208 48 115 48 
84 35 258 35 122 35 
85 251 73 251 240 251 
86 25 197 25 143 25 
87 266 127 266 111 266 
88 192 186 192 117 192 
89 5 181 5 152 5 
90 2 149 2 3 2 
91 238 84 238 164 22 
92 129 57 129 63 33 
93 233 248 233 131 233 
94 58 131 58 231 58 
95 222 222 222 44 222 
96 68 266 68 51 68 
97 278 278 278 49 278 
98 263 93 263 189 263 
99 122 153 257 61 122 
100 256 92 256 73 256 
101 173 171 173 62 173 
102 212 218 212 2 235 
103 155 42 155 18 155 
104 46 61 46 106 46 
105 22 44 253 92 124 
106 145 145 145 1 145 
107 279 120 279 36 279 
108 82 103 85 250 128 
109 52 229 52 154 52 
110 201 254 201 29 201 
111 86 133 86 27 86 
112 31 263 31 83 31 
113 246 172 246 258 246 
114 40 146 40 12 40 
115 264 46 264 162 264 
116 113 50 113 181 113 
117 226 90 226 272 226 
118 221 37 221 243 221 
119 98 59 98 256 98 
120 258 179 258 41 258 
121 81 38 81 119 81 
122 191 198 191 179 191 
123 126 269 126 157 126 
124 11 268 11 97 64 
125 1 264 1 60 1 
126 168 180 168 247 168 
127 180 184 180 222 180 
128 179 4 179 145 179 
129 184 129 184 165 184 
130 136 275 235 89 212 
131 64 72 64 136 11 
132 185 60 185 196 185 
133 156 45 156 82 156 
134 190 56 190 224 190 
135 103 203 103 218 134 
136 72 202 72 168 72 
137 24 169 24 4 24 
138 87 136 87 230 87 
139 213 140 213 173 213 
140 139 161 139 170 139 
141 120 193 120 241 120 
142 41 27 41 275 21 
143 71 98 71 225 71 
144 188 196 188 197 188 
145 227 232 227 84 227 
146 195 195 195 94 195 
147 157 157 157 38 3 
148 277 277 277 81 277 
149 127 212 127 149 127 
150 138 70 138 194 138 
151 76 17 76 193 76 
152 177 141 177 150 177 
153 111 28 111 96 111 
154 84 79 84 105 84 
155 165 226 165 187 165 
156 215 215 215 251 215 
157 270 80 270 59 270 
158 211 238 211 195 211 
159 163 10 163 21 163 
160 125 19 125 139 125 
161 37 168 37 244 37 
162 53 53 53 208 53 
163 193 279 193 227 193 
164 265 112 265 175 265 
165 172 96 172 110 172 
166 247 247 247 24 247 
167 55 55 55 239 55 
168 187 187 187 54 187 
169 88 16 88 172 88 
170 9 242 9 140 9 
171 229 276 229 10 229 
172 118 106 118 22 118 
173 28 231 28 17 28 
174 262 270 262 238 262 
175 107 201 107 113 107 
176 150 33 105 202 150 
177 124 65 203 266 153 
178 176 240 176 78 176 
179 101 154 101 116 101 
180 132 188 132 190 132 
181 108 262 108 216 108 
182 92 209 92 70 92 
183 73 251 73 264 73 
184 209 221 209 23 209 
185 63 237 63 261 63 
186 267 274 267 259 267 
187 261 67 261 201 261 
188 77 77 77 137 77 
189 59 165 59 95 59 
190 69 143 69 108 69 
191 67 214 67 118 67 
192 61 9 61 9 61 
193 116 107 116 67 116 
194 230 14 230 121 230 
195 169 210 169 77 169 
196 47 118 47 163 47 
197 224 29 224 271 224 
198 275 194 275 28 275 
199 34 267 34 166 34 
200 237 94 237 75 237 
201 60 95 60 198 60 
202 74 265 112 127 112 
203 90 178 90 158 90 
204 112 5 119 86 119 
205 91 6 91 98 91 
206 29 142 29 90 29 
207 182 199 182 232 182 
208 17 135 17 71 17 
209 50 182 50 19 50 
210 140 213 140 101 140 
211 78 156 78 255 78 
212 114 75 114 144 114 
213 161 139 161 134 161 
214 16 88 16 223 16 
215 245 173 245 35 245 
216 239 183 239 80 239 
217 27 41 27 161 27 
218 43 39 43 220 43 
219 158 219 6 40 6 
220 3 40 159 112 159 
221 196 35 196 236 196 
222 207 91 207 11 207 
223 54 176 54 228 54 
224 268 177 268 39 268 
225 135 1 135 155 135 
226 203 105 164 91 158 
227 85 170 122 32 164 
228 94 123 94 99 94 
229 242 246 242 53 242 
230 14 256 14 206 14 
231 96 58 96 68 96 
232 174 223 174 235 174 
233 231 76 231 128 231 
234 159 228 15 248 82 
235 214 78 214 20 214 
236 18 204 18 69 18 
237 153 81 82 257 15 
238 164 97 74 120 74 
239 217 21 124 31 170 
240 166 114 166 26 166 
241 142 272 142 253 142 
242 109 22 128 25 203 
243 30 49 30 174 30 
244 244 244 244 156 244 
245 147 220 147 178 147 
246 128 249 134 160 217 
247 39 43 39 16 39 
248 70 15 70 30 70 
249 12 225 12 74 12 
250 186 116 186 278 186 
251 119 243 10 141 10 
252 141 117 141 263 141 
253 131 111 131 169 131 
254 79 252 79 229 79 
255 160 160 160 148 160 
256 80 234 80 242 80 
257 260 82 260 50 260 
258 4 148 4 87 4 
259 154 101 154 8 154 
260 170 124 158 56 249 
261 104 26 104 58 104 
262 8 8 8 103 8 
263 189 31 189 126 189 
264 151 69 151 45 151 
265 208 144 208 138 208 
266 216 86 216 214 216 
267 257 217 150 85 253 
268 49 30 49 177 49 
269 102 227 102 205 102 
270 198 83 198 200 198 
271 32 23 32 147 32 
272 117 110 117 203 117 
273 249 66 153 276 257 
274 26 63 26 133 26 
275 197 119 197 64 197 
276 220 147 220 262 220 
277 254 52 254 79 254 
278 255 200 255 46 255 
279 171 99 171 279 171 
