***********************************
Experiment parameters:
Experiment results:
Permutations:
I U RANK QCV rand PATH 
1 264 85 4 47 30 
2 214 30 214 186 266 
3 105 109 105 180 105 
4 191 214 200 273 7 
5 31 263 31 176 31 
6 115 4 30 14 145 
7 265 106 265 135 265 
8 160 205 160 167 160 
9 197 155 197 267 197 
10 83 197 261 142 261 
11 175 35 175 234 175 
12 257 248 257 72 257 
13 263 210 263 245 263 
14 261 256 83 57 83 
15 90 18 90 66 90 
16 222 128 222 125 222 
17 151 147 151 207 151 
18 36 114 199 254 32 
19 205 255 205 171 205 
20 47 224 191 104 194 
21 170 242 170 5 170 
22 4 58 36 93 269 
23 16 16 16 65 16 
24 216 21 216 76 216 
25 49 55 49 15 49 
26 166 144 166 52 166 
27 155 47 155 151 155 
28 270 60 270 42 270 
29 206 143 206 185 206 
30 272 223 272 159 272 
31 161 65 161 274 161 
32 75 53 75 265 75 
33 13 229 13 100 13 
34 114 191 58 48 85 
35 5 180 5 217 5 
36 77 66 77 188 77 
37 163 40 163 107 163 
38 42 251 42 13 42 
39 129 230 129 55 129 
40 43 190 43 213 43 
41 245 194 245 199 245 
42 164 268 164 123 164 
43 178 23 178 221 178 
44 154 181 154 191 154 
45 239 113 239 153 239 
46 141 41 141 124 141 
47 210 77 210 183 210 
48 235 235 235 233 235 
49 58 173 228 204 88 
50 125 32 125 215 125 
51 82 51 82 237 82 
52 242 25 242 212 242 
53 25 34 25 37 25 
54 183 215 183 109 183 
55 101 43 101 7 101 
56 79 79 79 249 79 
57 67 156 212 219 111 
58 39 233 39 277 39 
59 40 159 40 43 40 
60 268 127 268 88 268 
61 97 24 97 130 97 
62 60 122 60 252 60 
63 27 46 27 182 27 
64 256 204 256 211 256 
65 274 187 274 268 274 
66 104 95 104 146 104 
67 33 99 33 270 33 
68 249 28 249 114 249 
69 68 67 64 260 114 
70 46 206 46 192 46 
71 190 161 190 132 190 
72 18 176 18 226 18 
73 24 243 24 34 24 
74 157 157 157 129 157 
75 259 119 259 209 259 
76 48 120 48 102 48 
77 37 275 37 184 37 
78 9 225 9 6 9 
79 217 170 217 246 217 
80 209 273 209 33 209 
81 233 245 233 269 233 
82 71 244 67 210 115 
83 185 104 185 115 185 
84 21 150 21 122 21 
85 35 267 35 240 35 
86 103 94 103 143 103 
87 134 56 134 111 134 
88 29 201 29 117 29 
89 201 118 201 152 201 
90 152 208 152 3 152 
91 145 271 145 164 58 
92 269 234 269 63 67 
93 38 38 38 131 38 
94 192 15 192 231 192 
95 231 231 231 44 231 
96 102 86 102 51 102 
97 26 26 26 49 26 
98 8 250 8 189 8 
99 30 71 71 61 142 
100 87 279 87 73 87 
101 66 152 66 62 66 
102 89 89 89 2 113 
103 180 134 180 18 180 
104 169 140 169 106 169 
105 142 64 85 92 156 
106 117 117 117 1 117 
107 98 98 98 36 98 
108 156 247 88 250 173 
109 107 103 107 154 107 
110 123 259 123 29 123 
111 174 174 174 27 174 
112 179 265 179 83 179 
113 15 192 15 258 15 
114 32 39 32 12 64 
115 140 14 140 162 140 
116 258 9 258 181 258 
117 70 6 70 272 70 
118 195 269 195 243 195 
119 23 203 23 256 23 
120 11 139 11 41 11 
121 147 83 147 119 147 
122 194 44 194 179 71 
123 118 241 118 157 118 
124 112 97 112 97 109 
125 108 277 108 60 108 
126 213 184 213 247 213 
127 184 189 184 222 184 
128 69 87 69 145 69 
129 262 171 262 165 262 
130 113 149 113 89 89 
131 109 154 109 136 112 
132 95 153 95 196 95 
133 254 218 254 82 254 
134 133 61 133 224 133 
135 111 228 244 218 191 
136 220 5 220 168 220 
137 41 246 41 4 41 
138 61 62 61 230 61 
139 57 57 57 173 57 
140 2 177 2 170 2 
141 236 211 236 241 236 
142 7 7 7 275 36 
143 6 132 6 225 6 
144 229 195 229 197 229 
145 218 222 218 84 218 
146 234 207 234 94 234 
147 266 266 266 38 4 
148 10 10 10 81 10 
149 56 110 56 149 56 
150 204 261 204 194 204 
151 277 169 277 193 277 
152 176 102 176 150 176 
153 168 108 168 96 168 
154 271 274 271 105 271 
155 203 145 203 187 203 
156 96 198 96 251 96 
157 99 126 99 59 99 
158 267 162 267 195 267 
159 92 74 92 21 92 
160 19 101 19 139 19 
161 171 186 171 244 171 
162 193 137 193 208 193 
163 211 236 211 227 211 
164 273 163 273 175 273 
165 91 52 91 110 91 
166 215 125 215 24 215 
167 81 81 81 239 81 
168 253 146 253 54 253 
169 198 96 198 172 198 
170 84 91 84 140 84 
171 94 252 94 10 94 
172 208 48 208 22 208 
173 52 148 52 17 52 
174 126 20 126 238 126 
175 106 276 106 113 106 
176 85 111 173 202 199 
177 88 115 224 266 200 
178 227 178 227 78 227 
179 135 68 135 116 135 
180 188 213 188 190 188 
181 59 59 59 216 59 
182 279 11 279 70 279 
183 3 3 3 264 3 
184 186 188 186 23 186 
185 225 72 225 261 225 
186 121 129 121 259 121 
187 250 254 250 201 250 
188 144 135 144 137 144 
189 275 70 275 95 275 
190 181 270 181 108 181 
191 196 249 196 118 196 
192 260 50 260 9 260 
193 130 138 130 67 130 
194 189 216 189 121 189 
195 63 63 63 77 63 
196 167 82 167 163 167 
197 34 19 34 271 34 
198 86 90 86 28 86 
199 159 209 159 166 159 
200 51 75 51 75 51 
201 80 272 80 198 80 
202 64 166 68 127 68 
203 162 37 162 158 162 
204 165 107 165 86 165 
205 187 100 187 98 187 
206 1 27 1 90 1 
207 55 258 55 232 55 
208 137 193 137 71 137 
209 12 17 12 19 12 
210 136 253 136 101 136 
211 28 130 28 255 138 
212 73 73 73 144 73 
213 177 2 177 134 177 
214 45 45 45 223 45 
215 120 80 120 35 120 
216 248 257 248 80 248 
217 232 232 232 161 232 
218 158 158 158 220 158 
219 132 219 132 40 132 
220 44 22 44 112 44 
221 139 69 139 236 139 
222 172 172 172 11 172 
223 100 227 100 228 100 
224 122 239 122 39 122 
225 50 76 50 155 50 
226 224 199 247 91 212 
227 199 212 237 32 214 
228 53 12 53 99 53 
229 182 168 182 53 182 
230 207 262 207 206 207 
231 14 84 14 68 14 
232 149 78 149 235 149 
233 76 260 76 128 76 
234 212 238 238 248 238 
235 276 160 276 20 276 
236 223 185 223 69 223 
237 251 278 143 257 143 
238 173 1 251 120 251 
239 200 264 111 31 224 
240 246 121 246 26 246 
241 74 42 74 253 74 
242 244 36 115 25 228 
243 54 221 54 174 54 
244 240 183 240 156 240 
245 128 164 128 178 128 
246 228 237 114 160 237 
247 226 226 226 16 226 
248 62 93 62 30 62 
249 252 165 252 74 252 
250 131 123 131 278 131 
251 243 217 47 141 47 
252 78 220 78 263 78 
253 148 182 148 169 148 
254 219 175 219 229 219 
255 116 116 116 148 116 
256 20 33 20 242 20 
257 278 92 278 50 278 
258 150 13 150 87 150 
259 230 141 230 8 230 
260 238 142 264 56 244 
261 202 31 202 58 202 
262 146 136 146 103 146 
263 127 8 127 126 127 
264 110 105 110 45 110 
265 17 167 17 138 17 
266 65 133 65 214 65 
267 237 88 156 85 247 
268 221 54 221 177 221 
269 119 29 119 205 119 
270 22 240 22 200 22 
271 93 151 93 147 93 
272 143 112 243 203 243 
273 247 200 142 276 264 
274 124 49 124 133 124 
275 241 196 241 64 241 
276 138 131 138 262 28 
277 255 179 255 79 255 
278 72 202 72 46 72 
279 153 124 153 279 153 
