***********************************
Experiment parameters:
Experiment results:
Permutations:
I U RANK QCV rand PATH 
1 1 1 1 47 1 
2 253 253 12 186 156 
3 45 182 45 180 81 
4 137 175 183 273 216 
5 211 227 211 176 211 
6 33 166 17 14 20 
7 272 244 272 135 272 
8 222 59 222 167 222 
9 53 247 53 267 53 
10 177 121 177 142 177 
11 213 179 213 234 213 
12 247 186 247 72 247 
13 135 194 135 245 135 
14 250 101 250 57 250 
15 38 203 38 66 38 
16 34 195 34 125 34 
17 270 7 270 207 270 
18 64 116 20 254 33 
19 42 70 42 171 42 
20 41 220 204 104 41 
21 52 155 52 5 52 
22 54 94 33 93 54 
23 160 10 160 65 160 
24 226 49 226 76 226 
25 72 72 72 15 72 
26 63 275 63 52 63 
27 17 177 269 151 269 
28 205 19 205 42 205 
29 55 267 55 185 55 
30 164 78 164 159 164 
31 199 190 199 274 199 
32 78 123 78 265 78 
33 150 35 150 100 150 
34 95 41 41 48 64 
35 163 240 163 217 163 
36 98 136 98 188 98 
37 132 127 132 107 132 
38 121 234 121 13 121 
39 268 165 268 55 268 
40 271 228 271 213 271 
41 243 243 243 199 243 
42 24 168 24 123 24 
43 239 187 239 221 239 
44 81 149 81 191 45 
45 151 205 151 153 151 
46 25 235 25 124 25 
47 123 260 123 183 123 
48 84 84 84 233 84 
49 94 204 223 204 94 
50 96 3 96 215 96 
51 176 130 176 237 176 
52 246 270 246 212 246 
53 248 273 248 37 248 
54 157 200 157 109 157 
55 186 53 186 7 186 
56 85 85 85 249 85 
57 79 262 54 219 95 
58 3 263 3 277 3 
59 185 185 185 43 185 
60 129 122 129 88 129 
61 13 87 13 130 13 
62 161 118 161 252 161 
63 92 55 92 182 92 
64 7 57 7 211 7 
65 187 14 187 268 187 
66 159 5 159 146 159 
67 111 69 111 270 111 
68 229 174 229 114 229 
69 224 33 64 260 102 
70 221 60 221 192 221 
71 131 181 131 132 131 
72 114 151 114 226 114 
73 203 31 203 34 203 
74 278 62 278 129 278 
75 276 222 276 209 276 
76 279 176 279 102 279 
77 148 189 148 184 148 
78 197 144 197 6 197 
79 234 199 234 246 234 
80 58 58 58 33 58 
81 200 156 200 269 200 
82 119 12 178 210 103 
83 61 113 61 115 61 
84 120 258 120 122 120 
85 179 192 179 240 179 
86 195 42 195 143 195 
87 191 152 191 111 191 
88 264 44 264 117 264 
89 174 104 174 152 174 
90 15 245 15 3 15 
91 112 128 112 164 112 
92 126 255 126 63 126 
93 76 216 76 131 76 
94 74 180 74 231 74 
95 169 169 169 44 169 
96 152 81 152 51 152 
97 97 97 97 49 97 
98 158 167 158 189 158 
99 124 124 262 61 105 
100 80 43 80 73 80 
101 136 50 136 62 136 
102 162 82 182 2 182 
103 115 38 115 18 115 
104 142 110 142 106 142 
105 116 103 94 92 116 
106 37 37 37 1 37 
107 257 48 257 36 257 
108 103 64 220 250 124 
109 168 47 168 154 168 
110 170 217 170 29 170 
111 181 92 181 27 181 
112 172 249 172 83 172 
113 214 237 214 258 214 
114 156 157 216 12 12 
115 110 142 110 162 110 
116 50 26 50 181 50 
117 8 148 8 272 8 
118 109 226 109 243 109 
119 251 23 251 256 251 
120 255 126 255 41 255 
121 230 145 230 119 230 
122 216 140 156 179 17 
123 209 252 209 157 209 
124 269 147 202 97 240 
125 237 214 237 60 237 
126 35 150 35 247 35 
127 46 265 46 222 46 
128 212 139 212 145 212 
129 93 80 93 165 93 
130 182 114 162 89 162 
131 202 161 240 136 202 
132 67 154 67 196 67 
133 252 209 252 82 252 
134 273 52 273 224 273 
135 105 105 95 218 146 
136 87 45 87 168 87 
137 40 206 40 4 40 
138 233 100 233 230 233 
139 231 153 231 173 231 
140 207 28 207 170 207 
141 56 56 56 241 56 
142 89 83 89 275 89 
143 14 213 14 225 14 
144 43 120 43 197 43 
145 104 236 104 84 104 
146 258 171 258 94 258 
147 196 196 196 38 196 
148 88 88 88 81 88 
149 238 163 238 149 238 
150 62 117 62 194 62 
151 259 6 259 193 259 
152 82 238 82 150 82 
153 180 32 180 96 180 
154 232 232 232 105 232 
155 10 210 10 187 10 
156 256 107 256 251 256 
157 277 4 277 59 277 
158 189 18 189 195 189 
159 101 278 101 21 101 
160 219 230 219 139 219 
161 265 93 265 244 265 
162 138 198 138 208 138 
163 48 257 48 227 48 
164 127 132 127 175 127 
165 16 274 16 110 16 
166 263 96 263 24 263 
167 143 143 143 239 143 
168 65 65 65 54 65 
169 107 256 107 172 107 
170 274 201 274 140 274 
171 193 158 193 10 193 
172 225 225 225 22 225 
173 32 241 32 17 32 
174 69 277 69 238 69 
175 236 264 236 113 236 
176 155 17 102 202 166 
177 102 223 103 266 175 
178 208 112 208 78 208 
179 206 39 206 116 206 
180 49 9 49 190 49 
181 4 11 4 216 4 
182 9 27 9 70 9 
183 23 141 23 264 23 
184 242 109 242 23 242 
185 26 106 26 261 26 
186 86 36 86 259 86 
187 217 272 217 201 217 
188 99 86 99 137 99 
189 141 160 141 95 141 
190 68 115 68 108 68 
191 167 170 167 118 167 
192 125 90 125 9 125 
193 218 276 218 67 218 
194 27 212 27 121 27 
195 275 99 275 77 275 
196 113 279 113 163 113 
197 228 248 228 271 228 
198 118 162 118 28 118 
199 235 40 235 166 235 
200 130 66 130 75 130 
201 154 135 154 198 154 
202 12 268 2 127 2 
203 173 254 173 158 173 
204 59 172 59 86 59 
205 210 173 210 98 210 
206 145 250 145 90 145 
207 51 197 51 232 51 
208 241 215 241 71 241 
209 21 67 21 19 21 
210 73 73 73 101 73 
211 91 24 91 255 91 
212 165 25 165 144 165 
213 28 207 28 134 28 
214 30 30 30 223 30 
215 5 51 5 35 5 
216 117 271 117 80 117 
217 83 89 83 161 83 
218 75 75 75 220 75 
219 192 208 192 40 192 
220 20 224 224 112 224 
221 261 46 261 236 261 
222 128 8 128 11 128 
223 254 251 254 228 254 
224 19 191 19 39 19 
225 201 16 201 155 201 
226 175 146 105 91 178 
227 204 20 184 32 183 
228 194 21 194 99 194 
229 6 259 6 53 6 
230 171 261 171 206 171 
231 90 74 90 68 90 
232 31 13 31 235 31 
233 198 125 198 128 198 
234 178 119 155 248 155 
235 47 218 47 20 47 
236 106 61 106 69 106 
237 220 219 137 257 137 
238 2 221 119 120 119 
239 146 183 116 31 184 
240 39 63 39 26 39 
241 267 269 267 253 267 
242 183 95 124 25 204 
243 71 188 71 174 71 
244 140 77 140 156 140 
245 133 91 133 178 133 
246 223 178 146 160 220 
247 108 108 108 16 108 
248 100 233 100 30 100 
249 44 134 44 74 44 
250 244 193 244 278 244 
251 190 131 190 141 190 
252 147 68 147 263 147 
253 215 138 215 169 215 
254 18 239 18 229 18 
255 266 266 266 148 266 
256 11 111 11 242 11 
257 57 137 57 50 57 
258 139 242 139 87 139 
259 36 2 36 8 36 
260 240 54 253 56 223 
261 260 159 260 58 260 
262 153 231 153 103 153 
263 249 29 249 126 249 
264 149 202 149 45 149 
265 245 15 245 138 245 
266 60 246 60 214 60 
267 262 102 175 85 253 
268 188 71 188 177 188 
269 29 34 29 205 29 
270 77 76 77 200 77 
271 22 22 22 147 22 
272 166 79 79 203 79 
273 184 184 166 276 262 
274 144 164 144 133 144 
275 70 229 70 64 70 
276 122 133 122 262 122 
277 134 129 134 79 134 
278 227 98 227 46 227 
279 66 211 66 279 66 
