***********************************
Experiment parameters:
Experiment results:
Permutations:
I U RANK QCV rand PATH 
1 259 125 112 47 112 
2 75 159 115 186 248 
3 272 201 250 180 198 
4 219 96 258 273 229 
5 267 219 3 176 3 
6 271 279 31 14 31 
7 63 180 155 135 211 
8 37 175 241 167 241 
9 125 100 81 267 81 
10 134 156 221 142 223 
11 164 3 259 234 194 
12 55 81 203 72 203 
13 113 13 248 245 250 
14 47 230 216 57 216 
15 144 150 101 66 213 
16 14 238 13 125 13 
17 163 57 47 207 47 
18 73 33 198 254 202 
19 274 5 28 171 191 
20 66 104 122 104 73 
21 95 141 124 5 124 
22 118 179 132 93 84 
23 173 118 164 65 28 
24 273 7 143 76 143 
25 44 199 24 15 24 
26 112 154 49 52 177 
27 132 98 209 151 209 
28 226 187 229 42 252 
29 195 2 149 185 71 
30 186 192 227 159 227 
31 153 269 276 274 276 
32 178 204 274 265 274 
33 135 185 202 100 14 
34 5 82 194 48 76 
35 224 149 2 217 132 
36 235 22 278 188 39 
37 177 145 242 107 163 
38 3 6 61 13 61 
39 203 214 271 55 96 
40 100 61 102 213 102 
41 220 223 158 199 151 
42 175 260 98 123 98 
43 238 138 34 221 34 
44 111 11 218 191 218 
45 151 235 224 153 224 
46 69 151 178 124 154 
47 248 26 26 183 26 
48 58 218 58 233 58 
49 2 275 220 204 220 
50 162 44 78 215 107 
51 229 148 204 237 235 
52 62 249 43 212 43 
53 48 266 197 37 197 
54 204 162 57 109 57 
55 275 121 111 7 111 
56 103 97 103 249 103 
57 65 251 265 219 265 
58 57 68 139 277 234 
59 278 53 176 43 176 
60 230 8 243 88 243 
61 276 60 69 130 69 
62 264 209 21 252 21 
63 277 66 193 182 193 
64 70 70 134 211 72 
65 40 77 146 268 146 
66 192 59 79 146 79 
67 239 194 239 270 239 
68 38 14 252 114 87 
69 102 110 6 260 6 
70 82 131 136 192 136 
71 41 276 64 132 269 
72 160 255 129 226 129 
73 77 174 238 34 238 
74 183 88 153 129 153 
75 206 28 118 209 118 
76 110 113 10 102 10 
77 115 244 142 184 142 
78 214 152 87 6 15 
79 109 221 160 246 257 
80 246 272 85 33 85 
81 133 83 42 269 42 
82 42 1 1 210 1 
83 129 24 94 115 94 
84 24 165 48 122 165 
85 170 109 73 240 230 
86 188 12 105 143 190 
87 244 63 260 111 260 
88 83 71 214 117 115 
89 28 17 19 152 48 
90 240 85 272 3 272 
91 30 200 106 164 106 
92 120 107 168 63 168 
93 124 257 154 131 204 
94 241 253 246 231 246 
95 13 112 100 44 100 
96 197 102 131 51 131 
97 19 264 50 49 50 
98 119 171 80 189 17 
99 20 250 127 61 127 
100 185 18 38 73 38 
101 26 46 179 62 179 
102 231 172 70 2 64 
103 92 15 126 18 145 
104 22 37 54 106 54 
105 266 153 88 92 88 
106 46 274 18 1 18 
107 101 193 40 36 19 
108 10 55 12 250 12 
109 61 72 171 154 152 
110 189 126 269 29 160 
111 184 181 91 27 91 
112 98 158 212 83 212 
113 27 189 189 258 189 
114 117 232 234 12 268 
115 202 120 45 162 139 
116 228 182 147 181 147 
117 33 58 222 272 222 
118 68 19 39 243 162 
119 181 246 215 256 215 
120 260 144 264 41 264 
121 165 254 66 119 65 
122 216 168 170 179 170 
123 36 62 133 157 133 
124 217 92 9 97 80 
125 32 133 251 60 196 
126 142 178 192 247 192 
127 64 243 8 222 8 
128 91 117 74 145 74 
129 176 267 261 165 261 
130 17 173 84 89 51 
131 182 177 11 136 101 
132 29 130 22 196 22 
133 72 79 60 82 60 
134 127 206 4 224 4 
135 99 273 273 218 273 
136 74 268 232 168 232 
137 191 4 121 4 121 
138 88 42 191 230 278 
139 213 190 245 173 52 
140 221 23 140 170 140 
141 85 40 116 241 40 
142 157 234 68 275 68 
143 156 134 195 225 30 
144 215 103 97 197 97 
145 159 99 206 84 206 
146 257 84 14 94 109 
147 198 205 205 38 205 
148 227 34 16 81 16 
149 51 198 201 149 201 
150 21 106 37 194 37 
151 123 248 277 193 277 
152 106 36 166 150 166 
153 138 89 63 96 119 
154 158 229 117 105 117 
155 209 169 266 187 266 
156 269 197 144 251 144 
157 54 136 20 59 20 
158 79 188 184 195 184 
159 147 94 123 21 123 
160 107 45 268 139 45 
161 251 25 17 244 53 
162 53 73 46 208 171 
163 218 64 27 227 27 
164 18 74 165 175 2 
165 7 101 225 110 125 
166 247 114 219 24 108 
167 4 27 190 239 270 
168 193 215 279 54 254 
169 104 155 270 172 253 
170 242 143 187 140 242 
171 49 29 52 10 67 
172 56 261 183 22 63 
173 39 30 7 17 7 
174 122 163 162 238 122 
175 180 164 173 113 134 
176 262 137 137 202 137 
177 139 186 161 266 161 
178 249 75 249 78 82 
179 93 222 113 116 113 
180 67 31 253 190 104 
181 1 142 244 216 244 
182 8 224 211 70 173 
183 105 216 96 264 172 
184 130 195 109 23 114 
185 245 90 125 261 258 
186 60 35 82 259 66 
187 78 124 93 201 35 
188 52 262 199 137 199 
189 76 115 141 95 116 
190 9 38 23 108 70 
191 148 76 185 118 185 
192 141 39 163 9 249 
193 140 170 167 67 167 
194 81 191 135 121 90 
195 90 41 56 77 56 
196 237 87 177 163 23 
197 179 54 200 271 200 
198 15 78 107 28 78 
199 34 237 83 166 83 
200 174 43 138 75 138 
201 279 108 114 198 207 
202 263 93 247 127 135 
203 59 196 207 158 180 
204 252 210 210 86 46 
205 194 49 41 98 49 
206 258 48 172 90 155 
207 168 157 95 232 95 
208 253 9 90 71 59 
209 149 161 44 19 44 
210 190 236 236 101 236 
211 43 86 86 255 86 
212 205 213 230 144 41 
213 223 52 15 134 178 
214 31 217 182 223 245 
215 84 228 217 35 150 
216 145 116 235 80 92 
217 154 122 53 161 141 
218 225 183 76 220 247 
219 210 231 72 40 158 
220 152 247 30 112 221 
221 169 128 263 236 263 
222 268 252 145 11 164 
223 50 146 36 228 36 
224 87 20 110 39 110 
225 187 225 223 155 93 
226 207 265 89 91 89 
227 256 256 159 32 159 
228 243 226 226 99 226 
229 126 16 35 53 217 
230 116 51 108 206 279 
231 71 47 104 68 259 
232 254 239 180 235 210 
233 94 242 119 128 231 
234 172 119 92 248 271 
235 96 147 71 20 219 
236 45 245 150 69 9 
237 171 258 65 257 214 
238 270 259 213 120 228 
239 196 240 51 31 105 
240 6 140 254 26 225 
241 11 203 240 253 240 
242 86 56 59 25 267 
243 222 278 157 174 157 
244 201 95 262 156 262 
245 35 271 148 178 148 
246 16 65 151 160 62 
247 255 139 120 16 120 
248 25 270 231 30 187 
249 161 67 267 74 195 
250 114 80 62 278 251 
251 143 105 130 141 130 
252 212 220 75 263 75 
253 250 50 67 169 149 
254 146 127 237 229 237 
255 261 208 208 148 208 
256 167 167 186 242 186 
257 80 32 32 50 32 
258 199 233 233 87 233 
259 121 160 257 8 126 
260 137 135 228 56 183 
261 234 277 255 58 255 
262 265 202 33 103 33 
263 211 129 169 126 169 
264 12 132 5 45 5 
265 23 227 29 138 29 
266 136 69 256 214 256 
267 155 212 156 85 156 
268 233 91 181 177 181 
269 97 166 77 205 77 
270 236 241 175 200 175 
271 131 21 25 147 25 
272 89 176 196 203 182 
273 128 207 55 276 55 
274 232 111 174 133 174 
275 200 211 275 64 275 
276 208 184 188 262 188 
277 150 123 99 79 99 
278 166 263 128 46 128 
279 108 10 152 279 11 
