***********************************
Experiment parameters:
Experiment results:
Permutations:
I U RANK QCV rand PATH 
1 17 129 1 47 177 
2 261 94 2 186 197 
3 235 190 3 180 205 
4 12 252 4 273 99 
5 146 210 5 176 95 
6 181 259 6 14 135 
7 11 173 7 135 87 
8 210 121 8 167 90 
9 64 165 9 267 57 
10 46 1 10 142 142 
11 216 52 11 234 61 
12 197 85 12 72 157 
13 108 101 13 245 185 
14 260 209 14 57 20 
15 179 22 15 66 252 
16 169 92 16 125 169 
17 240 233 17 207 239 
18 29 17 18 254 120 
19 47 4 19 171 47 
20 268 207 20 104 56 
21 220 24 21 5 146 
22 193 5 22 93 141 
23 213 81 23 65 70 
24 24 6 24 76 220 
25 225 243 25 15 237 
26 168 153 26 52 152 
27 180 99 27 151 129 
28 90 7 28 42 29 
29 232 142 29 185 78 
30 117 170 30 159 166 
31 256 185 31 274 110 
32 249 183 32 265 117 
33 143 12 33 100 67 
34 45 87 34 48 28 
35 194 9 35 217 171 
36 44 147 36 188 103 
37 98 106 37 107 43 
38 170 172 38 13 190 
39 125 171 39 55 162 
40 209 110 40 213 215 
41 212 277 41 199 257 
42 14 261 42 123 259 
43 74 141 43 221 226 
44 84 262 44 191 186 
45 61 196 45 153 76 
46 109 144 46 124 181 
47 147 34 47 183 172 
48 81 19 48 233 96 
49 233 239 49 204 233 
50 58 2 50 215 14 
51 10 148 51 237 196 
52 184 263 52 212 278 
53 158 230 53 37 118 
54 226 174 54 109 74 
55 106 156 55 7 73 
56 96 105 56 249 81 
57 221 251 57 219 221 
58 3 151 58 277 168 
59 154 199 59 43 265 
60 207 241 60 88 258 
61 177 154 61 130 279 
62 93 211 62 252 275 
63 118 63 63 182 132 
64 89 77 64 211 255 
65 167 31 65 268 13 
66 241 192 66 146 83 
67 227 184 67 270 208 
68 40 69 68 114 86 
69 73 218 69 260 79 
70 187 169 70 192 121 
71 48 102 71 132 102 
72 190 118 72 226 5 
73 30 138 73 34 46 
74 59 242 74 129 125 
75 129 188 75 209 262 
76 95 217 76 102 19 
77 113 68 77 184 105 
78 36 70 78 6 277 
79 252 228 79 246 235 
80 279 223 80 33 227 
81 42 237 81 269 236 
82 243 79 82 210 179 
83 153 46 83 115 272 
84 140 16 84 122 271 
85 105 111 85 240 240 
86 104 245 86 143 8 
87 164 53 87 111 137 
88 269 232 88 117 210 
89 203 221 89 152 18 
90 33 227 90 3 217 
91 15 59 91 164 246 
92 195 14 92 63 15 
93 99 114 93 131 251 
94 201 273 94 231 266 
95 137 123 95 44 147 
96 50 64 96 51 10 
97 224 89 97 49 254 
98 1 18 98 189 127 
99 242 98 99 61 224 
100 258 274 100 73 85 
101 198 162 101 62 174 
102 192 126 102 2 45 
103 267 131 103 18 44 
104 265 244 104 106 244 
105 183 125 105 92 242 
106 86 265 106 1 209 
107 55 208 107 36 183 
108 25 51 108 250 267 
109 175 74 109 154 193 
110 92 55 110 29 124 
111 4 205 111 27 62 
112 62 107 112 83 51 
113 230 47 113 258 245 
114 101 213 114 12 200 
115 139 137 115 162 38 
116 200 136 116 181 24 
117 130 97 117 272 123 
118 121 204 118 243 170 
119 123 240 119 256 23 
120 188 160 120 41 89 
121 208 257 121 119 52 
122 251 270 122 179 206 
123 5 72 123 157 94 
124 70 149 124 97 188 
125 52 250 125 60 1 
126 171 189 126 247 228 
127 135 258 127 222 241 
128 222 132 128 145 225 
129 7 264 129 165 139 
130 131 152 130 89 60 
131 116 158 131 136 232 
132 270 260 132 196 164 
133 80 216 133 82 154 
134 236 130 134 224 276 
135 254 256 135 218 256 
136 51 200 136 168 213 
137 206 276 137 4 253 
138 120 32 138 230 92 
139 34 197 139 173 6 
140 145 254 140 170 128 
141 39 203 141 241 203 
142 239 168 142 275 151 
143 263 133 143 225 167 
144 138 11 144 197 11 
145 276 195 145 84 122 
146 178 175 146 94 91 
147 23 145 147 38 145 
148 119 269 148 81 140 
149 112 119 149 149 119 
150 159 246 150 194 176 
151 205 159 151 193 198 
152 151 122 152 150 182 
153 150 91 153 96 16 
154 262 8 154 105 25 
155 111 178 155 187 230 
156 275 128 156 251 112 
157 37 179 157 59 104 
158 110 100 158 195 88 
159 182 272 159 21 113 
160 28 143 160 139 143 
161 152 25 161 244 49 
162 76 75 162 208 268 
163 100 66 163 227 7 
164 41 76 164 175 247 
165 223 103 165 110 160 
166 67 28 166 24 144 
167 43 29 167 239 131 
168 215 30 168 54 72 
169 91 167 169 172 69 
170 277 166 170 140 36 
171 63 127 171 10 161 
172 71 115 172 22 107 
173 161 249 173 17 264 
174 6 95 174 238 26 
175 114 161 175 113 219 
176 185 222 176 202 222 
177 246 54 177 266 3 
178 107 78 178 78 249 
179 82 177 179 116 17 
180 26 33 180 190 165 
181 57 253 181 216 243 
182 163 120 182 70 223 
183 199 57 183 264 77 
184 16 26 184 23 175 
185 204 180 185 261 126 
186 38 35 186 259 260 
187 87 37 187 201 173 
188 271 50 188 137 68 
189 21 225 189 95 21 
190 160 39 190 108 149 
191 245 61 191 118 41 
192 83 40 192 9 150 
193 186 206 193 67 2 
194 189 41 194 121 22 
195 259 235 195 77 261 
196 162 36 196 163 58 
197 244 176 197 271 59 
198 9 215 198 28 34 
199 68 236 199 166 101 
200 148 43 200 75 199 
201 97 44 201 198 231 
202 196 45 202 127 136 
203 202 86 203 158 194 
204 35 181 204 86 207 
205 250 49 205 98 155 
206 69 48 206 90 4 
207 127 96 207 232 98 
208 266 278 208 71 184 
209 176 3 209 19 270 
210 128 93 210 101 93 
211 174 71 211 255 71 
212 248 187 212 144 187 
213 219 268 213 134 204 
214 126 193 214 223 35 
215 255 194 215 35 39 
216 18 109 216 80 75 
217 77 146 217 161 37 
218 264 248 218 220 65 
219 231 67 219 40 66 
220 234 214 220 112 273 
221 136 191 221 236 201 
222 156 219 222 11 82 
223 173 182 223 228 31 
224 141 10 224 39 64 
225 20 58 225 155 133 
226 274 164 226 91 53 
227 102 42 227 32 250 
228 13 212 228 99 212 
229 60 20 229 53 248 
230 133 150 230 206 63 
231 2 82 231 68 229 
232 273 117 232 235 115 
233 115 60 233 128 234 
234 66 231 234 248 153 
235 19 157 235 20 214 
236 31 163 236 69 263 
237 257 234 237 257 114 
238 144 116 238 120 111 
239 22 275 239 31 163 
240 157 38 240 26 48 
241 214 255 241 253 274 
242 278 140 242 25 116 
243 32 224 243 174 32 
244 211 90 244 156 50 
245 27 266 245 178 211 
246 94 65 246 160 269 
247 142 135 247 16 216 
248 166 247 248 30 202 
249 132 56 249 74 9 
250 149 271 250 278 40 
251 88 108 251 141 158 
252 75 226 252 263 109 
253 172 279 253 169 159 
254 229 80 254 229 80 
255 8 134 255 148 134 
256 253 15 256 242 54 
257 49 27 257 50 27 
258 238 84 258 87 84 
259 134 124 259 8 55 
260 237 139 260 56 12 
261 165 198 261 58 192 
262 54 23 262 103 97 
263 155 112 263 126 178 
264 65 267 264 45 180 
265 122 220 265 138 148 
266 56 83 266 214 42 
267 78 229 267 85 108 
268 191 62 268 177 130 
269 79 13 269 205 138 
270 85 104 270 200 218 
271 217 21 271 147 30 
272 53 155 272 203 189 
273 72 202 273 276 238 
274 218 73 274 133 156 
275 272 238 275 64 106 
276 103 88 276 262 100 
277 228 113 277 79 195 
278 124 201 278 46 191 
279 247 186 279 279 33 
