***********************************
Experiment parameters:
Experiment results:
Permutations:
I U RANK QCV rand PATH 
1 272 50 1 47 223 
2 2 238 2 186 112 
3 176 92 3 180 55 
4 129 126 4 273 230 
5 58 210 5 176 22 
6 216 21 6 14 24 
7 78 172 7 135 101 
8 114 30 8 167 239 
9 195 101 9 267 137 
10 131 204 10 142 109 
11 241 2 11 234 53 
12 170 169 12 72 184 
13 86 143 13 245 155 
14 57 198 14 57 235 
15 30 3 15 66 21 
16 160 173 16 125 75 
17 248 222 17 207 189 
18 88 212 18 254 246 
19 237 5 19 171 229 
20 68 67 20 104 12 
21 215 159 21 5 103 
22 254 216 22 93 199 
23 101 56 23 65 166 
24 207 7 24 76 67 
25 227 279 25 15 236 
26 108 83 26 52 251 
27 132 160 27 151 268 
28 47 209 28 42 152 
29 37 4 29 185 215 
30 192 186 30 159 218 
31 22 20 31 274 141 
32 61 131 32 265 164 
33 224 183 33 100 187 
34 145 127 34 48 25 
35 28 9 35 217 129 
36 45 181 36 188 158 
37 186 81 37 107 59 
38 226 73 38 13 106 
39 181 10 39 55 9 
40 18 224 40 213 73 
41 110 246 41 199 99 
42 12 247 42 123 183 
43 90 23 43 221 85 
44 104 153 44 191 72 
45 53 251 45 153 154 
46 259 124 46 124 232 
47 122 231 47 183 231 
48 6 244 48 233 6 
49 228 219 49 204 81 
50 244 69 50 215 98 
51 20 249 51 237 181 
52 70 199 52 212 169 
53 62 264 53 37 194 
54 23 104 54 109 83 
55 150 167 55 7 279 
56 97 148 56 249 97 
57 71 243 57 219 139 
58 164 121 58 277 33 
59 222 187 59 43 259 
60 218 107 60 88 63 
61 10 1 61 130 18 
62 98 213 62 252 115 
63 46 163 63 182 278 
64 44 142 64 211 49 
65 74 228 65 268 89 
66 66 138 66 146 140 
67 163 223 67 270 172 
68 189 158 68 114 123 
69 33 149 69 260 185 
70 126 185 70 192 32 
71 60 141 71 132 20 
72 100 150 72 226 11 
73 212 255 73 34 148 
74 85 79 74 129 255 
75 17 145 75 209 157 
76 149 6 76 102 145 
77 152 60 77 184 174 
78 165 15 78 6 266 
79 246 220 79 246 78 
80 262 157 80 33 162 
81 84 97 81 269 173 
82 188 106 82 210 214 
83 140 250 83 115 60 
84 9 122 84 122 34 
85 3 119 85 240 3 
86 48 68 86 143 91 
87 72 52 87 111 113 
88 67 109 88 117 176 
89 199 95 89 152 225 
90 40 162 90 3 212 
91 271 208 91 164 252 
92 191 98 92 63 258 
93 77 114 93 131 23 
94 172 271 94 231 144 
95 11 108 95 44 10 
96 103 32 96 51 224 
97 39 233 97 49 105 
98 142 123 98 189 209 
99 264 236 99 61 82 
100 258 268 100 73 36 
101 16 260 101 62 47 
102 118 110 102 2 120 
103 267 132 103 18 159 
104 179 274 104 106 208 
105 148 170 105 92 79 
106 13 48 106 1 27 
107 221 184 107 36 14 
108 257 254 108 250 84 
109 169 70 109 154 179 
110 112 256 110 29 171 
111 210 155 111 27 156 
112 174 86 112 83 48 
113 183 180 113 258 126 
114 116 77 114 12 88 
115 185 105 115 162 233 
116 161 46 116 181 213 
117 223 44 117 272 244 
118 157 111 118 243 127 
119 197 248 119 256 207 
120 130 11 120 41 19 
121 91 235 121 119 271 
122 69 267 122 179 188 
123 138 112 123 157 76 
124 154 94 124 97 165 
125 219 76 125 60 138 
126 269 176 126 247 248 
127 105 63 127 222 107 
128 274 135 128 145 151 
129 15 218 129 165 70 
130 25 195 130 89 26 
131 26 202 131 136 94 
132 208 134 132 196 114 
133 190 18 133 82 190 
134 155 29 134 224 8 
135 214 191 135 218 191 
136 42 88 136 168 77 
137 213 8 137 4 241 
138 173 71 138 230 147 
139 202 182 139 173 136 
140 233 49 140 170 42 
141 144 74 141 241 74 
142 255 45 142 275 121 
143 196 225 143 225 122 
144 249 117 144 197 143 
145 125 203 145 84 29 
146 182 226 146 94 110 
147 133 133 147 38 133 
148 146 265 148 81 261 
149 95 55 149 149 92 
150 32 221 150 194 221 
151 276 190 151 193 16 
152 177 80 152 150 54 
153 29 84 153 96 220 
154 49 13 154 105 192 
155 127 194 155 187 264 
156 201 19 156 251 161 
157 106 214 157 59 146 
158 178 211 158 195 211 
159 102 82 159 21 250 
160 166 257 160 139 257 
161 209 25 161 244 240 
162 52 136 162 208 4 
163 252 64 163 227 125 
164 217 14 164 175 13 
165 205 102 165 110 64 
166 1 27 166 24 2 
167 119 152 167 239 119 
168 107 215 168 54 262 
169 31 24 169 172 100 
170 220 137 170 140 247 
171 65 175 171 10 38 
172 159 118 172 22 102 
173 64 31 173 17 128 
174 158 87 174 238 52 
175 27 100 175 113 217 
176 113 66 176 202 66 
177 236 277 177 266 253 
178 92 192 178 78 95 
179 261 166 179 116 44 
180 240 189 180 190 198 
181 235 125 181 216 270 
182 14 278 182 70 260 
183 43 164 183 264 193 
184 89 26 184 23 272 
185 245 85 185 261 245 
186 239 35 186 259 254 
187 230 36 187 201 204 
188 83 275 188 137 170 
189 167 116 189 95 108 
190 123 38 190 108 135 
191 171 96 191 118 222 
192 76 40 192 9 142 
193 279 188 193 67 69 
194 198 41 194 121 118 
195 75 227 195 77 263 
196 139 34 196 163 234 
197 141 252 197 271 274 
198 54 37 198 28 37 
199 151 241 199 166 242 
200 200 43 200 75 216 
201 8 217 201 198 104 
202 153 245 202 127 210 
203 50 39 203 158 87 
204 51 229 204 86 124 
205 278 47 205 98 96 
206 270 232 206 90 51 
207 256 147 207 232 93 
208 79 262 208 71 130 
209 135 253 209 19 267 
210 211 33 210 101 45 
211 162 178 211 255 178 
212 194 234 212 144 132 
213 204 91 213 134 46 
214 19 51 214 223 50 
215 81 266 215 35 273 
216 120 65 216 80 195 
217 21 263 217 161 68 
218 99 193 218 220 226 
219 260 53 219 40 15 
220 193 90 220 112 200 
221 136 17 221 236 256 
222 225 120 222 11 90 
223 238 89 223 228 228 
224 63 239 224 39 149 
225 55 259 225 155 227 
226 180 151 226 91 7 
227 203 237 227 32 238 
228 268 28 228 99 28 
229 147 139 229 53 41 
230 247 154 230 206 134 
231 93 179 231 68 61 
232 128 58 232 235 205 
233 251 59 233 128 160 
234 232 99 234 248 62 
235 34 103 235 20 196 
236 184 128 236 69 65 
237 229 61 237 257 186 
238 266 62 238 120 39 
239 111 113 239 31 43 
240 206 42 240 26 58 
241 56 240 241 253 180 
242 124 261 242 25 206 
243 5 75 243 174 117 
244 231 93 244 156 275 
245 187 22 245 178 5 
246 80 272 246 160 31 
247 175 57 247 16 177 
248 73 273 248 30 202 
249 87 129 249 74 35 
250 273 78 250 278 131 
251 243 115 251 141 243 
252 265 200 252 263 265 
253 35 16 253 169 1 
254 263 242 254 229 71 
255 156 174 255 148 163 
256 277 258 256 242 277 
257 36 276 257 50 276 
258 168 168 258 87 168 
259 275 171 259 8 269 
260 115 206 260 56 116 
261 7 177 261 58 57 
262 242 130 262 103 153 
263 59 161 263 126 150 
264 24 144 264 45 86 
265 250 207 265 138 249 
266 38 140 266 214 237 
267 134 205 267 85 175 
268 41 156 268 177 197 
269 143 54 269 205 80 
270 82 146 270 200 30 
271 117 12 271 147 40 
272 4 165 272 203 182 
273 137 196 273 276 111 
274 234 270 274 133 167 
275 253 230 275 64 219 
276 121 201 276 262 201 
277 109 197 277 79 203 
278 96 269 278 46 17 
279 94 72 279 279 56 
