***********************************
Experiment parameters:
Experiment results:
Permutations:
I U RANK QCV rand PATH 
1 258 138 1 47 239 
2 124 274 2 186 189 
3 71 205 3 180 100 
4 36 114 4 273 130 
5 227 233 5 176 149 
6 271 13 6 14 259 
7 126 150 7 135 247 
8 262 157 8 167 252 
9 161 105 9 267 159 
10 22 1 10 142 204 
11 173 4 11 234 91 
12 178 84 12 72 175 
13 6 230 13 245 137 
14 266 226 14 57 1 
15 97 5 15 66 193 
16 231 103 16 125 55 
17 18 218 17 207 235 
18 160 29 18 254 184 
19 224 6 19 171 105 
20 16 246 20 104 7 
21 186 151 21 5 197 
22 121 7 22 93 41 
23 25 54 23 65 6 
24 228 276 24 76 243 
25 104 110 25 15 279 
26 177 88 26 52 128 
27 158 101 27 151 188 
28 261 9 28 42 26 
29 27 2 29 185 36 
30 96 21 30 159 223 
31 144 39 31 274 257 
32 241 143 32 265 2 
33 65 183 33 100 87 
34 163 155 34 48 54 
35 54 3 35 217 261 
36 171 194 36 188 151 
37 174 86 37 107 163 
38 221 78 38 13 111 
39 200 135 39 55 13 
40 202 53 40 213 82 
41 85 11 41 199 150 
42 50 247 42 123 166 
43 237 236 43 221 194 
44 15 257 44 191 114 
45 19 225 45 153 59 
46 150 160 46 124 245 
47 207 111 47 183 18 
48 109 142 48 233 203 
49 17 264 49 204 236 
50 217 118 50 215 196 
51 218 163 51 237 72 
52 13 245 52 212 208 
53 46 171 53 37 202 
54 8 277 54 109 94 
55 58 165 55 7 79 
56 42 10 56 249 230 
57 35 231 57 219 225 
58 86 51 58 277 39 
59 153 202 59 43 86 
60 189 85 60 88 146 
61 257 254 61 130 15 
62 110 229 62 252 24 
63 151 238 63 182 27 
64 243 162 64 211 221 
65 275 179 65 268 63 
66 115 260 66 146 134 
67 136 204 67 270 5 
68 209 176 68 114 73 
69 143 15 69 260 64 
70 215 173 70 192 67 
71 208 139 71 132 116 
72 127 244 72 226 155 
73 184 148 73 34 89 
74 267 256 74 129 211 
75 44 227 75 209 270 
76 247 116 76 102 99 
77 91 81 77 184 17 
78 232 121 78 6 241 
79 101 248 79 246 52 
80 49 134 80 33 147 
81 82 42 81 269 179 
82 78 45 82 210 93 
83 172 211 83 115 183 
84 72 74 84 122 172 
85 38 117 85 240 263 
86 47 70 86 143 113 
87 145 55 87 111 216 
88 147 71 88 117 262 
89 103 17 89 152 206 
90 118 119 90 3 107 
91 26 60 91 164 78 
92 197 77 92 63 12 
93 181 122 93 131 265 
94 236 265 94 231 58 
95 273 130 95 44 121 
96 188 273 96 51 220 
97 146 90 97 49 176 
98 69 83 98 189 95 
99 93 47 99 61 33 
100 270 279 100 73 46 
101 48 124 101 62 240 
102 31 177 102 2 277 
103 43 128 103 18 122 
104 219 40 104 106 29 
105 274 166 105 92 92 
106 167 249 106 1 74 
107 57 212 107 36 218 
108 179 46 108 250 232 
109 51 239 109 154 48 
110 81 168 110 29 258 
111 4 275 111 27 81 
112 107 92 112 83 85 
113 129 195 113 258 209 
114 21 181 114 12 268 
115 278 129 115 162 20 
116 33 182 116 181 276 
117 142 109 117 272 53 
118 76 131 118 243 192 
119 253 262 119 256 278 
120 45 33 120 41 249 
121 214 243 121 119 97 
122 134 170 122 179 110 
123 125 23 123 157 234 
124 190 20 124 97 71 
125 23 192 125 60 117 
126 148 197 126 247 84 
127 59 16 127 222 60 
128 260 136 128 145 143 
129 205 217 129 165 156 
130 154 189 130 89 9 
131 140 196 131 136 131 
132 98 219 132 196 125 
133 225 222 133 82 269 
134 211 57 134 224 250 
135 11 145 135 218 142 
136 53 36 136 168 154 
137 198 214 137 4 190 
138 141 50 138 230 112 
139 157 63 139 173 19 
140 139 62 140 170 135 
141 73 68 141 241 224 
142 63 169 142 275 47 
143 116 123 143 225 228 
144 255 255 144 197 201 
145 159 72 145 84 50 
146 152 206 146 94 42 
147 250 115 147 38 267 
148 40 271 148 81 161 
149 230 18 149 149 133 
150 239 97 150 194 274 
151 114 259 151 193 217 
152 162 209 152 150 227 
153 226 22 153 96 145 
154 87 272 154 105 106 
155 138 41 155 187 14 
156 95 269 156 251 144 
157 269 186 157 59 66 
158 80 172 158 195 246 
159 234 235 159 21 69 
160 252 228 160 139 168 
161 112 25 161 244 34 
162 77 73 162 208 139 
163 100 56 163 227 256 
164 64 75 164 175 260 
165 195 185 165 110 242 
166 245 26 166 24 157 
167 254 98 167 239 187 
168 37 216 168 54 170 
169 68 180 169 172 102 
170 264 137 170 140 248 
171 10 30 171 10 165 
172 212 190 172 22 43 
173 201 31 173 17 254 
174 276 94 174 238 23 
175 2 153 175 113 70 
176 204 28 176 202 169 
177 12 164 177 266 10 
178 183 261 178 78 275 
179 168 37 179 116 238 
180 83 152 180 190 62 
181 123 234 181 216 244 
182 272 240 182 70 178 
183 1 126 183 264 174 
184 240 27 184 23 8 
185 55 91 185 261 115 
186 277 34 186 259 136 
187 176 35 187 201 76 
188 122 221 188 137 173 
189 56 102 189 95 191 
190 88 215 190 108 148 
191 206 207 191 118 129 
192 128 38 192 9 44 
193 113 96 193 67 120 
194 268 159 194 121 253 
195 117 113 195 77 138 
196 79 140 196 163 45 
197 41 241 197 271 152 
198 20 87 198 28 195 
199 166 107 199 166 153 
200 84 161 200 75 35 
201 70 93 201 198 207 
202 75 44 202 127 132 
203 263 106 203 158 266 
204 34 224 204 86 51 
205 182 141 205 98 103 
206 248 48 206 90 108 
207 32 200 207 232 38 
208 220 49 208 71 231 
209 249 58 209 19 164 
210 156 82 210 101 205 
211 279 43 211 255 77 
212 210 89 212 144 30 
213 246 14 213 134 199 
214 180 66 214 223 68 
215 187 52 215 35 57 
216 133 184 216 80 22 
217 30 79 217 161 255 
218 265 80 218 220 124 
219 106 133 219 40 101 
220 185 242 220 112 90 
221 213 8 221 236 185 
222 62 251 222 11 233 
223 256 167 223 228 109 
224 233 61 224 39 119 
225 196 19 225 155 98 
226 203 193 226 91 83 
227 130 266 227 32 61 
228 3 278 228 99 251 
229 111 220 229 53 222 
230 149 154 230 206 28 
231 74 174 231 68 219 
232 99 253 232 235 210 
233 105 59 233 128 171 
234 29 69 234 248 167 
235 14 95 235 20 180 
236 175 199 236 69 56 
237 251 158 237 257 88 
238 52 258 238 120 212 
239 102 120 239 31 4 
240 108 267 240 26 213 
241 120 178 241 253 3 
242 66 149 242 25 75 
243 191 32 243 174 177 
244 24 237 244 156 264 
245 28 263 245 178 182 
246 7 64 246 160 37 
247 137 198 247 16 186 
248 229 99 248 30 198 
249 60 268 249 74 229 
250 242 191 250 278 271 
251 238 24 251 141 214 
252 169 208 252 263 126 
253 119 67 253 169 104 
254 199 65 254 229 162 
255 235 12 255 148 215 
256 39 104 256 242 140 
257 155 76 257 50 96 
258 9 132 258 87 127 
259 223 127 259 8 31 
260 132 146 260 56 273 
261 5 270 261 58 25 
262 131 147 262 103 200 
263 89 108 263 126 181 
264 194 144 264 45 123 
265 222 213 265 138 32 
266 135 100 266 214 80 
267 192 201 267 85 21 
268 193 188 268 177 272 
269 165 156 269 205 237 
270 61 187 270 200 11 
271 90 252 271 147 49 
272 92 175 272 203 226 
273 94 210 273 276 40 
274 170 112 274 133 158 
275 67 232 275 64 141 
276 259 125 276 262 160 
277 244 250 277 79 16 
278 164 203 278 46 65 
279 216 223 279 279 118 
