***********************************
Experiment parameters:
Experiment results:
Permutations:
I U RANK QCV rand PATH 
1 263 66 1 47 204 
2 102 272 2 186 229 
3 42 230 3 180 50 
4 49 231 4 273 205 
5 266 219 5 176 17 
6 150 278 6 14 122 
7 156 14 7 135 216 
8 122 11 8 167 279 
9 106 99 9 267 53 
10 214 2 10 142 232 
11 176 266 11 234 168 
12 240 119 12 72 108 
13 2 166 13 245 116 
14 79 203 14 57 156 
15 173 4 15 66 67 
16 84 64 16 125 166 
17 6 217 17 207 80 
18 120 91 18 254 97 
19 170 152 19 171 135 
20 274 69 20 104 61 
21 206 143 21 5 131 
22 251 6 22 93 30 
23 258 128 23 65 160 
24 264 8 24 76 177 
25 56 208 25 15 20 
26 90 87 26 52 210 
27 239 97 27 151 241 
28 184 108 28 42 171 
29 100 1 29 185 190 
30 57 186 30 159 268 
31 182 50 31 274 230 
32 127 250 32 265 206 
33 268 190 33 100 124 
34 276 111 34 48 75 
35 27 9 35 217 39 
36 73 142 36 188 55 
37 190 85 37 107 56 
38 112 114 38 13 76 
39 162 196 39 55 132 
40 167 76 40 213 114 
41 46 210 41 199 197 
42 248 244 42 123 52 
43 83 141 43 221 1 
44 59 88 44 191 223 
45 209 213 45 153 15 
46 50 171 46 124 183 
47 200 181 47 183 167 
48 270 24 48 233 270 
49 107 13 49 204 192 
50 97 70 50 215 10 
51 92 173 51 237 115 
52 174 258 52 212 109 
53 109 154 53 37 44 
54 253 104 54 109 263 
55 188 139 55 7 95 
56 8 116 56 249 103 
57 23 198 57 219 227 
58 32 92 58 277 102 
59 217 195 59 43 121 
60 216 133 60 88 252 
61 64 17 61 130 191 
62 155 218 62 252 71 
63 36 120 63 182 217 
64 142 180 64 211 243 
65 228 107 65 268 82 
66 210 12 66 146 3 
67 191 189 67 270 256 
68 238 183 68 114 27 
69 60 267 69 260 246 
70 222 140 70 192 267 
71 104 247 71 132 247 
72 171 96 72 226 182 
73 67 95 73 34 146 
74 113 146 74 129 117 
75 22 39 75 209 88 
76 3 270 76 102 24 
77 219 145 77 184 90 
78 1 16 78 6 73 
79 35 62 79 246 22 
80 39 130 80 33 172 
81 70 212 81 269 77 
82 7 162 82 210 237 
83 53 153 83 115 145 
84 54 164 84 122 226 
85 15 188 85 240 266 
86 223 127 86 143 16 
87 208 56 87 111 259 
88 199 72 88 117 234 
89 245 18 89 152 101 
90 98 36 90 3 91 
91 88 138 91 164 264 
92 77 10 92 63 32 
93 110 165 93 131 224 
94 193 277 94 231 87 
95 129 248 95 44 31 
96 62 237 96 51 140 
97 132 47 97 49 98 
98 63 211 98 189 36 
99 154 269 99 61 207 
100 175 259 100 73 45 
101 139 172 101 62 215 
102 181 124 102 2 152 
103 11 126 103 18 242 
104 48 35 104 106 138 
105 45 117 105 92 158 
106 103 224 106 1 175 
107 89 52 107 36 126 
108 250 42 108 250 276 
109 215 242 109 154 209 
110 267 46 110 29 89 
111 177 187 111 27 5 
112 252 163 112 83 233 
113 137 15 113 258 202 
114 18 155 114 12 228 
115 235 175 115 162 180 
116 197 177 116 181 235 
117 243 123 117 272 57 
118 82 125 118 243 258 
119 229 241 119 256 173 
120 43 73 120 41 179 
121 96 204 121 119 4 
122 169 159 122 179 245 
123 153 48 123 157 49 
124 16 170 124 97 274 
125 198 49 125 60 48 
126 202 19 126 247 137 
127 133 252 127 222 133 
128 138 233 128 145 195 
129 260 243 129 165 222 
130 9 214 130 89 41 
131 168 106 131 136 176 
132 255 131 132 196 86 
133 58 191 133 82 47 
134 159 158 134 224 58 
135 236 38 135 218 38 
136 241 228 136 168 155 
137 247 58 137 4 174 
138 249 151 138 230 64 
139 205 192 139 173 157 
140 29 275 140 170 96 
141 231 200 141 241 200 
142 152 102 142 275 92 
143 135 150 143 225 149 
144 272 103 144 197 194 
145 85 236 145 84 110 
146 75 83 146 94 163 
147 28 26 147 38 26 
148 273 254 148 81 42 
149 105 43 149 149 153 
150 116 25 150 194 25 
151 144 105 151 193 184 
152 51 134 152 150 144 
153 41 209 153 96 231 
154 234 53 154 105 104 
155 115 98 155 187 154 
156 212 44 156 251 271 
157 21 54 157 59 162 
158 163 220 158 195 255 
159 275 77 159 21 7 
160 140 273 160 139 273 
161 44 225 161 244 6 
162 164 74 162 208 106 
163 26 65 163 227 129 
164 94 75 164 175 198 
165 213 101 165 110 193 
166 227 27 166 24 277 
167 14 29 167 239 72 
168 141 30 168 54 141 
169 218 176 169 172 14 
170 78 136 170 140 65 
171 151 31 171 10 136 
172 19 121 172 22 125 
173 123 51 173 17 79 
174 225 216 174 238 40 
175 124 265 175 113 94 
176 4 238 176 202 238 
177 165 84 177 266 169 
178 99 185 178 78 62 
179 233 194 179 116 123 
180 71 33 180 190 244 
181 183 174 181 216 208 
182 121 34 182 70 8 
183 66 86 183 264 143 
184 254 28 184 23 250 
185 136 157 185 261 99 
186 166 118 186 259 66 
187 179 202 187 201 218 
188 52 90 188 137 201 
189 13 37 189 95 262 
190 207 94 190 108 203 
191 126 149 191 118 127 
192 68 205 192 9 28 
193 194 245 193 67 159 
194 20 40 194 121 147 
195 158 41 195 77 13 
196 72 227 196 163 161 
197 117 264 197 271 35 
198 131 167 198 28 181 
199 10 57 199 166 212 
200 148 256 200 75 33 
201 47 226 201 198 150 
202 259 45 202 127 81 
203 17 71 203 158 219 
204 93 168 204 86 199 
205 237 222 205 98 83 
206 55 132 206 90 248 
207 76 20 207 232 151 
208 279 148 208 71 214 
209 203 169 209 19 70 
210 34 113 210 101 113 
211 230 221 211 255 221 
212 172 232 212 144 278 
213 278 235 213 134 254 
214 12 240 214 223 105 
215 128 257 215 35 9 
216 134 160 216 80 100 
217 180 78 217 161 189 
218 74 79 218 220 261 
219 81 55 219 40 18 
220 108 261 220 112 37 
221 24 89 221 236 253 
222 196 122 222 11 118 
223 69 82 223 228 107 
224 192 279 224 39 54 
225 91 161 225 155 51 
226 244 178 226 91 2 
227 189 251 227 32 272 
228 146 260 228 99 260 
229 149 234 229 53 196 
230 277 156 230 206 225 
231 125 80 231 68 239 
232 242 59 232 235 211 
233 65 61 233 128 257 
234 257 262 234 248 85 
235 157 268 235 20 59 
236 80 63 236 69 165 
237 186 100 237 257 130 
238 211 263 238 120 74 
239 111 115 239 31 111 
240 147 179 240 26 275 
241 232 147 241 253 19 
242 204 197 242 25 34 
243 25 207 243 174 269 
244 187 110 244 156 249 
245 114 276 245 178 186 
246 118 274 246 160 142 
247 226 93 247 16 21 
248 178 67 248 30 148 
249 5 68 249 74 170 
250 262 81 250 278 63 
251 38 109 251 141 164 
252 224 206 252 263 213 
253 195 3 253 169 12 
254 87 23 254 229 23 
255 221 129 255 148 139 
256 261 32 256 242 84 
257 265 60 257 50 60 
258 220 7 258 87 43 
259 86 112 259 8 46 
260 269 135 260 56 265 
261 161 21 261 58 93 
262 256 229 262 103 128 
263 101 182 263 126 69 
264 145 137 264 45 178 
265 160 239 265 138 119 
266 33 184 266 214 251 
267 185 199 267 85 68 
268 31 5 268 177 187 
269 40 144 269 205 134 
270 95 246 270 200 11 
271 119 22 271 147 185 
272 61 271 272 203 78 
273 30 193 273 276 29 
274 246 201 274 133 120 
275 271 215 275 64 188 
276 201 255 276 262 220 
277 143 249 277 79 236 
278 37 253 278 46 112 
279 130 223 279 279 240 
