***********************************
Experiment parameters:
Experiment results:
Permutations:
I U RANK QCV rand PATH 
1 267 165 245 47 193 
2 73 13 170 186 186 
3 205 264 110 180 110 
4 39 252 172 273 203 
5 274 214 98 176 75 
6 260 223 193 14 98 
7 91 173 21 135 116 
8 268 220 69 167 69 
9 13 101 196 267 196 
10 218 2 260 142 217 
11 181 157 184 234 2 
12 25 82 115 72 115 
13 129 216 79 245 79 
14 138 222 266 57 266 
15 246 195 233 66 225 
16 265 27 124 125 124 
17 146 233 201 207 201 
18 79 52 186 254 206 
19 99 5 219 171 55 
20 160 266 166 104 273 
21 157 193 231 5 231 
22 57 6 120 93 166 
23 47 158 5 65 153 
24 102 221 253 76 253 
25 220 137 83 15 83 
26 86 16 146 52 146 
27 98 98 103 151 103 
28 101 231 225 42 224 
29 122 1 243 185 15 
30 52 174 238 159 238 
31 163 91 251 274 251 
32 232 126 32 265 32 
33 208 179 203 100 256 
34 115 255 65 48 60 
35 188 210 77 217 274 
36 120 245 119 188 179 
37 156 84 131 107 39 
38 95 36 66 13 66 
39 145 10 8 55 258 
40 118 66 36 213 36 
41 56 225 81 199 50 
42 8 241 102 123 102 
43 6 141 182 221 182 
44 143 208 53 191 53 
45 153 257 29 153 29 
46 42 108 273 124 80 
47 226 227 227 183 227 
48 187 213 198 233 198 
49 200 258 43 204 43 
50 195 188 212 215 212 
51 243 168 54 237 54 
52 161 228 42 212 42 
53 207 150 197 37 197 
54 9 103 75 109 48 
55 168 88 28 7 28 
56 46 72 46 249 46 
57 96 196 206 219 5 
58 182 178 58 277 58 
59 215 184 31 43 31 
60 214 180 18 88 18 
61 251 207 97 130 97 
62 154 205 161 252 161 
63 186 57 129 182 129 
64 144 144 56 211 221 
65 183 200 142 268 142 
66 121 11 51 146 51 
67 213 182 230 270 230 
68 137 219 181 114 90 
69 89 17 33 260 33 
70 97 247 148 192 148 
71 80 251 91 132 91 
72 110 94 132 226 132 
73 162 250 139 34 139 
74 94 112 250 129 250 
75 196 265 208 209 208 
76 90 147 4 102 4 
77 113 28 12 184 12 
78 4 229 279 6 1 
79 233 260 183 246 183 
80 1 152 265 33 265 
81 178 46 106 269 106 
82 82 71 145 210 145 
83 69 74 37 115 37 
84 258 237 107 122 243 
85 190 122 59 240 229 
86 28 177 114 143 233 
87 93 56 270 111 270 
88 273 70 157 117 127 
89 180 172 236 152 236 
90 202 35 147 3 147 
91 17 63 87 164 87 
92 228 212 20 63 20 
93 259 161 48 131 235 
94 43 273 257 231 257 
95 133 118 228 44 228 
96 71 148 247 51 247 
97 170 240 111 49 111 
98 173 92 221 189 59 
99 216 124 123 61 123 
100 36 15 82 73 82 
101 212 113 9 62 9 
102 147 248 267 2 191 
103 12 116 14 18 172 
104 64 64 64 106 64 
105 211 106 112 92 112 
106 159 24 165 1 165 
107 185 203 44 36 44 
108 84 253 61 250 61 
109 2 183 153 154 151 
110 257 133 133 29 133 
111 106 3 216 27 216 
112 194 270 95 83 95 
113 222 181 239 258 239 
114 269 211 261 12 261 
115 35 68 226 162 226 
116 136 269 104 181 104 
117 227 198 213 272 213 
118 234 164 16 243 16 
119 230 224 187 256 187 
120 266 111 40 41 40 
121 111 243 24 119 24 
122 62 263 26 179 26 
123 140 163 13 157 13 
124 210 73 50 97 252 
125 75 215 6 60 67 
126 74 187 223 247 223 
127 261 18 180 222 180 
128 24 162 218 145 218 
129 31 236 101 165 101 
130 127 149 229 89 156 
131 191 256 15 136 34 
132 87 131 41 196 41 
133 5 97 240 82 240 
134 58 277 192 224 192 
135 235 125 125 218 125 
136 72 261 211 168 211 
137 240 120 137 4 137 
138 142 38 27 230 27 
139 172 170 232 173 126 
140 33 8 94 170 94 
141 264 136 136 241 136 
142 238 89 178 275 178 
143 103 23 85 225 22 
144 250 86 49 197 49 
145 277 192 277 84 277 
146 253 262 262 94 143 
147 167 105 105 38 105 
148 139 275 19 81 19 
149 199 110 264 149 264 
150 61 87 121 194 121 
151 10 226 276 193 276 
152 270 244 167 150 167 
153 23 235 135 96 195 
154 201 239 57 105 57 
155 174 209 68 187 68 
156 224 197 217 251 150 
157 151 145 71 59 71 
158 107 268 268 195 268 
159 223 37 86 21 86 
160 22 271 271 139 271 
161 26 25 134 244 25 
162 7 130 237 208 108 
163 134 65 10 227 10 
164 15 156 224 175 117 
165 130 102 199 110 159 
166 279 155 80 24 114 
167 50 117 175 239 14 
168 3 218 235 54 259 
169 108 166 109 172 56 
170 114 171 202 140 157 
171 34 29 67 10 119 
172 236 119 252 22 177 
173 38 30 128 17 65 
174 128 259 258 238 6 
175 14 14 149 113 109 
176 150 140 140 202 140 
177 184 246 204 266 204 
178 81 75 195 78 176 
179 63 4 52 116 52 
180 55 31 274 190 260 
181 204 93 174 216 21 
182 198 32 108 70 73 
183 245 146 191 264 135 
184 109 127 241 23 113 
185 175 109 214 261 232 
186 239 34 78 259 214 
187 166 22 35 201 35 
188 20 12 73 137 120 
189 30 176 130 95 130 
190 49 190 278 108 170 
191 165 76 259 118 92 
192 65 128 256 9 77 
193 247 26 263 67 263 
194 152 232 126 121 8 
195 117 41 150 77 81 
196 78 39 23 163 210 
197 254 121 63 271 63 
198 192 45 45 28 45 
199 67 49 25 166 202 
200 59 42 34 75 163 
201 27 43 171 198 107 
202 119 44 248 127 194 
203 135 77 194 158 118 
204 149 107 210 86 237 
205 164 48 138 98 138 
206 193 99 60 90 219 
207 77 83 38 232 38 
208 123 50 164 71 164 
209 125 204 188 19 188 
210 66 58 89 101 89 
211 104 62 62 255 62 
212 116 175 176 144 173 
213 45 9 30 134 199 
214 11 153 127 223 174 
215 124 191 99 35 278 
216 217 54 22 80 99 
217 44 78 177 161 30 
218 241 151 159 220 181 
219 262 55 55 40 70 
220 229 267 144 112 248 
221 126 154 154 236 154 
222 132 272 113 11 262 
223 177 167 200 228 200 
224 51 33 220 39 220 
225 29 104 118 155 128 
226 169 169 169 91 169 
227 100 186 215 32 215 
228 244 185 185 99 185 
229 276 143 117 53 245 
230 171 160 163 206 279 
231 92 80 116 68 149 
232 225 59 156 235 175 
233 275 61 173 128 78 
234 237 60 39 248 84 
235 131 95 1 20 134 
236 19 238 275 69 275 
237 40 85 90 257 272 
238 256 90 92 120 131 
239 155 114 179 31 171 
240 18 40 143 26 267 
241 252 159 160 253 160 
242 21 134 272 25 85 
243 197 123 72 174 72 
244 148 96 74 156 74 
245 85 274 141 178 141 
246 203 279 151 160 122 
247 112 7 100 16 100 
248 271 135 122 30 23 
249 16 67 84 74 144 
250 272 81 155 278 155 
251 278 115 2 141 241 
252 70 217 76 263 76 
253 242 100 11 169 11 
254 158 202 96 229 96 
255 209 21 93 148 93 
256 231 20 246 242 246 
257 53 47 47 50 47 
258 48 242 242 87 242 
259 32 234 249 8 249 
260 105 129 168 56 168 
261 88 51 7 58 7 
262 249 206 158 103 158 
263 189 132 209 126 209 
264 60 138 205 45 205 
265 255 230 255 138 255 
266 83 276 207 214 207 
267 221 199 269 85 269 
268 206 189 3 177 3 
269 68 142 244 205 244 
270 41 69 17 200 17 
271 37 278 162 147 162 
272 248 19 190 203 190 
273 176 194 222 276 222 
274 179 139 88 133 88 
275 263 201 70 64 184 
276 141 254 254 262 254 
277 54 79 189 79 189 
278 219 249 234 46 234 
279 76 53 152 279 152 
