***********************************
Experiment parameters:
Experiment results:
Permutations:
I U RANK QCV rand PATH 
1 236 101 230 47 26 
2 242 42 213 186 91 
3 17 207 217 180 217 
4 90 213 235 273 100 
5 249 55 249 176 249 
6 47 126 26 14 42 
7 130 87 130 135 130 
8 219 104 219 167 219 
9 239 180 239 267 239 
10 109 172 183 142 183 
11 19 6 19 234 19 
12 32 218 32 72 32 
13 120 119 120 245 120 
14 183 9 214 57 214 
15 124 79 155 66 124 
16 131 144 131 125 131 
17 10 222 10 207 10 
18 53 40 236 254 48 
19 259 110 259 171 259 
20 26 242 36 104 52 
21 139 109 139 5 139 
22 72 235 163 93 53 
23 267 23 267 65 267 
24 99 270 99 76 99 
25 127 262 127 15 127 
26 226 20 226 52 226 
27 218 129 218 151 218 
28 155 142 124 42 155 
29 167 10 167 185 167 
30 268 153 268 159 268 
31 179 210 179 274 179 
32 80 127 80 265 80 
33 198 46 198 100 198 
34 36 245 40 48 61 
35 272 148 272 217 272 
36 83 237 83 188 83 
37 135 186 135 107 135 
38 82 72 82 13 82 
39 20 173 20 55 20 
40 29 179 29 213 29 
41 21 233 21 199 21 
42 279 115 279 123 279 
43 158 67 158 221 158 
44 217 22 17 191 17 
45 234 123 234 153 234 
46 225 247 225 124 225 
47 262 30 262 183 262 
48 11 11 11 233 11 
49 150 61 42 204 78 
50 199 111 199 215 199 
51 238 238 238 237 238 
52 105 197 105 212 105 
53 60 214 60 37 60 
54 151 199 151 109 151 
55 9 239 9 7 9 
56 14 14 14 249 14 
57 78 78 48 219 90 
58 111 91 111 277 111 
59 215 73 215 43 215 
60 69 195 69 88 69 
61 162 112 162 130 162 
62 244 124 244 252 244 
63 169 254 169 182 169 
64 254 265 254 211 254 
65 278 158 278 268 278 
66 41 141 41 146 41 
67 8 258 8 270 8 
68 252 130 252 114 252 
69 75 230 242 260 101 
70 24 82 24 192 24 
71 197 137 197 132 197 
72 49 155 49 226 49 
73 44 4 44 34 44 
74 132 228 132 129 132 
75 266 131 266 209 266 
76 204 174 204 102 204 
77 184 159 184 184 184 
78 18 204 18 6 18 
79 85 132 85 246 85 
80 261 225 261 33 261 
81 233 170 233 269 233 
82 126 236 52 210 102 
83 153 7 153 115 153 
84 46 223 46 122 46 
85 50 43 50 240 50 
86 205 143 205 143 205 
87 263 17 263 111 263 
88 178 69 178 117 178 
89 147 168 147 152 147 
90 157 229 157 3 157 
91 67 184 67 164 67 
92 223 224 223 63 223 
93 216 92 216 131 216 
94 154 221 154 231 154 
95 122 63 122 44 122 
96 148 162 148 51 148 
97 98 98 98 49 98 
98 277 178 277 189 277 
99 102 53 53 61 106 
100 270 273 270 73 270 
101 7 120 7 62 7 
102 211 188 257 2 211 
103 123 56 123 18 123 
104 171 96 171 106 171 
105 136 240 240 92 126 
106 253 253 253 1 253 
107 63 1 63 36 63 
108 48 260 61 250 136 
109 87 149 87 154 87 
110 12 256 12 29 12 
111 161 139 161 27 161 
112 227 259 227 83 227 
113 152 276 152 258 152 
114 91 118 100 12 36 
115 37 51 37 162 37 
116 30 18 30 181 30 
117 275 267 275 272 275 
118 146 76 146 243 146 
119 23 275 23 256 23 
120 76 134 76 41 76 
121 57 29 57 119 57 
122 100 151 91 179 40 
123 248 266 248 157 248 
124 142 33 142 97 116 
125 45 255 45 60 45 
126 39 198 39 247 39 
127 16 99 16 222 16 
128 232 192 232 145 232 
129 273 146 273 165 273 
130 257 234 211 89 257 
131 116 244 116 136 142 
132 246 185 246 196 246 
133 133 251 133 82 133 
134 129 32 129 224 129 
135 52 136 78 218 150 
136 22 263 22 168 22 
137 173 193 173 4 173 
138 88 34 88 230 88 
139 128 13 128 173 128 
140 58 117 58 170 58 
141 1 54 1 241 1 
142 220 200 220 275 220 
143 103 50 103 225 103 
144 5 201 5 197 5 
145 195 206 195 84 195 
146 62 5 62 94 62 
147 190 190 190 38 190 
148 70 70 70 81 70 
149 79 47 79 149 79 
150 35 35 35 194 35 
151 96 171 96 193 96 
152 207 257 207 150 207 
153 241 154 241 96 241 
154 194 103 194 105 194 
155 71 208 71 187 71 
156 125 145 125 251 125 
157 258 94 258 59 258 
158 166 209 166 195 166 
159 77 57 77 21 77 
160 172 15 172 139 172 
161 192 16 192 244 192 
162 114 191 114 208 114 
163 54 122 54 227 54 
164 86 215 86 175 86 
165 191 114 191 110 191 
166 170 89 170 24 170 
167 74 74 74 239 74 
168 13 138 13 54 13 
169 145 125 145 172 145 
170 51 152 51 140 51 
171 143 219 143 10 143 
172 237 189 237 22 237 
173 165 212 165 17 165 
174 81 81 81 238 81 
175 231 277 231 113 231 
176 106 52 260 202 156 
177 101 36 101 266 163 
178 182 71 182 78 182 
179 66 86 66 116 66 
180 224 203 224 190 224 
181 94 8 94 216 94 
182 134 108 134 70 134 
183 209 84 209 264 209 
184 203 181 203 23 203 
185 174 243 174 261 174 
186 73 27 73 259 73 
187 202 279 202 201 202 
188 95 75 95 137 95 
189 84 97 84 95 84 
190 33 116 33 108 33 
191 3 227 3 118 3 
192 255 37 255 9 255 
193 251 202 251 67 251 
194 108 62 108 121 108 
195 193 66 193 77 193 
196 185 246 185 163 185 
197 34 60 34 271 34 
198 56 272 56 28 56 
199 247 135 247 166 247 
200 243 83 243 75 243 
201 107 113 107 198 107 
202 42 95 75 127 75 
203 159 182 159 158 159 
204 61 252 168 86 168 
205 6 194 6 98 6 
206 222 161 222 90 222 
207 141 28 141 232 141 
208 250 165 250 71 250 
209 31 31 31 19 31 
210 264 264 264 101 264 
211 144 2 144 255 256 
212 27 261 27 144 27 
213 117 58 117 134 117 
214 93 93 93 223 93 
215 229 177 229 35 229 
216 265 169 265 80 265 
217 200 220 200 161 200 
218 187 160 187 220 187 
219 175 175 175 40 175 
220 92 100 92 112 92 
221 201 39 201 236 201 
222 43 166 43 11 43 
223 208 19 208 228 208 
224 25 49 25 39 25 
225 271 45 271 155 271 
226 210 102 102 91 213 
227 156 106 106 32 230 
228 55 107 55 99 55 
229 276 241 276 53 276 
230 68 68 68 206 68 
231 64 64 64 68 64 
232 112 25 112 235 112 
233 212 271 212 128 212 
234 163 85 228 248 228 
235 115 133 115 20 115 
236 113 249 113 69 113 
237 230 105 210 257 210 
238 40 183 72 120 72 
239 235 150 245 31 235 
240 186 226 186 26 186 
241 274 274 274 253 274 
242 240 48 126 25 236 
243 59 176 59 174 59 
244 89 21 89 156 89 
245 206 3 206 178 206 
246 228 90 136 160 240 
247 160 187 160 16 160 
248 214 77 109 30 109 
249 149 12 149 74 149 
250 110 38 110 278 110 
251 180 88 180 141 180 
252 4 211 4 263 4 
253 221 250 221 169 221 
254 97 278 97 229 97 
255 196 196 196 148 196 
256 269 269 269 242 269 
257 140 24 140 50 140 
258 181 232 181 87 181 
259 121 121 121 8 121 
260 213 156 90 56 242 
261 177 41 177 58 177 
262 138 128 138 103 138 
263 104 231 104 126 104 
264 188 217 188 45 188 
265 28 80 28 138 28 
266 15 140 15 214 15 
267 245 26 150 85 245 
268 176 59 176 177 176 
269 164 147 164 205 164 
270 118 216 118 200 118 
271 137 167 137 147 137 
272 168 44 47 203 47 
273 260 163 156 276 260 
274 189 157 189 133 189 
275 38 248 38 64 38 
276 256 164 256 262 144 
277 2 205 2 79 2 
278 119 268 119 46 119 
279 65 65 65 279 65 
