***********************************
Experiment parameters:
Experiment results:
Permutations:
I U RANK QCV rand PATH 
1 275 169 40 47 40 
2 137 35 15 186 15 
3 100 161 232 180 232 
4 39 236 18 273 219 
5 160 212 185 176 3 
6 40 207 215 14 215 
7 59 170 51 135 129 
8 231 244 235 167 235 
9 35 97 277 267 277 
10 208 196 177 142 135 
11 16 3 129 234 245 
12 63 248 114 72 87 
13 268 273 199 245 199 
14 134 191 248 57 248 
15 223 4 79 66 270 
16 57 109 38 125 38 
17 101 200 206 207 206 
18 67 260 22 254 22 
19 274 5 3 171 30 
20 88 67 39 104 39 
21 13 147 151 5 151 
22 95 6 64 93 137 
23 145 214 261 65 51 
24 171 105 237 76 237 
25 244 218 156 15 156 
26 70 85 198 52 57 
27 91 99 139 151 139 
28 141 164 270 42 261 
29 23 2 2 185 144 
30 189 166 276 159 276 
31 117 190 60 274 60 
32 258 205 234 265 234 
33 125 171 58 100 141 
34 87 81 75 48 48 
35 108 213 52 217 47 
36 178 142 30 188 185 
37 207 82 16 107 16 
38 96 264 264 13 264 
39 246 11 263 55 68 
40 71 159 241 213 241 
41 241 12 178 199 275 
42 21 249 200 123 200 
43 33 137 87 221 194 
44 159 1 204 191 204 
45 221 184 50 153 50 
46 203 10 227 124 59 
47 52 45 233 183 233 
48 76 44 1 233 1 
49 36 270 33 204 165 
50 22 209 192 215 122 
51 51 16 13 237 13 
52 43 210 126 212 126 
53 142 111 243 37 243 
54 156 104 147 109 184 
55 81 108 218 7 218 
56 46 38 267 249 267 
57 19 46 76 219 76 
58 218 258 220 277 220 
59 103 194 253 43 253 
60 144 86 123 88 123 
61 110 188 153 130 153 
62 162 33 194 252 231 
63 48 51 134 182 134 
64 214 222 48 211 12 
65 230 36 54 268 54 
66 225 41 113 146 113 
67 120 178 5 270 5 
68 4 157 117 114 93 
69 210 14 14 260 14 
70 256 235 120 192 120 
71 83 232 161 132 161 
72 12 155 180 226 180 
73 161 189 124 34 124 
74 243 116 23 129 23 
75 56 20 70 209 70 
76 237 224 20 102 20 
77 9 28 216 184 216 
78 112 173 173 6 147 
79 55 246 122 246 192 
80 136 70 136 33 136 
81 80 267 103 269 103 
82 66 241 77 210 77 
83 18 271 29 115 29 
84 226 227 130 122 178 
85 20 118 81 240 100 
86 184 259 188 143 138 
87 119 237 236 111 236 
88 128 226 202 117 229 
89 222 127 213 152 115 
90 98 136 150 3 150 
91 217 69 250 164 250 
92 82 122 133 63 133 
93 196 117 231 131 62 
94 132 277 186 231 186 
95 25 165 169 44 169 
96 238 77 159 51 159 
97 253 55 106 49 106 
98 99 229 47 189 157 
99 191 19 43 61 43 
100 177 9 71 73 71 
101 216 228 4 62 4 
102 6 112 99 2 130 
103 260 114 179 18 104 
104 257 255 255 106 255 
105 271 23 116 92 116 
106 1 239 110 1 110 
107 232 195 164 36 164 
108 154 245 128 250 166 
109 247 71 89 154 240 
110 175 203 175 29 175 
111 187 199 42 27 42 
112 123 88 228 83 228 
113 54 181 191 258 191 
114 89 256 91 12 91 
115 38 80 74 162 74 
116 224 18 66 181 66 
117 183 150 44 272 44 
118 261 254 143 243 81 
119 242 242 242 256 242 
120 277 92 55 41 55 
121 164 230 118 119 18 
122 122 162 140 179 140 
123 138 25 35 157 35 
124 114 160 184 97 75 
125 7 153 146 60 25 
126 197 179 212 247 212 
127 165 123 86 222 86 
128 151 126 171 145 171 
129 74 238 195 165 195 
130 10 89 10 89 114 
131 49 208 208 136 128 
132 73 135 73 196 73 
133 31 49 24 82 24 
134 194 183 189 224 189 
135 236 63 256 218 63 
136 248 91 63 168 256 
137 239 53 72 4 72 
138 168 103 211 230 211 
139 68 174 78 173 78 
140 278 172 96 170 112 
141 86 177 245 241 177 
142 172 220 258 275 258 
143 148 115 182 225 179 
144 200 17 273 197 273 
145 147 84 217 84 217 
146 182 182 138 94 173 
147 133 247 247 38 247 
148 28 276 205 81 205 
149 233 168 168 149 168 
150 72 21 83 194 83 
151 199 24 80 193 80 
152 109 83 21 150 21 
153 185 148 132 96 132 
154 209 253 196 105 196 
155 204 243 172 187 172 
156 157 96 111 251 111 
157 206 120 266 59 266 
158 180 257 95 195 95 
159 129 29 271 21 271 
160 250 8 8 139 8 
161 228 219 125 244 125 
162 259 167 207 208 52 
163 188 269 210 227 210 
164 90 73 149 175 149 
165 64 101 181 110 181 
166 265 26 221 24 221 
167 106 27 238 239 238 
168 65 138 82 54 82 
169 215 139 170 172 170 
170 127 125 251 140 251 
171 78 141 176 10 176 
172 30 149 101 22 148 
173 139 30 249 17 117 
174 79 90 201 238 201 
175 267 252 32 113 31 
176 234 145 145 202 145 
177 255 94 7 266 7 
178 273 234 127 78 127 
179 53 22 260 116 260 
180 34 31 11 190 101 
181 113 156 269 216 269 
182 24 32 46 70 46 
183 176 272 97 264 97 
184 149 240 68 23 259 
185 249 87 26 261 26 
186 5 187 121 259 121 
187 45 121 25 201 174 
188 155 56 28 137 28 
189 152 146 152 95 2 
190 269 143 57 108 193 
191 211 75 90 118 90 
192 193 39 166 9 11 
193 212 140 162 67 162 
194 105 40 141 121 146 
195 235 221 104 77 33 
196 32 34 65 163 182 
197 186 250 69 271 69 
198 26 233 45 28 45 
199 104 72 37 166 37 
200 201 231 6 75 249 
201 102 152 193 198 65 
202 174 201 88 127 85 
203 143 98 160 158 265 
204 11 263 115 86 227 
205 251 251 137 98 96 
206 272 47 59 90 202 
207 266 211 17 232 17 
208 146 50 219 71 58 
209 198 7 209 19 209 
210 126 278 278 101 278 
211 264 163 163 255 163 
212 85 48 92 144 143 
213 150 93 165 134 10 
214 75 265 98 223 207 
215 181 52 265 35 213 
216 166 206 223 80 223 
217 170 76 93 161 67 
218 213 185 135 220 61 
219 229 102 112 40 222 
220 27 193 31 112 198 
221 61 175 203 236 203 
222 58 130 148 11 98 
223 97 131 36 228 36 
224 41 60 190 39 190 
225 158 57 105 155 6 
226 29 279 167 91 167 
227 84 15 49 32 49 
228 169 107 107 99 107 
229 140 132 222 53 34 
230 279 144 174 206 118 
231 118 78 240 68 89 
232 270 58 259 235 160 
233 219 158 62 128 79 
234 173 59 34 248 32 
235 254 100 144 20 64 
236 2 62 142 69 142 
237 240 61 157 257 263 
238 227 68 100 120 99 
239 252 186 12 31 208 
240 135 74 85 26 92 
241 15 13 252 253 252 
242 163 215 229 25 88 
243 107 43 131 174 131 
244 130 217 56 156 56 
245 262 268 230 178 230 
246 50 275 61 160 102 
247 192 274 154 16 154 
248 60 65 102 30 105 
249 69 66 254 74 254 
250 263 79 268 278 268 
251 47 110 275 141 152 
252 190 192 279 263 279 
253 245 113 67 169 188 
254 94 37 19 229 19 
255 131 134 53 148 53 
256 124 133 262 242 94 
257 3 119 119 50 119 
258 77 225 225 87 225 
259 179 197 94 8 262 
260 14 128 187 56 187 
261 62 106 274 58 274 
262 44 129 224 103 224 
263 111 180 155 126 155 
264 115 64 246 45 246 
265 93 223 239 138 239 
266 121 154 41 214 41 
267 202 198 226 85 226 
268 276 42 183 177 183 
269 92 54 109 205 109 
270 116 266 244 200 244 
271 37 261 9 147 9 
272 17 151 27 203 27 
273 153 176 272 276 272 
274 205 124 108 133 108 
275 195 202 158 64 158 
276 8 95 257 262 257 
277 220 216 84 79 84 
278 42 262 197 46 197 
279 167 204 214 279 214 
