***********************************
Experiment parameters:
Experiment results:
Permutations:
I U RANK QCV rand PATH 
1 247 128 216 47 17 
2 259 138 174 186 85 
3 102 82 102 180 102 
4 176 267 15 273 193 
5 161 98 161 176 161 
6 15 226 17 14 201 
7 91 77 91 135 91 
8 51 207 51 167 51 
9 182 48 182 267 182 
10 29 219 46 142 46 
11 39 66 39 234 39 
12 26 87 26 72 26 
13 224 169 224 245 224 
14 17 254 29 57 29 
15 93 28 93 66 164 
16 203 134 203 125 203 
17 238 266 238 207 238 
18 14 234 22 254 23 
19 156 78 156 171 156 
20 22 247 25 104 118 
21 52 241 52 5 52 
22 36 68 226 93 221 
23 165 39 165 65 165 
24 223 112 223 76 223 
25 88 151 88 15 88 
26 252 115 252 52 252 
27 33 104 33 151 33 
28 164 142 164 42 93 
29 181 123 181 185 181 
30 12 38 12 159 12 
31 222 160 222 274 222 
32 268 161 268 265 268 
33 204 58 204 100 204 
34 43 131 187 48 68 
35 166 164 166 217 166 
36 98 232 98 188 98 
37 44 178 44 107 44 
38 75 103 75 13 75 
39 178 34 178 55 178 
40 117 46 117 213 117 
41 236 197 236 199 236 
42 194 167 194 123 194 
43 168 183 168 221 168 
44 260 166 260 191 260 
45 125 171 125 153 125 
46 74 148 74 124 74 
47 274 88 274 183 274 
48 18 18 18 233 18 
49 187 90 36 204 69 
50 19 19 19 215 19 
51 232 124 232 237 232 
52 241 259 241 212 241 
53 60 182 60 37 60 
54 129 65 129 109 129 
55 180 217 180 7 180 
56 109 109 109 249 109 
57 84 69 43 219 84 
58 197 262 197 277 197 
59 211 71 211 43 211 
60 190 190 190 88 190 
61 195 8 195 130 195 
62 82 162 82 252 82 
63 189 222 189 182 189 
64 225 238 225 211 225 
65 242 61 242 268 242 
66 209 248 209 146 209 
67 122 196 122 270 122 
68 213 106 213 114 213 
69 25 43 176 260 90 
70 13 243 13 192 13 
71 275 97 275 132 275 
72 121 35 121 226 121 
73 45 37 45 34 45 
74 97 180 97 129 97 
75 106 184 106 209 106 
76 149 54 149 102 149 
77 215 215 215 184 215 
78 67 233 67 6 67 
79 95 206 95 246 95 
80 34 211 34 33 34 
81 139 23 139 269 139 
82 49 49 49 210 113 
83 253 6 253 115 253 
84 41 108 41 122 41 
85 61 201 61 240 61 
86 77 111 77 143 77 
87 135 195 135 111 135 
88 59 51 59 117 59 
89 99 177 99 152 99 
90 101 214 101 3 101 
91 201 245 201 164 25 
92 221 110 221 63 36 
93 202 107 202 131 202 
94 56 57 56 231 56 
95 9 199 9 44 9 
96 271 102 271 51 271 
97 2 2 2 49 2 
98 137 143 137 189 137 
99 113 187 68 61 128 
100 140 273 140 73 140 
101 248 101 248 62 248 
102 212 271 119 2 119 
103 50 260 50 18 50 
104 100 55 100 106 100 
105 68 216 154 92 131 
106 276 276 276 1 276 
107 251 9 251 36 251 
108 69 15 234 250 132 
109 78 59 78 154 78 
110 150 136 150 29 150 
111 206 95 206 27 206 
112 21 228 21 83 21 
113 200 62 200 258 200 
114 23 129 23 12 49 
115 42 100 42 162 42 
116 24 24 24 181 24 
117 249 165 249 272 249 
118 120 263 120 243 120 
119 245 192 245 256 245 
120 108 133 108 41 108 
121 146 117 146 119 146 
122 118 144 118 179 43 
123 207 265 207 157 207 
124 37 237 37 97 37 
125 32 240 32 60 32 
126 155 175 155 247 155 
127 269 120 269 222 269 
128 112 155 112 145 112 
129 133 140 133 165 133 
130 119 121 212 89 212 
131 162 20 162 136 162 
132 124 191 124 196 124 
133 127 213 127 82 127 
134 87 146 87 224 87 
135 138 147 69 218 138 
136 35 50 35 168 35 
137 148 186 148 4 148 
138 254 75 254 230 254 
139 86 152 86 173 86 
140 81 126 81 170 81 
141 159 159 159 241 159 
142 193 193 193 275 22 
143 173 72 173 225 173 
144 258 204 258 197 258 
145 83 205 83 84 83 
146 110 114 110 94 110 
147 85 220 85 38 15 
148 64 64 64 81 64 
149 105 125 105 149 105 
150 266 10 266 194 266 
151 55 42 55 193 55 
152 171 1 171 150 171 
153 47 56 47 96 47 
154 66 173 66 105 66 
155 218 242 218 187 218 
156 63 198 63 251 63 
157 96 40 96 59 96 
158 80 246 80 195 80 
159 243 13 243 21 243 
160 7 255 7 139 7 
161 175 221 175 244 175 
162 62 47 62 208 62 
163 199 251 199 227 199 
164 16 272 16 175 16 
165 270 239 270 110 270 
166 107 118 107 24 107 
167 229 229 229 239 229 
168 73 86 73 54 73 
169 4 4 4 172 4 
170 158 270 158 140 158 
171 11 137 11 10 11 
172 169 209 169 22 169 
173 172 264 172 17 172 
174 210 210 210 238 210 
175 143 279 143 113 143 
176 147 17 247 202 147 
177 160 154 84 266 154 
178 72 249 72 78 72 
179 231 256 231 116 231 
180 58 208 58 190 58 
181 40 96 40 216 40 
182 153 153 153 70 153 
183 192 157 192 264 192 
184 94 41 94 23 94 
185 191 224 191 261 191 
186 89 76 89 259 89 
187 228 244 228 201 228 
188 186 89 186 137 186 
189 92 92 92 95 92 
190 20 135 20 108 20 
191 167 156 167 118 167 
192 250 32 250 9 250 
193 265 11 265 67 265 
194 114 94 114 121 114 
195 256 141 256 77 256 
196 151 227 151 163 151 
197 261 7 261 271 261 
198 1 79 1 28 1 
199 115 252 115 166 115 
200 170 185 170 75 170 
201 214 268 214 198 214 
202 46 231 272 127 272 
203 230 3 230 158 230 
204 279 83 279 86 279 
205 183 80 183 98 183 
206 48 33 48 90 48 
207 6 70 6 232 6 
208 264 172 264 71 264 
209 27 145 27 19 27 
210 152 278 152 101 152 
211 111 150 111 255 111 
212 141 44 141 144 141 
213 126 81 126 134 126 
214 198 63 198 223 198 
215 70 67 70 35 70 
216 123 181 123 80 123 
217 235 235 235 161 235 
218 163 85 163 220 163 
219 277 230 277 40 277 
220 28 139 262 112 262 
221 263 258 263 236 263 
222 157 218 157 11 157 
223 3 168 3 228 3 
224 79 119 79 39 79 
225 239 30 239 155 239 
226 132 132 90 91 174 
227 219 174 113 32 176 
228 185 170 185 99 185 
229 30 250 30 53 30 
230 273 269 273 206 273 
231 57 5 57 68 57 
232 142 105 142 235 142 
233 5 200 5 128 5 
234 154 14 160 248 160 
235 116 91 116 20 116 
236 54 253 54 69 54 
237 174 26 259 257 259 
238 272 52 219 120 219 
239 216 22 267 31 187 
240 76 74 76 26 76 
241 10 29 10 253 10 
242 226 36 147 25 216 
243 188 257 188 174 188 
244 144 202 144 156 144 
245 130 194 130 178 130 
246 128 176 138 160 226 
247 220 163 220 16 220 
248 217 60 217 30 217 
249 31 203 31 74 31 
250 134 116 134 278 134 
251 131 261 14 141 14 
252 237 45 237 263 237 
253 240 158 240 169 240 
254 246 277 246 229 246 
255 179 179 179 148 179 
256 196 122 196 242 196 
257 103 275 103 50 103 
258 208 223 208 87 208 
259 71 16 71 8 71 
260 262 25 128 56 234 
261 233 27 233 58 233 
262 278 73 278 103 278 
263 184 127 184 126 184 
264 8 212 8 45 8 
265 227 274 227 138 227 
266 255 189 255 214 255 
267 267 84 131 85 247 
268 257 188 257 177 257 
269 244 21 244 205 244 
270 65 236 65 200 65 
271 104 225 104 147 104 
272 90 93 28 203 28 
273 234 113 132 276 267 
274 53 149 53 133 53 
275 136 31 136 64 136 
276 205 130 205 262 205 
277 177 99 177 79 177 
278 145 53 145 46 145 
279 38 12 38 279 38 
