***********************************
Experiment parameters:
Experiment results:
Permutations:
I U RANK QCV rand PATH 
1 257 123 1 47 129 
2 71 72 2 186 90 
3 85 279 3 180 198 
4 33 93 4 273 131 
5 172 275 5 176 132 
6 39 60 6 14 103 
7 163 175 7 135 76 
8 174 190 8 167 277 
9 189 99 9 267 209 
10 14 2 10 142 231 
11 73 203 11 234 265 
12 52 81 12 72 22 
13 87 69 13 245 155 
14 18 216 14 57 42 
15 192 4 15 66 8 
16 81 29 16 125 278 
17 114 54 17 207 230 
18 157 3 18 254 262 
19 154 5 19 171 68 
20 45 140 20 104 60 
21 125 147 21 5 203 
22 66 6 22 93 24 
23 197 30 23 65 100 
24 53 229 24 76 252 
25 259 127 25 15 237 
26 128 86 26 52 120 
27 253 95 27 151 213 
28 133 8 28 42 89 
29 106 1 29 185 148 
30 162 178 30 159 92 
31 80 7 31 274 7 
32 40 131 32 265 254 
33 223 22 33 100 94 
34 68 172 34 48 37 
35 74 76 35 217 134 
36 120 139 36 188 229 
37 22 238 37 107 116 
38 206 63 38 13 63 
39 221 259 39 55 233 
40 111 121 40 213 225 
41 198 176 41 199 150 
42 177 242 42 123 178 
43 194 211 43 221 222 
44 156 227 44 191 153 
45 130 245 45 153 98 
46 187 170 46 124 137 
47 201 33 47 183 171 
48 51 223 48 233 51 
49 193 219 49 204 57 
50 239 10 50 215 44 
51 149 21 51 237 152 
52 112 228 52 212 6 
53 34 135 53 37 145 
54 270 268 54 109 12 
55 37 13 55 7 136 
56 46 50 56 249 46 
57 50 249 57 219 168 
58 200 235 58 277 232 
59 49 199 59 43 21 
60 109 11 60 88 67 
61 216 188 61 130 72 
62 268 209 62 252 105 
63 107 62 63 182 123 
64 47 141 64 211 95 
65 134 221 65 268 122 
66 250 173 66 146 201 
67 178 184 67 270 160 
68 184 14 68 114 170 
69 181 70 69 260 196 
70 72 146 70 192 202 
71 147 38 71 132 38 
72 65 186 72 226 135 
73 100 166 73 34 264 
74 97 261 74 129 166 
75 121 153 75 209 169 
76 64 169 76 102 223 
77 60 138 77 184 73 
78 62 15 78 6 125 
79 79 226 79 246 91 
80 148 51 80 33 167 
81 42 46 81 269 182 
82 180 225 82 210 121 
83 258 174 83 115 74 
84 265 192 84 122 205 
85 186 120 85 240 139 
86 226 68 86 143 156 
87 183 55 87 111 183 
88 222 159 88 117 207 
89 272 148 89 152 271 
90 38 262 90 3 52 
91 155 208 91 164 208 
92 56 44 92 63 258 
93 54 113 93 131 114 
94 16 18 94 231 185 
95 118 116 95 44 248 
96 169 202 96 51 146 
97 1 266 97 49 17 
98 143 197 98 189 211 
99 254 182 99 61 29 
100 167 19 100 73 32 
101 233 109 101 62 28 
102 247 204 102 2 26 
103 224 115 103 18 117 
104 108 200 104 106 181 
105 279 53 105 92 261 
106 88 243 106 1 247 
107 30 183 107 36 96 
108 63 269 108 250 270 
109 20 189 109 154 4 
110 269 165 110 29 48 
111 126 155 111 27 220 
112 215 89 112 83 238 
113 136 185 113 258 175 
114 190 56 114 12 154 
115 196 45 115 162 267 
116 17 191 116 181 216 
117 204 52 117 272 245 
118 248 106 118 243 218 
119 245 218 119 256 210 
120 27 78 120 41 274 
121 159 206 121 119 276 
122 115 43 122 179 255 
123 6 23 123 157 85 
124 99 90 124 97 177 
125 267 85 125 60 157 
126 241 177 126 247 55 
127 96 67 127 222 11 
128 251 125 128 145 224 
129 127 224 129 165 159 
130 76 207 130 89 243 
131 23 236 131 136 93 
132 214 129 132 196 241 
133 26 102 133 82 188 
134 152 215 134 224 127 
135 161 162 135 218 65 
136 55 154 136 168 56 
137 229 273 137 4 69 
138 117 71 138 230 58 
139 113 179 139 173 47 
140 90 84 140 170 266 
141 89 187 141 241 187 
142 144 232 142 275 235 
143 24 142 143 225 133 
144 102 124 144 197 49 
145 29 82 145 84 215 
146 179 24 146 94 172 
147 220 107 147 38 107 
148 135 248 148 81 54 
149 234 198 149 149 279 
150 158 181 150 194 272 
151 210 267 151 193 45 
152 208 193 152 150 260 
153 176 241 153 96 79 
154 103 12 154 105 64 
155 211 145 155 187 41 
156 260 274 156 251 78 
157 25 196 157 59 161 
158 61 250 158 195 20 
159 95 74 159 21 174 
160 164 9 160 139 9 
161 217 240 161 244 83 
162 212 144 162 208 204 
163 69 64 163 227 268 
164 271 256 164 175 35 
165 199 101 165 110 59 
166 240 26 166 24 119 
167 132 96 167 239 192 
168 242 28 168 54 36 
169 94 163 169 172 80 
170 83 214 170 140 15 
171 205 230 171 10 23 
172 110 104 172 22 84 
173 151 217 173 17 99 
174 140 91 174 238 219 
175 57 98 175 113 149 
176 153 239 176 202 239 
177 274 65 177 266 158 
178 150 271 178 78 256 
179 146 167 179 116 61 
180 142 31 180 190 197 
181 124 61 181 216 138 
182 277 32 182 70 81 
183 98 195 183 264 228 
184 188 108 184 23 101 
185 168 88 185 261 109 
186 160 35 186 259 212 
187 252 36 187 201 2 
188 12 75 188 137 53 
189 5 150 189 95 104 
190 129 39 190 108 179 
191 261 157 191 118 142 
192 207 40 192 9 143 
193 209 255 193 67 43 
194 275 231 194 121 86 
195 175 42 195 77 269 
196 21 34 196 163 88 
197 105 272 197 271 200 
198 230 171 198 28 33 
199 31 49 199 166 273 
200 77 105 200 75 118 
201 185 103 201 198 275 
202 278 254 202 127 31 
203 119 37 203 158 40 
204 15 119 204 86 199 
205 91 47 205 98 184 
206 171 80 206 90 147 
207 249 264 207 232 71 
208 232 128 208 71 108 
209 70 158 209 19 10 
210 44 251 210 101 251 
211 48 112 211 255 112 
212 237 118 212 144 242 
213 137 94 213 134 189 
214 116 143 214 223 227 
215 264 149 215 35 140 
216 165 156 216 80 141 
217 11 247 217 161 128 
218 235 77 218 220 195 
219 191 244 219 40 259 
220 141 246 220 112 246 
221 104 48 221 236 194 
222 58 83 222 11 253 
223 131 122 223 228 193 
224 75 277 224 39 190 
225 19 57 225 155 249 
226 8 160 226 91 16 
227 10 87 227 32 110 
228 231 130 228 99 130 
229 255 132 229 53 234 
230 195 152 230 206 214 
231 227 234 231 68 244 
232 244 117 232 235 113 
233 228 59 233 128 106 
234 246 253 234 248 257 
235 36 92 235 20 144 
236 101 222 236 69 115 
237 243 257 237 257 263 
238 263 137 238 120 77 
239 173 114 239 31 18 
240 84 97 240 26 206 
241 2 265 241 253 163 
242 13 134 242 25 34 
243 276 58 243 174 124 
244 182 278 244 156 75 
245 86 270 245 178 126 
246 7 263 246 160 14 
247 92 233 247 16 25 
248 123 100 248 30 1 
249 166 66 249 74 176 
250 236 79 250 278 191 
251 219 110 251 141 240 
252 266 205 252 263 151 
253 32 201 253 169 97 
254 262 237 254 229 50 
255 4 73 255 148 13 
256 122 258 256 242 162 
257 256 111 257 50 111 
258 9 164 258 87 164 
259 41 27 259 8 165 
260 203 126 260 56 226 
261 170 180 261 58 173 
262 273 210 262 103 30 
263 93 41 263 126 180 
264 213 16 264 45 19 
265 67 252 265 138 186 
266 35 25 266 214 87 
267 238 213 267 85 217 
268 225 220 268 177 102 
269 59 260 269 205 221 
270 138 161 270 200 70 
271 139 276 271 147 66 
272 82 151 272 203 5 
273 28 168 273 276 39 
274 202 136 274 133 62 
275 145 212 275 64 3 
276 218 20 276 262 250 
277 43 17 277 79 82 
278 78 194 278 46 27 
279 3 133 279 279 236 
