***********************************
Experiment parameters:
Experiment results:
Permutations:
I U RANK QCV rand PATH 
1 221 222 4 47 28 
2 188 64 20 186 213 
3 21 21 50 180 21 
4 190 88 203 273 102 
5 191 46 191 176 191 
6 39 4 28 14 7 
7 132 146 132 135 132 
8 266 220 266 167 266 
9 228 264 228 267 228 
10 20 173 31 142 31 
11 258 7 258 234 258 
12 189 199 189 72 189 
13 86 174 86 245 86 
14 80 143 235 57 235 
15 138 109 138 66 138 
16 185 32 185 125 185 
17 155 150 155 207 155 
18 19 186 34 254 277 
19 275 75 275 171 275 
20 79 28 254 104 184 
21 249 155 249 5 249 
22 88 39 39 93 105 
23 84 101 84 65 84 
24 198 121 198 76 198 
25 77 61 77 15 77 
26 166 216 166 52 166 
27 28 160 80 151 80 
28 263 111 263 42 263 
29 200 255 200 185 200 
30 201 73 201 159 201 
31 106 80 106 274 106 
32 43 181 43 265 43 
33 9 267 9 100 9 
34 34 194 190 48 124 
35 256 256 256 217 256 
36 167 115 167 188 167 
37 175 14 175 107 175 
38 3 106 3 13 3 
39 62 247 62 55 62 
40 22 47 22 213 22 
41 44 208 44 199 44 
42 26 90 26 123 26 
43 37 217 37 221 37 
44 50 265 21 191 50 
45 76 95 76 153 76 
46 16 18 16 124 16 
47 202 116 202 183 202 
48 262 262 262 233 262 
49 156 79 64 204 208 
50 163 52 163 215 163 
51 116 117 116 237 116 
52 48 189 48 212 48 
53 55 228 55 37 55 
54 54 5 54 109 54 
55 255 249 255 7 255 
56 129 129 129 249 129 
57 122 180 79 219 234 
58 52 119 52 277 52 
59 65 91 65 43 65 
60 232 110 232 88 232 
61 131 240 131 130 131 
62 274 128 274 252 274 
63 47 257 47 182 47 
64 264 271 264 211 264 
65 101 24 101 268 101 
66 117 201 117 146 117 
67 93 15 93 270 93 
68 38 113 38 114 38 
69 133 221 88 260 156 
70 49 35 49 192 49 
71 225 48 225 132 225 
72 109 253 109 226 109 
73 111 131 111 34 111 
74 143 94 143 129 143 
75 113 11 113 209 113 
76 1 165 1 102 1 
77 183 151 183 184 183 
78 73 33 73 6 73 
79 160 179 160 246 160 
80 91 137 91 33 91 
81 147 231 147 269 147 
82 162 254 222 210 162 
83 154 202 154 115 154 
84 83 252 83 122 83 
85 123 177 123 240 123 
86 251 211 251 143 251 
87 240 76 240 111 240 
88 238 38 238 117 238 
89 269 185 269 152 269 
90 205 126 205 3 205 
91 7 60 7 164 34 
92 277 41 277 63 64 
93 120 44 120 131 120 
94 139 99 139 231 139 
95 25 152 25 44 25 
96 212 212 212 51 212 
97 192 192 192 49 192 
98 146 105 146 189 146 
99 161 203 194 61 168 
100 187 83 187 73 187 
101 165 1 165 62 165 
102 265 218 23 2 265 
103 97 193 97 18 97 
104 107 66 107 106 107 
105 4 156 224 92 171 
106 108 108 108 1 108 
107 152 25 152 36 152 
108 64 171 215 250 180 
109 110 51 110 154 110 
110 229 153 229 29 229 
111 150 55 150 27 150 
112 220 261 220 83 220 
113 87 242 87 258 87 
114 208 147 208 12 104 
115 63 107 63 162 63 
116 33 172 33 181 33 
117 24 82 24 272 24 
118 41 27 41 243 41 
119 217 2 217 256 217 
120 267 144 267 41 267 
121 56 69 56 119 56 
122 234 120 234 179 133 
123 11 266 11 157 11 
124 30 50 128 97 128 
125 53 243 53 60 53 
126 252 198 252 247 252 
127 149 92 149 222 149 
128 13 187 13 145 13 
129 236 134 236 165 236 
130 23 263 265 89 23 
131 128 138 30 136 30 
132 115 191 115 196 115 
133 170 251 170 82 170 
134 67 81 67 224 67 
135 159 224 104 218 186 
136 272 136 272 168 272 
137 45 36 45 4 45 
138 173 3 173 230 173 
139 178 196 178 173 178 
140 176 70 176 170 176 
141 276 89 276 241 276 
142 102 102 102 275 20 
143 74 37 74 225 74 
144 121 219 121 197 121 
145 32 245 32 84 32 
146 92 9 92 94 92 
147 213 213 213 38 4 
148 85 85 85 81 85 
149 197 241 197 149 197 
150 179 19 179 194 179 
151 227 63 227 193 227 
152 140 140 140 150 140 
153 99 130 99 96 99 
154 169 96 169 105 169 
155 164 169 164 187 164 
156 145 204 145 251 145 
157 195 59 195 59 195 
158 96 183 96 195 96 
159 35 22 35 21 35 
160 94 103 94 139 94 
161 219 236 219 244 219 
162 243 139 243 208 243 
163 89 276 89 227 89 
164 8 62 8 175 8 
165 12 270 12 110 12 
166 231 234 231 24 231 
167 259 259 259 239 259 
168 207 124 207 54 207 
169 268 268 268 172 268 
170 130 227 130 140 130 
171 153 269 153 10 153 
172 181 205 181 22 181 
173 270 87 270 17 270 
174 246 195 246 238 246 
175 10 238 10 113 10 
176 168 34 133 202 188 
177 104 104 210 266 190 
178 40 214 40 78 40 
179 18 17 18 116 18 
180 144 125 144 190 144 
181 15 93 15 216 15 
182 134 149 134 70 134 
183 60 71 60 264 60 
184 125 13 125 23 125 
185 182 118 182 261 182 
186 17 65 17 259 17 
187 233 184 233 201 233 
188 14 161 14 137 14 
189 177 74 177 95 177 
190 136 272 136 108 136 
191 157 275 157 118 157 
192 237 6 237 9 237 
193 51 170 51 67 51 
194 57 142 57 121 57 
195 36 16 36 77 36 
196 223 223 223 163 223 
197 199 235 199 271 199 
198 241 197 241 28 241 
199 42 166 42 166 42 
200 112 230 112 75 112 
201 172 77 172 198 172 
202 31 175 161 127 161 
203 82 84 82 158 82 
204 211 229 211 86 211 
205 100 100 100 98 100 
206 273 244 273 90 273 
207 58 154 58 232 58 
208 209 237 209 71 209 
209 230 43 230 19 230 
210 124 178 124 101 79 
211 105 157 184 255 39 
212 216 45 216 144 216 
213 70 176 70 134 70 
214 204 145 204 223 204 
215 250 250 250 35 250 
216 278 67 278 80 278 
217 239 239 239 161 239 
218 135 135 135 220 135 
219 2 258 2 40 2 
220 5 54 5 112 5 
221 27 57 27 236 27 
222 214 40 214 11 214 
223 151 123 151 228 151 
224 193 30 193 39 193 
225 66 12 66 155 66 
226 203 188 188 91 194 
227 180 20 221 32 203 
228 174 182 174 99 174 
229 6 279 6 53 6 
230 260 260 260 206 260 
231 279 53 279 68 279 
232 98 98 98 235 98 
233 242 127 242 128 242 
234 224 273 159 248 159 
235 226 226 226 20 226 
236 126 248 126 69 126 
237 171 31 19 257 19 
238 194 200 122 120 122 
239 215 162 156 31 210 
240 247 42 247 26 247 
241 244 278 244 253 244 
242 210 190 162 25 215 
243 72 78 72 174 72 
244 68 68 68 156 68 
245 148 26 148 178 148 
246 222 168 168 160 221 
247 206 206 206 16 206 
248 103 56 103 30 103 
249 75 29 75 74 75 
250 90 114 90 278 90 
251 257 49 257 141 257 
252 95 23 95 263 95 
253 127 209 127 169 127 
254 71 164 71 229 71 
255 141 141 141 148 141 
256 59 246 59 242 59 
257 81 159 81 50 81 
258 142 277 142 87 142 
259 137 8 137 8 137 
260 186 215 171 56 222 
261 248 167 248 58 248 
262 196 207 196 103 196 
263 245 232 245 126 245 
264 218 274 218 45 218 
265 118 158 118 138 118 
266 69 122 69 214 69 
267 254 210 180 85 224 
268 78 72 78 177 78 
269 114 233 114 205 114 
270 119 163 119 200 119 
271 271 225 271 147 271 
272 235 97 253 203 253 
273 253 133 186 276 254 
274 158 86 158 133 158 
275 29 132 29 64 29 
276 184 10 105 262 88 
277 261 148 261 79 261 
278 61 58 61 46 61 
279 46 112 46 279 46 
