***********************************
Experiment parameters:
Experiment results:
Permutations:
I U RANK QCV rand PATH 
1 272 236 5 47 5 
2 250 59 9 186 9 
3 170 106 170 180 170 
4 59 43 12 273 12 
5 189 188 189 176 189 
6 125 49 232 14 19 
7 259 110 259 135 259 
8 13 68 13 167 13 
9 194 48 194 267 194 
10 7 53 208 142 208 
11 191 36 191 234 191 
12 9 80 109 72 109 
13 248 258 248 245 248 
14 208 194 134 57 134 
15 93 26 93 66 93 
16 44 20 44 125 44 
17 227 208 227 207 227 
18 19 5 19 254 22 
19 255 269 255 171 255 
20 12 108 22 104 43 
21 69 90 69 5 69 
22 22 250 250 93 47 
23 38 27 38 65 38 
24 73 124 73 76 73 
25 71 42 71 15 71 
26 72 131 72 52 72 
27 127 109 127 151 127 
28 177 182 177 42 177 
29 223 127 223 185 223 
30 168 130 168 159 168 
31 243 134 243 274 243 
32 202 202 202 265 202 
33 192 217 192 100 192 
34 47 58 252 48 49 
35 45 45 45 217 45 
36 42 50 42 188 42 
37 131 4 131 107 131 
38 88 78 88 13 88 
39 187 32 187 55 187 
40 76 23 76 213 76 
41 67 25 67 199 67 
42 173 259 173 123 173 
43 175 151 175 221 175 
44 278 46 278 191 278 
45 275 61 275 153 275 
46 200 142 200 124 200 
47 225 271 225 183 225 
48 102 102 102 233 102 
49 43 9 43 204 58 
50 215 215 215 215 215 
51 183 92 183 237 183 
52 277 150 277 212 277 
53 212 166 212 37 212 
54 267 190 267 109 267 
55 48 209 48 7 48 
56 198 198 198 249 198 
57 113 272 47 219 59 
58 171 251 171 277 171 
59 132 185 132 43 132 
60 159 64 159 88 159 
61 253 18 253 130 253 
62 114 41 114 252 114 
63 33 212 33 182 33 
64 209 221 209 211 209 
65 105 175 105 268 105 
66 139 139 139 146 139 
67 89 56 89 270 89 
68 174 70 174 114 174 
69 5 87 49 260 87 
70 181 240 181 192 181 
71 143 243 143 132 143 
72 254 226 254 226 254 
73 99 184 99 34 99 
74 11 277 11 129 11 
75 16 35 16 209 16 
76 218 100 218 102 218 
77 268 38 268 184 268 
78 203 153 203 6 203 
79 84 76 84 246 84 
80 197 112 197 33 197 
81 34 246 34 269 34 
82 78 12 58 210 108 
83 216 225 216 115 216 
84 54 228 54 122 54 
85 117 239 117 240 117 
86 262 219 262 143 262 
87 61 114 61 111 61 
88 83 39 83 117 83 
89 20 160 20 152 20 
90 50 8 50 3 50 
91 27 244 27 164 27 
92 196 261 196 63 196 
93 25 267 25 131 25 
94 149 201 149 231 149 
95 213 213 213 44 213 
96 26 253 26 51 26 
97 186 186 186 49 186 
98 120 206 120 189 120 
99 58 231 59 61 113 
100 172 256 172 73 172 
101 279 204 279 62 279 
102 184 136 184 2 41 
103 63 254 63 18 63 
104 247 101 247 106 247 
105 219 207 87 92 125 
106 29 29 29 1 29 
107 165 81 165 36 165 
108 108 232 260 250 126 
109 35 95 35 154 35 
110 110 111 110 29 110 
111 152 118 152 27 152 
112 70 262 70 83 70 
113 107 167 107 258 107 
114 246 67 251 12 251 
115 101 62 101 162 101 
116 153 183 153 181 153 
117 60 117 60 272 60 
118 97 75 97 243 97 
119 234 263 234 256 234 
120 266 103 266 41 266 
121 150 69 150 119 150 
122 251 86 246 179 246 
123 206 119 206 157 206 
124 46 170 241 97 46 
125 2 249 2 60 2 
126 217 161 217 247 217 
127 147 266 147 222 147 
128 75 172 75 145 75 
129 193 77 193 165 193 
130 41 177 41 89 184 
131 241 241 46 136 241 
132 100 189 100 196 100 
133 94 257 94 82 94 
134 90 229 90 224 90 
135 87 47 236 218 199 
136 85 278 85 168 85 
137 238 238 238 4 238 
138 53 242 53 230 53 
139 156 178 156 173 156 
140 24 21 24 170 24 
141 230 165 230 241 230 
142 265 14 265 275 265 
143 91 234 91 225 91 
144 77 37 77 197 77 
145 257 237 257 84 257 
146 228 140 228 94 228 
147 214 214 214 38 214 
148 145 145 145 81 145 
149 162 137 162 149 162 
150 166 1 166 194 166 
151 115 247 115 193 115 
152 226 245 226 150 226 
153 55 104 55 96 55 
154 36 52 36 105 36 
155 148 82 148 187 148 
156 157 222 157 251 157 
157 56 66 56 59 56 
158 52 40 52 195 52 
159 23 7 23 21 23 
160 118 17 118 139 118 
161 140 54 140 244 140 
162 3 3 3 208 3 
163 81 230 81 227 81 
164 98 200 98 175 98 
165 6 121 6 110 6 
166 190 171 190 24 190 
167 233 233 233 239 233 
168 116 116 116 54 116 
169 222 74 222 172 222 
170 276 55 276 140 276 
171 119 159 119 10 119 
172 264 205 264 22 264 
173 121 149 121 17 121 
174 66 89 66 238 66 
175 64 120 64 113 64 
176 126 252 272 202 207 
177 80 125 108 266 211 
178 239 60 239 78 239 
179 112 187 112 116 112 
180 261 192 261 190 261 
181 133 133 133 216 133 
182 195 97 195 70 195 
183 141 91 141 264 141 
184 103 147 103 23 103 
185 176 235 176 261 176 
186 185 72 185 259 185 
187 68 173 68 201 68 
188 158 158 158 137 158 
189 263 122 263 95 263 
190 245 28 245 108 245 
191 269 44 269 118 269 
192 180 6 180 9 180 
193 111 138 111 67 111 
194 124 193 124 121 124 
195 4 128 4 77 4 
196 96 264 96 163 96 
197 210 33 210 271 210 
198 182 162 182 28 182 
199 128 132 128 166 128 
200 258 71 258 75 258 
201 271 279 271 198 271 
202 142 197 142 127 142 
203 122 15 122 158 122 
204 1 57 219 86 219 
205 40 105 40 98 40 
206 224 143 224 90 224 
207 205 168 205 232 205 
208 167 115 167 71 167 
209 92 179 92 19 92 
210 163 156 163 101 163 
211 10 164 160 255 10 
212 65 65 65 144 65 
213 21 24 21 134 21 
214 74 157 74 223 74 
215 274 218 274 35 274 
216 221 152 221 80 221 
217 14 265 14 161 14 
218 154 51 154 220 154 
219 82 141 82 40 82 
220 109 146 146 112 146 
221 161 195 161 236 161 
222 15 148 15 11 15 
223 244 268 244 228 244 
224 136 93 136 39 136 
225 62 2 62 155 62 
226 199 19 113 91 231 
227 232 113 125 32 232 
228 179 96 179 99 179 
229 104 107 104 53 104 
230 256 196 256 206 256 
231 249 31 249 68 249 
232 18 99 18 235 18 
233 31 180 31 128 31 
234 49 11 7 248 78 
235 95 174 95 20 95 
236 235 274 235 69 235 
237 211 210 78 257 7 
238 146 181 80 120 80 
239 236 199 126 31 236 
240 32 98 32 26 32 
241 240 223 240 253 240 
242 252 22 231 25 250 
243 129 123 129 174 129 
244 86 34 86 156 86 
245 155 10 155 178 155 
246 207 260 270 160 252 
247 51 154 51 16 51 
248 242 224 242 30 242 
249 138 155 138 74 138 
250 169 13 169 278 169 
251 134 84 1 141 1 
252 137 63 137 263 137 
253 201 276 201 169 201 
254 151 191 151 229 151 
255 273 273 273 148 273 
256 144 144 144 242 144 
257 17 227 17 50 17 
258 37 73 37 87 37 
259 135 135 135 8 135 
260 231 270 199 56 260 
261 130 176 130 58 130 
262 178 163 178 103 178 
263 39 16 39 126 39 
264 28 85 28 45 28 
265 8 203 8 138 8 
266 30 30 30 214 30 
267 270 211 207 85 270 
268 123 129 123 177 123 
269 237 83 237 205 237 
270 79 79 79 200 79 
271 229 88 229 147 229 
272 106 275 106 203 106 
273 260 126 211 276 272 
274 204 216 204 133 204 
275 57 94 57 64 57 
276 160 169 10 262 160 
277 164 255 164 79 164 
278 220 220 220 46 220 
279 188 248 188 279 188 
