***********************************
Experiment parameters:
Experiment results:
Permutations:
I U RANK QCV rand PATH 
1 244 149 14 47 14 
2 173 187 172 186 50 
3 144 170 144 180 144 
4 174 172 214 273 59 
5 264 49 264 176 264 
6 55 202 40 14 231 
7 114 94 114 135 114 
8 159 248 159 167 159 
9 137 191 137 267 137 
10 161 268 161 142 161 
11 44 140 44 234 44 
12 16 194 135 72 135 
13 132 223 132 245 132 
14 221 161 221 57 221 
15 151 179 188 66 188 
16 45 4 45 125 45 
17 33 111 33 207 33 
18 227 55 244 254 100 
19 54 45 54 171 54 
20 14 138 258 104 108 
21 199 135 199 5 199 
22 113 227 55 93 113 
23 77 259 77 65 77 
24 203 39 203 76 203 
25 95 201 95 15 95 
26 21 136 21 52 21 
27 194 137 194 151 194 
28 188 188 151 42 151 
29 17 199 17 185 17 
30 198 246 198 159 198 
31 18 221 18 274 18 
32 239 32 239 265 239 
33 238 229 238 100 238 
34 40 40 212 48 123 
35 222 71 222 217 222 
36 32 260 32 188 32 
37 53 265 53 107 53 
38 11 65 11 13 11 
39 181 53 181 55 181 
40 76 240 76 213 76 
41 200 109 200 199 200 
42 139 57 139 123 139 
43 86 31 86 221 86 
44 251 104 251 191 251 
45 218 197 218 153 218 
46 136 163 136 124 136 
47 30 95 30 183 30 
48 22 22 22 233 22 
49 131 146 187 204 131 
50 185 231 185 215 185 
51 272 217 272 237 272 
52 266 266 266 212 266 
53 111 155 111 37 111 
54 48 207 48 109 48 
55 107 17 107 7 107 
56 237 237 237 249 237 
57 138 157 176 219 138 
58 165 185 165 277 165 
59 265 106 265 43 265 
60 64 230 64 88 64 
61 84 72 84 130 84 
62 72 84 72 252 72 
63 250 215 250 182 250 
64 215 219 215 211 215 
65 269 148 269 268 269 
66 42 52 42 146 42 
67 213 213 213 270 213 
68 99 1 99 114 99 
69 149 212 174 260 146 
70 73 107 73 192 73 
71 191 68 191 132 191 
72 87 147 87 226 87 
73 179 80 179 34 179 
74 219 58 219 129 219 
75 7 6 7 209 7 
76 267 51 267 102 267 
77 34 34 34 184 34 
78 35 125 35 6 35 
79 171 61 171 246 171 
80 88 133 88 33 88 
81 270 200 270 269 270 
82 75 244 177 210 149 
83 249 105 249 115 249 
84 37 209 37 122 37 
85 25 167 25 240 25 
86 257 59 257 143 257 
87 197 251 197 111 197 
88 4 91 4 117 4 
89 27 228 27 152 27 
90 26 132 26 3 26 
91 69 224 69 164 69 
92 229 8 229 63 229 
93 28 28 28 131 28 
94 152 243 152 231 152 
95 252 241 252 44 252 
96 271 247 271 51 271 
97 242 242 242 49 242 
98 12 192 12 189 12 
99 123 258 227 61 157 
100 82 15 82 73 82 
101 116 245 116 62 116 
102 247 41 220 2 247 
103 71 24 71 18 71 
104 153 78 153 106 153 
105 58 14 93 92 164 
106 190 190 190 1 190 
107 241 142 241 36 241 
108 146 174 100 250 172 
109 228 236 228 154 228 
110 2 256 2 29 2 
111 189 73 189 27 189 
112 186 257 186 83 186 
113 43 232 43 258 43 
114 50 165 231 12 40 
115 38 153 38 162 38 
116 246 35 246 181 246 
117 60 235 60 272 60 
118 180 238 180 243 180 
119 167 70 167 256 167 
120 39 180 39 41 39 
121 74 74 74 119 74 
122 231 178 50 179 55 
123 255 96 255 157 255 
124 141 10 41 97 141 
125 261 126 261 60 261 
126 56 119 56 247 56 
127 168 89 168 222 168 
128 209 37 209 145 209 
129 110 56 110 165 110 
130 220 222 247 89 220 
131 41 218 141 136 41 
132 52 249 52 196 52 
133 91 7 91 82 91 
134 65 75 65 224 65 
135 93 93 108 218 174 
136 276 141 276 168 276 
137 163 120 163 4 163 
138 158 76 158 230 158 
139 154 121 154 173 154 
140 112 182 112 170 112 
141 142 175 142 241 142 
142 205 205 205 275 205 
143 129 60 129 225 129 
144 20 130 20 197 20 
145 256 254 256 84 256 
146 8 97 8 94 8 
147 169 169 169 38 169 
148 196 196 196 81 196 
149 24 225 24 149 24 
150 208 16 208 194 208 
151 253 23 253 193 253 
152 147 144 147 150 147 
153 126 152 126 96 126 
154 210 77 210 105 210 
155 70 210 70 187 70 
156 278 234 278 251 278 
157 275 166 275 59 275 
158 140 44 140 195 140 
159 240 19 240 21 240 
160 61 18 61 139 61 
161 130 101 130 244 130 
162 243 226 243 208 243 
163 175 252 175 227 175 
164 120 181 120 175 120 
165 226 263 226 110 226 
166 109 50 109 24 109 
167 128 128 128 239 128 
168 124 124 124 54 124 
169 85 85 85 172 85 
170 232 261 232 140 232 
171 236 27 236 10 236 
172 90 264 90 22 90 
173 263 183 263 17 263 
174 81 275 81 238 81 
175 254 277 254 113 254 
176 176 100 113 202 176 
177 100 214 123 266 177 
178 235 69 235 78 235 
179 133 103 133 116 133 
180 3 102 3 190 3 
181 206 81 206 216 206 
182 97 110 97 70 97 
183 224 86 224 264 224 
184 119 82 119 23 119 
185 160 267 160 261 160 
186 103 21 103 259 103 
187 192 12 192 201 192 
188 83 211 83 137 83 
189 259 13 259 95 259 
190 225 127 225 108 225 
191 204 186 204 118 204 
192 78 67 78 9 78 
193 233 99 233 67 233 
194 102 168 102 121 102 
195 211 62 211 77 211 
196 217 274 217 163 217 
197 279 189 279 271 279 
198 10 276 10 28 10 
199 62 88 62 166 62 
200 118 30 118 75 118 
201 223 134 223 198 223 
202 104 193 106 127 106 
203 31 46 31 158 31 
204 135 255 248 86 248 
205 46 66 46 98 46 
206 156 33 156 90 156 
207 216 90 216 232 216 
208 67 253 67 71 67 
209 274 198 274 19 274 
210 121 154 121 101 57 
211 57 159 59 255 121 
212 47 47 47 144 47 
213 182 112 182 134 182 
214 234 278 234 223 234 
215 201 42 201 35 201 
216 68 11 68 80 68 
217 273 273 273 161 273 
218 9 9 9 220 9 
219 92 269 92 40 92 
220 106 48 178 112 178 
221 15 203 15 236 15 
222 13 92 13 11 13 
223 148 129 148 228 148 
224 170 220 170 39 170 
225 63 63 63 155 63 
226 187 108 202 91 187 
227 202 262 131 32 202 
228 134 160 134 99 134 
229 183 162 183 53 183 
230 101 3 101 206 101 
231 162 38 162 68 162 
232 80 271 80 235 80 
233 23 79 23 128 23 
234 164 250 16 248 16 
235 5 54 5 20 5 
236 105 216 105 69 105 
237 157 171 173 257 173 
238 108 208 75 120 75 
239 172 177 138 31 212 
240 193 115 193 26 193 
241 184 29 184 253 184 
242 214 113 146 25 214 
243 98 145 98 174 98 
244 143 143 143 156 143 
245 96 64 96 178 96 
246 212 164 262 160 227 
247 122 122 122 16 122 
248 29 279 29 30 29 
249 230 2 230 74 230 
250 6 114 6 278 6 
251 248 156 58 141 58 
252 36 87 36 263 36 
253 79 43 79 169 79 
254 66 25 66 229 66 
255 195 195 195 148 195 
256 166 206 166 242 166 
257 268 158 268 50 268 
258 89 20 89 87 89 
259 115 83 115 8 115 
260 178 123 149 56 244 
261 245 239 245 58 245 
262 150 150 150 103 150 
263 117 117 117 126 117 
264 127 151 127 45 127 
265 260 118 260 138 260 
266 155 184 155 214 155 
267 262 176 157 85 258 
268 145 98 145 177 145 
269 277 5 277 205 277 
270 207 270 207 200 207 
271 19 173 19 147 19 
272 177 36 104 203 104 
273 258 131 164 276 262 
274 51 26 51 133 51 
275 94 233 94 64 94 
276 59 139 57 262 93 
277 1 204 1 79 1 
278 49 116 49 46 49 
279 125 272 125 279 125 
