***********************************
Experiment parameters:
Experiment results:
Permutations:
I U RANK QCV rand PATH 
1 245 243 11 47 11 
2 243 245 20 186 20 
3 39 96 39 180 79 
4 108 101 206 273 25 
5 162 36 162 176 162 
6 71 71 251 14 37 
7 21 84 21 135 21 
8 84 192 84 167 84 
9 207 221 207 267 207 
10 20 240 130 142 130 
11 146 213 146 234 146 
12 15 228 15 72 15 
13 19 226 19 245 19 
14 130 259 97 57 97 
15 81 76 81 66 81 
16 277 139 277 125 277 
17 221 207 221 207 221 
18 11 204 25 254 42 
19 242 269 242 171 242 
20 55 42 37 104 54 
21 106 116 106 5 106 
22 54 152 200 93 55 
23 73 196 73 65 73 
24 50 276 50 76 50 
25 203 178 203 15 203 
26 77 150 77 52 77 
27 49 130 49 151 49 
28 96 118 96 42 96 
29 85 209 85 185 85 
30 4 275 4 159 4 
31 66 85 66 274 66 
32 205 235 205 265 205 
33 276 258 276 100 276 
34 25 250 42 48 71 
35 190 166 190 217 190 
36 271 270 271 188 271 
37 142 172 142 107 142 
38 86 160 86 13 86 
39 181 247 181 55 181 
40 160 49 160 213 160 
41 44 111 44 199 44 
42 164 277 164 123 164 
43 47 22 47 221 47 
44 79 168 79 191 39 
45 155 39 155 153 155 
46 232 273 232 124 232 
47 215 271 215 183 215 
48 148 148 148 233 148 
49 119 108 54 204 78 
50 264 264 264 215 264 
51 133 203 133 237 133 
52 83 169 83 212 83 
53 259 197 259 37 259 
54 145 219 145 109 145 
55 240 201 240 7 240 
56 62 62 62 249 62 
57 37 147 55 219 101 
58 41 24 41 277 41 
59 172 181 172 43 172 
60 134 132 134 88 134 
61 105 61 105 130 105 
62 222 12 222 252 222 
63 129 26 129 182 129 
64 209 34 209 211 209 
65 261 202 261 268 261 
66 233 215 233 146 233 
67 8 195 8 270 8 
68 269 138 269 114 269 
69 42 11 71 260 104 
70 197 214 197 192 197 
71 5 97 5 132 5 
72 274 155 274 226 274 
73 110 79 110 34 110 
74 113 86 113 129 113 
75 151 21 151 209 151 
76 163 159 163 102 163 
77 266 212 266 184 266 
78 235 158 235 6 235 
79 136 99 136 246 136 
80 241 217 241 33 241 
81 111 145 111 269 111 
82 147 119 78 210 108 
83 88 74 88 115 88 
84 92 46 92 122 92 
85 131 224 131 240 131 
86 139 70 139 143 139 
87 210 210 210 111 210 
88 103 48 103 117 103 
89 263 171 263 152 263 
90 80 233 80 3 80 
91 218 29 218 164 218 
92 254 268 254 63 254 
93 175 44 175 131 175 
94 253 180 253 231 253 
95 14 31 14 44 14 
96 166 191 166 51 166 
97 1 1 1 49 1 
98 48 234 48 189 48 
99 114 78 182 61 114 
100 67 57 67 73 67 
101 158 80 158 62 158 
102 89 105 89 2 89 
103 211 184 211 18 211 
104 177 115 177 106 177 
105 227 140 250 92 119 
106 16 16 16 1 16 
107 2 2 2 36 2 
108 78 206 101 250 140 
109 141 134 141 154 141 
110 189 256 189 29 189 
111 40 83 40 27 40 
112 45 265 45 83 45 
113 91 179 91 258 91 
114 24 175 24 12 24 
115 115 3 115 162 115 
116 82 4 82 181 82 
117 193 64 193 272 193 
118 63 194 63 243 63 
119 202 17 202 256 202 
120 57 67 57 41 57 
121 28 40 28 119 28 
122 257 41 257 179 257 
123 167 98 167 157 167 
124 117 198 117 97 117 
125 33 144 33 60 33 
126 165 68 165 247 165 
127 35 9 35 222 35 
128 68 59 68 145 68 
129 46 135 46 165 46 
130 94 110 94 89 94 
131 100 190 100 136 100 
132 260 199 260 196 260 
133 246 255 246 82 246 
134 228 51 228 224 228 
135 104 114 243 218 147 
136 118 279 118 168 118 
137 112 23 112 4 112 
138 116 53 116 230 116 
139 272 52 272 173 272 
140 69 102 69 170 69 
141 31 14 31 241 31 
142 230 30 230 275 230 
143 10 218 10 225 10 
144 267 93 267 197 267 
145 231 246 231 84 231 
146 268 187 268 94 268 
147 225 225 225 38 225 
148 188 188 188 81 188 
149 279 89 279 149 279 
150 169 56 169 194 169 
151 144 43 144 193 144 
152 76 211 76 150 76 
153 58 122 58 96 58 
154 143 73 143 105 143 
155 213 193 213 187 213 
156 278 87 278 251 278 
157 95 8 95 59 95 
158 64 248 64 195 64 
159 99 66 99 21 99 
160 26 136 26 139 26 
161 194 92 194 244 194 
162 107 58 107 208 107 
163 244 244 244 227 244 
164 120 120 120 175 120 
165 249 253 249 110 249 
166 65 257 65 24 65 
167 229 229 229 239 229 
168 236 236 236 54 236 
169 121 121 121 172 121 
170 179 125 179 140 179 
171 27 173 27 10 27 
172 74 133 74 22 74 
173 180 91 180 17 180 
174 153 95 153 238 153 
175 256 231 256 113 256 
176 101 54 108 202 152 
177 149 200 227 266 182 
178 196 261 196 78 196 
179 23 142 23 116 23 
180 9 165 9 190 9 
181 220 220 126 216 220 
182 93 63 93 70 93 
183 17 47 17 264 17 
184 258 35 258 23 258 
185 13 137 13 261 13 
186 18 32 18 259 18 
187 171 189 171 201 171 
188 126 77 220 137 126 
189 6 6 6 95 6 
190 12 81 12 108 12 
191 70 176 70 118 70 
192 43 33 43 9 43 
193 192 185 192 67 192 
194 135 254 135 121 135 
195 32 241 32 77 32 
196 123 260 123 163 123 
197 252 154 252 271 252 
198 170 117 170 28 170 
199 217 112 217 166 217 
200 275 82 275 75 275 
201 178 19 178 198 178 
202 29 18 150 127 150 
203 157 131 157 158 157 
204 51 239 185 86 185 
205 224 143 224 98 224 
206 183 183 183 90 183 
207 216 163 216 232 216 
208 122 238 122 71 122 
209 199 7 199 19 199 
210 52 272 52 101 52 
211 132 164 239 255 132 
212 75 126 75 144 75 
213 102 69 102 134 102 
214 87 278 87 223 87 
215 270 13 270 35 270 
216 56 5 56 80 56 
217 30 230 30 161 30 
218 208 38 208 220 208 
219 226 146 29 40 29 
220 60 65 60 112 60 
221 186 186 186 236 186 
222 212 266 212 11 212 
223 248 10 248 228 248 
224 184 170 184 39 184 
225 238 177 238 155 238 
226 152 182 114 91 200 
227 182 20 204 32 204 
228 159 88 159 99 159 
229 3 156 3 53 3 
230 59 267 59 206 59 
231 125 109 125 68 125 
232 168 94 168 235 168 
233 109 107 109 128 109 
234 185 252 201 248 51 
235 176 103 176 20 176 
236 97 90 226 69 226 
237 140 262 51 257 201 
238 150 106 149 120 149 
239 204 55 104 31 206 
240 273 75 273 26 273 
241 262 15 262 253 262 
242 201 251 140 25 227 
243 128 127 128 174 128 
244 219 237 219 156 219 
245 255 141 255 178 255 
246 206 37 147 160 243 
247 38 208 38 16 38 
248 154 28 154 30 154 
249 98 242 98 74 98 
250 234 151 234 278 234 
251 53 113 53 141 53 
252 61 100 61 263 61 
253 156 249 156 169 156 
254 22 157 22 229 22 
255 72 72 72 148 72 
256 195 153 195 242 195 
257 34 149 34 50 34 
258 187 50 187 87 187 
259 247 232 247 8 247 
260 200 104 245 56 245 
261 90 162 90 58 90 
262 223 223 223 103 223 
263 265 161 265 126 265 
264 198 222 198 45 198 
265 137 174 137 138 137 
266 124 124 124 214 124 
267 251 25 152 85 250 
268 127 128 127 177 127 
269 138 27 138 205 138 
270 237 60 237 200 237 
271 214 129 214 147 214 
272 191 274 191 203 191 
273 250 227 119 276 251 
274 36 205 36 133 36 
275 173 45 173 64 173 
276 239 167 132 262 239 
277 161 263 161 79 161 
278 7 216 7 46 7 
279 174 123 174 279 174 
