***********************************
Experiment parameters:
Experiment results:
Permutations:
I U RANK QCV rand PATH 
1 272 92 2 47 13 
2 263 2 230 186 256 
3 162 247 162 180 162 
4 136 209 13 273 28 
5 279 93 279 176 279 
6 2 226 20 14 210 
7 3 48 3 135 3 
8 245 184 245 167 245 
9 61 274 61 267 61 
10 21 110 21 142 21 
11 248 36 248 234 248 
12 20 127 249 72 249 
13 66 156 66 245 66 
14 207 238 207 57 207 
15 116 277 116 66 116 
16 188 8 188 125 188 
17 1 139 1 207 1 
18 13 128 203 254 6 
19 220 59 220 171 220 
20 42 143 209 104 18 
21 232 134 232 5 232 
22 100 267 27 93 26 
23 34 141 34 65 34 
24 192 216 192 76 192 
25 51 16 51 15 51 
26 45 147 45 52 45 
27 102 144 102 151 102 
28 197 54 197 42 197 
29 124 157 124 185 124 
30 79 17 79 159 79 
31 183 183 183 274 183 
32 94 103 94 265 94 
33 265 239 265 100 265 
34 27 219 179 48 92 
35 251 131 251 217 251 
36 257 172 257 188 257 
37 7 176 7 107 7 
38 14 165 14 13 14 
39 147 74 147 55 147 
40 205 205 205 213 205 
41 190 213 190 199 190 
42 151 275 151 123 151 
43 89 34 89 221 89 
44 164 163 164 191 164 
45 247 197 247 153 247 
46 244 187 244 124 244 
47 81 53 81 183 81 
48 68 68 68 233 68 
49 140 136 72 204 100 
50 85 271 85 215 85 
51 172 106 172 237 172 
52 154 173 154 212 154 
53 24 228 24 37 24 
54 108 26 108 109 108 
55 157 1 157 7 157 
56 15 15 15 249 15 
57 92 90 80 219 119 
58 11 85 11 277 11 
59 130 191 130 43 130 
60 59 188 59 88 59 
61 223 116 223 130 223 
62 129 266 129 252 129 
63 243 4 243 182 243 
64 25 21 25 211 25 
65 258 210 258 268 258 
66 103 169 103 146 103 
67 39 201 39 270 39 
68 8 181 8 114 8 
69 113 179 219 260 128 
70 127 24 127 192 127 
71 125 243 125 132 125 
72 9 46 9 226 9 
73 83 121 83 34 83 
74 71 30 71 129 71 
75 236 91 236 209 236 
76 198 268 198 102 198 
77 57 225 57 184 57 
78 86 264 86 6 86 
79 274 152 274 246 274 
80 261 261 261 33 261 
81 213 212 213 269 213 
82 137 203 263 210 136 
83 16 270 16 115 16 
84 33 240 33 122 33 
85 141 60 141 240 141 
86 181 41 181 143 181 
87 43 162 43 111 43 
88 112 47 112 117 112 
89 255 84 255 152 255 
90 270 81 270 3 270 
91 210 57 210 164 27 
92 18 62 18 63 90 
93 123 6 123 131 123 
94 44 158 44 231 44 
95 65 101 65 44 65 
96 122 164 122 51 122 
97 58 58 58 49 58 
98 41 215 41 189 41 
99 143 13 250 61 137 
100 56 265 56 73 56 
101 264 214 264 62 264 
102 107 107 46 2 107 
103 98 104 98 18 98 
104 278 161 278 106 278 
105 128 100 90 92 140 
106 246 246 246 1 246 
107 101 65 101 36 101 
108 90 27 92 250 143 
109 211 236 211 154 211 
110 126 204 126 29 126 
111 30 154 30 27 30 
112 233 255 233 83 233 
113 135 218 135 258 135 
114 6 108 26 12 80 
115 259 32 259 162 259 
116 106 138 106 181 106 
117 237 155 237 272 237 
118 239 76 239 243 239 
119 10 40 10 256 10 
120 241 145 241 41 241 
121 238 95 238 119 238 
122 26 190 6 179 72 
123 269 269 269 157 269 
124 104 29 121 97 104 
125 253 242 253 60 253 
126 149 149 149 247 149 
127 62 115 62 222 62 
128 216 18 216 145 216 
129 166 171 166 165 166 
130 46 43 107 89 46 
131 121 251 104 136 121 
132 17 51 17 196 17 
133 275 254 275 82 275 
134 144 35 144 224 144 
135 72 72 267 218 179 
136 54 120 54 168 54 
137 187 37 187 4 187 
138 134 50 134 230 134 
139 63 97 63 173 63 
140 229 217 229 170 229 
141 77 77 77 241 77 
142 28 28 28 275 20 
143 109 23 109 225 109 
144 52 132 52 197 52 
145 142 126 142 84 142 
146 145 33 145 94 145 
147 256 256 256 38 2 
148 262 262 262 81 262 
149 266 42 266 149 266 
150 139 61 139 194 139 
151 161 278 161 193 161 
152 277 9 277 150 277 
153 158 253 158 96 158 
154 170 258 170 105 170 
155 36 252 36 187 36 
156 82 82 82 251 82 
157 201 96 201 59 201 
158 155 276 155 195 155 
159 35 71 35 21 35 
160 152 185 152 139 152 
161 171 118 171 244 171 
162 186 38 186 208 186 
163 180 180 180 227 180 
164 78 45 78 175 78 
165 32 133 32 110 32 
166 271 193 271 24 271 
167 160 160 160 239 160 
168 49 63 49 54 49 
169 67 67 67 172 67 
170 22 259 22 140 22 
171 184 175 184 10 184 
172 260 221 260 22 260 
173 38 153 38 17 38 
174 178 178 178 238 178 
175 215 273 215 113 215 
176 119 80 100 202 203 
177 80 272 226 266 209 
178 111 73 111 78 111 
179 208 244 208 116 208 
180 132 52 132 190 132 
181 159 39 159 216 159 
182 88 166 88 70 88 
183 70 89 70 264 70 
184 202 192 202 23 202 
185 5 86 5 261 5 
186 174 227 174 259 174 
187 48 211 48 201 48 
188 176 130 176 137 176 
189 73 111 73 95 73 
190 235 129 235 108 235 
191 114 245 114 118 114 
192 200 117 200 9 200 
193 75 182 75 67 75 
194 115 202 115 121 115 
195 74 99 74 77 74 
196 156 94 156 163 156 
197 105 224 105 271 105 
198 29 122 29 28 29 
199 37 174 37 166 37 
200 195 69 195 75 195 
201 69 257 69 198 69 
202 227 206 227 127 227 
203 40 109 40 158 40 
204 23 64 182 86 182 
205 60 10 60 98 60 
206 173 232 173 90 173 
207 93 150 93 232 93 
208 133 200 133 71 133 
209 194 55 194 19 194 
210 97 196 97 101 97 
211 47 146 84 255 47 
212 206 208 206 144 206 
213 217 229 217 134 217 
214 148 148 148 223 148 
215 53 195 53 35 53 
216 110 249 110 80 110 
217 168 168 168 161 168 
218 222 222 222 220 222 
219 249 70 23 40 23 
220 212 11 212 112 212 
221 240 241 240 236 240 
222 225 170 225 11 225 
223 252 237 252 228 252 
224 120 235 120 39 120 
225 242 22 242 155 242 
226 231 137 231 91 219 
227 203 20 119 32 226 
228 268 66 268 99 268 
229 153 167 153 53 153 
230 76 56 76 206 76 
231 117 44 117 68 117 
232 87 83 87 235 87 
233 218 186 218 128 218 
234 230 14 4 248 177 
235 204 220 204 20 204 
236 169 260 169 69 169 
237 226 102 177 257 4 
238 4 113 228 120 228 
239 209 230 272 31 230 
240 191 78 191 26 191 
241 95 105 95 253 95 
242 179 119 137 25 231 
243 31 189 31 174 31 
244 199 123 199 156 199 
245 12 75 12 178 12 
246 228 140 128 160 250 
247 234 234 234 16 234 
248 224 124 224 30 224 
249 91 233 91 74 91 
250 175 3 175 278 175 
251 182 125 113 141 113 
252 131 223 131 263 131 
253 167 135 167 169 167 
254 276 248 276 229 276 
255 19 19 19 148 19 
256 96 159 96 242 96 
257 50 25 50 50 50 
258 118 88 118 87 118 
259 99 7 99 8 99 
260 219 231 136 56 263 
261 150 279 150 58 150 
262 196 49 196 103 196 
263 146 112 146 126 146 
264 163 87 163 45 163 
265 55 5 55 138 55 
266 185 207 185 214 185 
267 250 250 140 85 267 
268 189 31 189 177 189 
269 273 114 273 205 273 
270 193 199 193 200 193 
271 165 177 165 147 165 
272 177 98 42 203 42 
273 267 263 143 276 272 
274 138 194 138 133 138 
275 64 12 64 64 64 
276 84 151 47 262 84 
277 254 142 254 79 254 
278 214 198 214 46 214 
279 221 79 221 279 221 
