***********************************
Experiment parameters:
Experiment results:
Permutations:
I U RANK QCV rand PATH 
1 257 1 1 47 1 
2 130 29 10 186 215 
3 30 244 38 180 38 
4 186 41 177 273 3 
5 256 184 256 176 256 
6 117 221 15 14 254 
7 237 59 237 135 237 
8 143 237 143 167 143 
9 89 66 89 267 89 
10 15 11 32 142 32 
11 185 203 185 234 185 
12 10 94 258 72 258 
13 99 120 99 245 99 
14 60 231 60 57 60 
15 168 273 168 66 194 
16 157 96 157 125 157 
17 113 265 113 207 113 
18 39 236 20 254 34 
19 125 252 125 171 125 
20 32 186 29 104 178 
21 31 91 31 5 31 
22 20 35 179 93 195 
23 233 185 233 65 233 
24 240 204 240 76 240 
25 171 227 171 15 171 
26 224 23 224 52 224 
27 205 103 205 151 205 
28 194 168 194 42 168 
29 265 164 265 185 265 
30 54 150 54 159 54 
31 255 228 255 274 255 
32 262 16 262 265 262 
33 204 226 204 100 204 
34 35 110 272 48 77 
35 197 196 197 217 197 
36 51 40 51 188 51 
37 268 147 268 107 268 
38 66 8 66 13 66 
39 173 238 173 55 173 
40 8 129 8 213 8 
41 216 195 216 199 216 
42 85 264 85 123 85 
43 107 170 107 221 107 
44 38 61 30 191 30 
45 133 128 133 153 133 
46 238 241 238 124 238 
47 253 42 253 183 253 
48 127 127 127 233 127 
49 77 135 221 204 80 
50 198 257 198 215 198 
51 189 262 189 237 189 
52 214 206 214 212 214 
53 118 223 118 37 118 
54 7 24 7 109 7 
55 274 97 274 7 274 
56 142 142 142 249 142 
57 80 10 35 219 110 
58 243 34 243 277 243 
59 241 208 241 43 241 
60 114 67 114 88 114 
61 112 9 112 130 112 
62 176 259 176 252 176 
63 183 132 183 182 183 
64 82 183 82 211 82 
65 26 28 26 268 26 
66 6 149 6 146 6 
67 37 162 37 270 37 
68 96 166 96 114 96 
69 29 207 41 260 130 
70 206 188 206 192 206 
71 132 230 132 132 132 
72 121 194 121 226 121 
73 21 176 21 34 21 
74 231 205 231 129 231 
75 264 72 264 209 264 
76 227 171 227 102 227 
77 28 50 28 184 28 
78 46 99 46 6 46 
79 223 217 223 246 223 
80 115 138 115 33 115 
81 250 7 250 269 250 
82 154 279 279 210 135 
83 71 253 71 115 71 
84 225 25 225 122 225 
85 160 232 160 240 160 
86 58 169 58 143 58 
87 242 218 242 111 242 
88 64 122 64 117 64 
89 172 12 172 152 172 
90 70 141 70 3 70 
91 254 233 254 164 20 
92 178 84 178 63 29 
93 36 243 36 131 36 
94 68 190 68 231 68 
95 219 174 219 44 219 
96 244 197 244 51 244 
97 161 161 161 49 161 
98 252 210 252 189 252 
99 137 272 186 61 137 
100 86 277 86 73 86 
101 148 189 148 62 148 
102 61 116 116 2 61 
103 273 134 273 18 273 
104 267 69 267 106 267 
105 41 191 249 92 154 
106 102 102 102 1 102 
107 98 57 98 36 98 
108 156 15 191 250 156 
109 222 235 222 154 222 
110 104 187 104 29 104 
111 97 100 97 27 97 
112 122 271 122 83 122 
113 163 163 163 258 163 
114 34 55 195 12 35 
115 229 19 229 162 229 
116 141 14 141 181 141 
117 50 101 50 272 50 
118 277 86 277 243 277 
119 73 52 73 256 73 
120 140 90 140 41 140 
121 11 109 11 119 11 
122 195 36 34 179 41 
123 18 64 18 157 18 
124 128 121 128 97 128 
125 49 4 49 60 49 
126 93 140 93 247 93 
127 84 108 84 222 84 
128 25 126 25 145 25 
129 269 92 269 165 269 
130 116 30 61 89 116 
131 218 133 218 136 218 
132 13 175 13 196 13 
133 187 172 187 82 187 
134 27 113 27 224 27 
135 135 130 77 218 177 
136 234 21 234 168 234 
137 23 115 23 4 23 
138 217 118 217 230 217 
139 119 119 119 173 119 
140 181 275 181 170 181 
141 174 98 174 241 174 
142 3 3 3 275 15 
143 170 254 170 225 170 
144 126 131 126 197 126 
145 12 248 12 84 12 
146 182 200 182 94 182 
147 215 215 215 38 10 
148 48 48 48 81 48 
149 259 45 259 149 259 
150 94 87 94 194 94 
151 79 33 79 193 79 
152 196 38 196 150 196 
153 266 153 266 96 266 
154 232 73 232 105 232 
155 136 83 136 187 136 
156 123 158 123 251 123 
157 278 278 278 59 278 
158 78 78 78 195 78 
159 87 31 87 21 87 
160 129 27 129 139 129 
161 131 182 131 244 131 
162 144 76 144 208 144 
163 57 219 57 227 57 
164 147 209 147 175 147 
165 247 79 247 110 247 
166 55 198 55 24 55 
167 2 2 2 239 2 
168 63 95 63 54 63 
169 158 106 158 172 158 
170 153 229 153 140 153 
171 211 165 211 10 211 
172 180 70 180 22 180 
173 190 74 190 17 190 
174 202 192 202 238 202 
175 145 251 145 113 145 
176 235 220 80 202 179 
177 191 179 220 266 186 
178 155 155 155 78 155 
179 159 270 159 116 159 
180 226 178 226 190 226 
181 192 202 192 216 192 
182 200 201 200 70 200 
183 52 26 52 264 52 
184 92 93 92 23 92 
185 43 71 43 261 43 
186 208 173 208 259 208 
187 165 143 165 201 165 
188 209 88 209 137 209 
189 81 75 81 95 81 
190 22 22 22 108 22 
191 169 211 169 118 169 
192 19 49 19 9 19 
193 212 145 212 67 212 
194 201 225 201 121 201 
195 5 5 5 77 5 
196 62 256 62 163 62 
197 188 32 188 271 188 
198 134 56 134 28 134 
199 146 224 146 166 146 
200 105 62 105 75 105 
201 175 65 175 198 175 
202 138 159 138 127 138 
203 83 81 83 158 83 
204 110 157 235 86 235 
205 101 107 101 98 101 
206 276 39 276 90 276 
207 120 13 120 232 120 
208 152 247 152 71 152 
209 150 53 150 19 150 
210 167 167 167 101 167 
211 44 125 251 255 44 
212 111 111 111 144 111 
213 275 181 275 134 275 
214 106 123 106 223 106 
215 53 51 53 35 53 
216 164 82 164 80 164 
217 193 193 193 161 193 
218 151 17 151 220 151 
219 258 260 199 40 199 
220 199 213 257 112 257 
221 246 240 246 236 246 
222 75 136 75 11 75 
223 260 199 260 228 260 
224 56 112 56 39 56 
225 69 68 69 155 69 
226 221 156 110 91 191 
227 249 20 207 32 207 
228 65 54 65 99 65 
229 74 144 74 53 74 
230 90 246 90 206 90 
231 33 267 33 68 33 
232 45 242 45 235 45 
233 76 266 76 128 76 
234 245 214 100 248 100 
235 59 212 59 20 59 
236 16 180 16 69 16 
237 179 60 245 257 245 
238 100 245 39 120 39 
239 272 137 236 31 220 
240 270 146 270 26 270 
241 103 255 103 253 103 
242 279 154 154 25 221 
243 261 139 261 174 261 
244 213 216 213 156 213 
245 72 18 72 178 72 
246 220 177 130 160 236 
247 17 151 17 16 17 
248 239 274 239 30 239 
249 210 85 210 74 210 
250 47 104 47 278 47 
251 228 89 228 141 228 
252 9 117 9 263 9 
253 4 152 4 169 4 
254 203 160 203 229 203 
255 263 263 263 148 263 
256 162 37 162 242 162 
257 230 258 230 50 230 
258 108 269 108 87 108 
259 88 268 88 8 88 
260 207 249 135 56 249 
261 14 105 14 58 14 
262 95 63 95 103 95 
263 248 47 149 126 248 
264 124 234 124 45 124 
265 149 6 248 138 149 
266 109 276 109 214 109 
267 236 80 156 85 272 
268 139 261 139 177 139 
269 271 58 271 205 271 
270 24 250 24 200 24 
271 91 239 91 147 91 
272 177 124 117 203 117 
273 1 77 137 276 279 
274 42 46 42 133 42 
275 67 222 67 64 67 
276 251 114 44 262 251 
277 166 44 166 79 166 
278 40 148 40 46 40 
279 184 43 184 279 184 
