***********************************
Experiment parameters:
Experiment results:
Permutations:
I U RANK QCV rand PATH 
1 245 1 1 47 1 
2 209 202 202 186 90 
3 14 25 108 180 14 
4 66 117 16 273 30 
5 31 102 31 176 31 
6 120 167 19 14 88 
7 273 69 273 135 273 
8 231 84 231 167 231 
9 21 7 21 267 21 
10 19 64 198 142 198 
11 40 150 40 234 40 
12 7 109 139 72 139 
13 239 10 239 245 239 
14 198 243 7 57 7 
15 62 137 222 66 222 
16 211 121 211 125 211 
17 53 237 53 207 53 
18 149 66 20 254 46 
19 186 273 186 171 186 
20 38 73 260 104 55 
21 191 245 191 5 191 
22 10 209 199 93 278 
23 228 219 228 65 228 
24 35 265 35 76 35 
25 12 28 12 15 12 
26 92 116 92 52 92 
27 140 132 140 151 140 
28 222 208 62 42 62 
29 153 161 153 185 153 
30 185 214 185 159 185 
31 229 176 229 274 229 
32 249 24 249 265 249 
33 125 278 125 100 125 
34 63 163 177 48 95 
35 127 71 127 217 127 
36 83 270 83 188 83 
37 129 27 129 107 129 
38 269 196 269 13 269 
39 133 182 133 55 133 
40 141 229 141 213 141 
41 9 259 9 199 9 
42 52 274 52 123 52 
43 250 43 250 221 250 
44 108 76 14 191 108 
45 37 37 37 153 37 
46 96 92 96 124 96 
47 48 217 48 183 48 
48 70 70 70 233 70 
49 95 118 163 204 112 
50 271 9 271 215 271 
51 255 155 255 237 255 
52 22 212 22 212 22 
53 251 139 251 37 251 
54 51 201 51 109 51 
55 277 140 277 7 277 
56 89 89 89 249 89 
57 73 120 167 219 117 
58 259 271 259 277 259 
59 220 175 220 43 220 
60 256 206 256 88 256 
61 193 136 193 130 193 
62 244 200 244 252 244 
63 237 141 237 182 237 
64 99 203 99 211 99 
65 43 44 43 268 43 
66 218 218 218 146 218 
67 184 184 184 270 184 
68 124 15 124 114 124 
69 20 138 63 260 118 
70 264 210 264 192 264 
71 13 153 13 132 13 
72 76 62 76 226 76 
73 25 72 25 34 25 
74 223 99 223 129 223 
75 110 42 110 209 110 
76 156 83 156 102 156 
77 93 65 93 184 93 
78 270 235 270 6 270 
79 161 174 161 246 161 
80 182 135 182 33 182 
81 236 236 236 269 236 
82 118 258 66 210 120 
83 28 171 28 115 28 
84 240 234 240 122 240 
85 188 77 188 240 188 
86 230 111 230 143 230 
87 183 225 183 111 183 
88 190 52 190 117 190 
89 248 110 248 152 248 
90 158 128 158 3 158 
91 88 147 88 164 20 
92 278 8 278 63 63 
93 58 55 58 131 58 
94 78 276 78 231 78 
95 227 227 227 44 227 
96 208 222 208 51 208 
97 56 56 56 49 56 
98 206 186 206 189 206 
99 112 95 172 61 138 
100 268 47 268 73 268 
101 143 87 143 62 143 
102 11 38 11 2 137 
103 157 165 157 18 157 
104 272 104 272 106 272 
105 177 160 246 92 160 
106 74 74 74 1 74 
107 159 159 159 36 159 
108 135 199 73 250 162 
109 32 248 32 154 32 
110 105 124 105 29 105 
111 34 187 34 27 34 
112 84 279 84 83 84 
113 131 115 131 258 131 
114 46 51 55 12 66 
115 23 78 23 162 23 
116 128 31 128 181 128 
117 77 94 77 272 77 
118 54 54 54 243 54 
119 147 173 147 256 147 
120 8 101 8 41 8 
121 226 191 226 119 226 
122 55 58 46 179 73 
123 123 86 123 157 123 
124 200 233 122 97 122 
125 148 181 148 60 148 
126 75 35 75 247 75 
127 207 168 207 222 207 
128 266 85 266 145 266 
129 41 240 41 165 41 
130 137 11 137 89 11 
131 122 169 200 136 200 
132 24 45 24 196 24 
133 42 256 42 82 42 
134 36 13 36 224 36 
135 163 16 254 218 163 
136 60 103 60 168 60 
137 164 129 164 4 164 
138 109 17 109 230 109 
139 197 197 197 173 197 
140 267 151 267 170 267 
141 204 204 204 241 204 
142 30 30 30 275 19 
143 238 238 238 225 238 
144 101 125 101 197 101 
145 216 123 216 84 216 
146 213 75 213 94 213 
147 90 261 90 38 16 
148 263 263 263 81 263 
149 225 122 225 149 225 
150 174 21 174 194 174 
151 81 81 81 193 81 
152 169 183 169 150 169 
153 276 152 276 96 276 
154 94 228 94 105 94 
155 68 79 68 187 68 
156 3 26 3 251 3 
157 252 49 252 59 252 
158 173 247 173 195 173 
159 212 22 212 21 212 
160 203 269 203 139 203 
161 168 91 168 244 168 
162 50 148 50 208 50 
163 232 232 232 227 232 
164 192 221 192 175 192 
165 181 82 181 110 181 
166 166 46 166 24 166 
167 241 241 241 239 241 
168 215 215 215 54 215 
169 195 3 195 172 195 
170 115 144 115 140 115 
171 279 105 279 10 279 
172 171 107 171 22 171 
173 97 50 97 17 97 
174 49 252 49 238 49 
175 86 98 86 113 86 
176 167 246 95 202 167 
177 162 172 258 266 172 
178 247 88 247 78 247 
179 275 275 275 116 275 
180 265 179 265 190 265 
181 242 100 242 216 242 
182 47 180 47 70 47 
183 44 39 44 264 44 
184 179 207 179 23 179 
185 214 239 214 261 214 
186 27 164 27 259 27 
187 69 211 69 201 69 
188 5 133 5 137 5 
189 65 250 65 95 65 
190 72 244 72 108 72 
191 253 231 253 118 253 
192 104 2 104 9 104 
193 15 154 15 67 15 
194 180 213 180 121 180 
195 221 96 221 77 221 
196 33 119 33 163 33 
197 6 277 6 271 6 
198 103 157 103 28 103 
199 116 192 116 166 116 
200 119 80 119 75 119 
201 134 158 134 198 134 
202 16 5 135 127 135 
203 150 40 150 158 150 
204 126 253 149 86 149 
205 146 68 146 98 146 
206 210 36 210 90 210 
207 80 249 80 232 80 
208 152 257 152 71 152 
209 155 33 155 19 155 
210 57 262 57 101 57 
211 98 130 154 255 98 
212 61 220 61 144 61 
213 151 267 151 134 151 
214 26 195 26 223 26 
215 235 185 235 35 235 
216 59 34 59 80 59 
217 67 67 67 161 67 
218 106 90 106 220 106 
219 139 188 79 40 79 
220 205 166 205 112 205 
221 85 266 85 236 85 
222 39 146 39 11 39 
223 219 93 219 228 219 
224 71 193 71 39 71 
225 144 23 144 155 144 
226 117 19 112 91 177 
227 246 20 117 32 199 
228 107 134 107 99 107 
229 82 97 82 53 82 
230 91 268 91 206 91 
231 257 272 257 68 257 
232 136 60 136 235 136 
233 2 178 2 128 2 
234 172 53 176 248 176 
235 111 190 111 20 111 
236 79 48 10 69 10 
237 202 198 196 257 196 
238 196 59 126 120 126 
239 254 254 209 31 202 
240 170 61 170 26 170 
241 132 6 132 253 132 
242 1 112 118 25 209 
243 194 142 194 174 194 
244 201 205 201 156 201 
245 114 216 114 178 114 
246 138 260 120 160 246 
247 261 106 261 16 261 
248 243 251 243 30 243 
249 224 113 224 74 224 
250 130 114 130 278 130 
251 160 126 245 141 245 
252 233 108 233 263 233 
253 178 131 178 169 178 
254 145 145 145 229 145 
255 29 29 29 148 29 
256 100 242 100 242 100 
257 64 223 64 50 64 
258 234 41 234 87 234 
259 175 170 175 8 175 
260 176 177 138 56 254 
261 45 18 45 58 45 
262 262 57 262 103 262 
263 113 32 113 126 113 
264 165 14 165 45 165 
265 217 12 217 138 217 
266 187 226 187 214 187 
267 260 162 162 85 258 
268 142 194 142 177 142 
269 274 224 274 205 274 
270 4 4 4 200 4 
271 17 264 17 147 17 
272 199 127 38 203 38 
273 258 63 160 276 260 
274 18 255 18 133 18 
275 121 230 121 64 121 
276 154 149 98 262 154 
277 189 189 189 79 189 
278 102 143 102 46 102 
279 87 156 87 279 87 
