***********************************
Experiment parameters:
Experiment results:
Permutations:
I U RANK QCV rand PATH 
1 261 1 1 47 1 
2 258 228 209 186 38 
3 130 59 130 180 130 
4 228 154 228 273 40 
5 235 203 235 176 235 
6 40 209 38 14 44 
7 73 32 73 135 73 
8 172 200 172 167 172 
9 25 61 25 267 25 
10 38 108 192 142 192 
11 99 30 99 234 99 
12 190 194 190 72 190 
13 81 264 81 245 81 
14 192 121 194 57 194 
15 111 162 256 66 111 
16 109 12 109 125 109 
17 47 166 47 207 47 
18 44 187 40 254 74 
19 234 220 234 171 234 
20 74 82 44 104 82 
21 146 170 146 5 146 
22 88 255 255 93 88 
23 171 39 171 65 171 
24 45 145 45 76 45 
25 114 185 114 15 114 
26 240 250 240 52 240 
27 121 184 121 151 121 
28 256 227 111 42 256 
29 102 207 102 185 102 
30 203 34 203 159 203 
31 166 80 166 274 166 
32 24 52 24 265 24 
33 116 205 116 100 116 
34 82 119 259 48 91 
35 14 241 14 217 14 
36 107 271 107 188 107 
37 63 63 63 107 63 
38 57 97 57 13 57 
39 101 35 101 55 101 
40 254 196 254 213 254 
41 140 31 140 199 140 
42 231 224 231 123 231 
43 100 100 100 221 100 
44 149 137 149 191 149 
45 269 149 269 153 269 
46 35 155 35 124 35 
47 17 78 17 183 17 
48 206 206 206 233 206 
49 136 44 210 204 119 
50 28 18 28 215 28 
51 185 81 185 237 185 
52 37 233 37 212 37 
53 201 267 201 37 201 
54 176 70 176 109 176 
55 11 245 11 7 11 
56 229 229 229 249 229 
57 143 257 276 219 136 
58 124 124 124 277 124 
59 95 160 95 43 95 
60 12 69 12 88 12 
61 54 75 54 130 54 
62 162 120 162 252 162 
63 170 254 170 182 170 
64 68 25 68 211 68 
65 186 66 186 268 186 
66 15 56 15 146 15 
67 265 265 265 270 265 
68 22 164 22 114 22 
69 86 91 74 260 143 
70 184 278 184 192 184 
71 142 72 142 132 142 
72 150 130 150 226 150 
73 106 219 106 34 106 
74 221 192 221 129 221 
75 77 73 77 209 77 
76 183 17 183 102 183 
77 253 171 253 184 253 
78 90 274 90 6 90 
79 233 201 233 246 233 
80 226 87 226 33 226 
81 31 251 31 269 31 
82 175 152 82 210 152 
83 117 107 117 115 117 
84 198 273 198 122 198 
85 188 186 188 240 188 
86 193 153 193 143 193 
87 3 223 3 111 3 
88 32 19 32 117 32 
89 218 139 218 152 218 
90 238 238 238 3 238 
91 213 263 213 164 213 
92 268 10 268 63 268 
93 251 28 251 131 251 
94 53 242 53 231 53 
95 144 144 144 44 144 
96 227 252 227 51 227 
97 148 148 148 49 148 
98 173 134 173 189 173 
99 84 259 88 61 154 
100 211 268 211 73 211 
101 16 165 16 62 16 
102 75 3 137 2 75 
103 59 54 59 18 59 
104 93 147 93 106 93 
105 91 175 91 92 175 
106 212 212 212 1 212 
107 115 64 115 36 115 
108 152 143 258 250 187 
109 33 22 33 154 33 
110 50 231 50 29 50 
111 80 102 80 27 80 
112 129 234 129 83 129 
113 62 85 62 258 62 
114 70 272 125 12 125 
115 246 53 246 162 246 
116 163 15 163 181 163 
117 263 177 263 272 263 
118 174 9 174 243 174 
119 67 253 67 256 67 
120 26 46 26 41 26 
121 151 221 151 119 151 
122 125 157 70 179 70 
123 200 193 200 157 200 
124 58 217 216 97 216 
125 113 92 113 60 113 
126 156 98 156 247 156 
127 46 156 46 222 46 
128 266 103 266 145 266 
129 145 158 145 165 145 
130 137 191 75 89 137 
131 216 84 58 136 58 
132 270 16 270 196 270 
133 199 172 199 82 199 
134 207 86 207 224 207 
135 119 261 232 218 209 
136 223 150 223 168 223 
137 160 279 160 4 160 
138 141 11 141 230 141 
139 244 138 244 173 244 
140 110 247 110 170 110 
141 64 115 64 241 64 
142 76 76 76 275 76 
143 249 89 249 225 249 
144 205 174 205 197 205 
145 239 173 239 84 239 
146 105 181 105 94 105 
147 180 180 180 38 180 
148 7 7 7 81 7 
149 252 197 252 149 252 
150 132 27 132 194 132 
151 147 93 147 193 147 
152 219 106 219 150 219 
153 92 215 92 96 92 
154 177 21 177 105 177 
155 89 236 89 187 89 
156 83 83 83 251 83 
157 182 79 182 59 182 
158 123 249 123 195 123 
159 27 37 27 21 27 
160 61 132 61 139 61 
161 273 105 273 244 273 
162 204 133 204 208 204 
163 189 189 189 227 189 
164 87 208 87 175 87 
165 6 204 6 110 6 
166 157 176 157 24 157 
167 8 8 8 239 8 
168 71 127 71 54 71 
169 43 4 43 172 43 
170 128 113 128 140 128 
171 220 50 220 10 220 
172 179 117 179 22 179 
173 85 128 85 17 85 
174 79 29 79 238 79 
175 19 239 19 113 19 
176 154 74 119 202 210 
177 210 210 257 266 214 
178 21 262 21 78 21 
179 250 226 250 116 250 
180 122 116 122 190 122 
181 20 182 20 216 20 
182 158 198 158 70 158 
183 236 112 236 264 236 
184 98 122 98 23 98 
185 225 270 225 261 225 
186 208 104 208 259 208 
187 167 33 167 201 167 
188 104 126 104 137 104 
189 112 123 112 95 112 
190 120 216 120 108 120 
191 118 42 118 118 118 
192 51 36 51 9 51 
193 139 218 139 67 139 
194 10 211 10 121 10 
195 155 240 155 77 155 
196 13 90 13 163 13 
197 243 142 243 271 243 
198 241 111 241 28 241 
199 94 95 94 166 94 
200 274 114 274 75 274 
201 271 131 271 198 271 
202 277 96 277 127 277 
203 39 161 39 158 39 
204 2 65 2 86 2 
205 66 67 66 98 66 
206 97 146 97 90 97 
207 60 163 60 232 60 
208 215 159 215 71 215 
209 55 235 55 19 55 
210 127 244 127 101 127 
211 69 109 134 255 69 
212 96 277 96 144 96 
213 247 110 247 134 247 
214 4 43 4 223 4 
215 34 225 34 35 34 
216 108 47 108 80 108 
217 237 237 237 161 237 
218 48 48 48 220 48 
219 262 275 262 40 262 
220 194 140 272 112 272 
221 103 266 103 236 103 
222 275 188 275 11 275 
223 30 213 30 228 30 
224 217 14 217 39 217 
225 159 51 159 155 159 
226 209 88 136 91 228 
227 255 38 261 32 232 
228 52 13 52 99 52 
229 36 230 36 53 36 
230 181 26 181 206 181 
231 230 6 230 68 230 
232 191 256 191 235 191 
233 133 246 133 128 133 
234 232 243 267 248 267 
235 169 167 169 20 169 
236 56 55 56 69 56 
237 214 168 196 257 196 
238 196 190 86 120 86 
239 259 40 214 31 255 
240 279 101 279 26 279 
241 72 222 72 253 72 
242 1 136 143 25 257 
243 202 248 202 174 202 
244 23 125 23 156 23 
245 65 195 65 178 65 
246 187 276 152 160 258 
247 135 135 135 16 135 
248 245 141 245 30 245 
249 224 5 224 74 224 
250 5 77 5 278 5 
251 222 49 222 141 222 
252 197 260 197 263 197 
253 242 62 242 169 242 
254 161 99 161 229 161 
255 178 178 178 148 178 
256 29 20 29 242 29 
257 49 151 49 50 49 
258 9 45 9 87 9 
259 126 94 126 8 126 
260 267 214 187 56 259 
261 78 183 78 58 78 
262 138 71 138 103 138 
263 42 118 42 126 42 
264 260 269 260 45 260 
265 264 41 264 138 264 
266 168 57 168 214 168 
267 257 232 154 85 261 
268 248 202 248 177 248 
269 195 199 195 205 195 
270 18 23 18 200 18 
271 278 68 278 147 278 
272 272 58 84 203 84 
273 276 258 175 276 276 
274 131 24 131 133 131 
275 164 169 164 64 164 
276 134 129 69 262 134 
277 153 2 153 79 153 
278 41 60 41 46 41 
279 165 179 165 279 165 
