***********************************
Experiment parameters:
Experiment results:
Permutations:
I U RANK QCV rand PATH 
1 236 142 3 47 3 
2 204 220 204 186 66 
3 144 109 168 180 144 
4 131 3 169 273 73 
5 95 272 95 176 95 
6 78 84 23 14 133 
7 91 30 91 135 91 
8 52 243 52 167 52 
9 214 92 214 267 214 
10 16 172 16 142 16 
11 213 153 213 234 213 
12 240 4 240 72 240 
13 35 34 35 245 35 
14 55 28 55 57 55 
15 8 228 69 66 69 
16 85 15 85 125 85 
17 4 149 4 207 4 
18 23 64 195 254 78 
19 244 262 244 171 244 
20 12 176 176 104 84 
21 81 178 81 5 81 
22 3 141 64 93 90 
23 17 24 17 65 17 
24 199 96 199 76 199 
25 98 194 98 15 98 
26 188 174 188 52 188 
27 92 214 92 151 92 
28 69 251 8 42 8 
29 182 181 182 185 182 
30 1 246 1 159 1 
31 203 229 203 274 203 
32 200 31 200 265 200 
33 165 22 165 100 165 
34 64 155 220 48 108 
35 112 143 112 217 112 
36 237 250 237 188 237 
37 263 41 263 107 263 
38 60 261 60 13 60 
39 83 177 83 55 83 
40 58 147 58 213 58 
41 256 256 256 199 256 
42 186 276 186 123 186 
43 102 192 102 221 102 
44 168 170 144 191 168 
45 148 113 148 153 148 
46 110 188 110 124 110 
47 130 98 130 183 130 
48 247 247 247 233 247 
49 169 195 202 204 131 
50 193 133 193 215 193 
51 218 35 218 237 218 
52 269 266 269 212 269 
53 157 16 157 37 157 
54 118 193 118 109 118 
55 229 180 229 7 229 
56 49 49 49 249 49 
57 84 226 277 219 141 
58 50 118 50 277 50 
59 68 44 68 43 68 
60 134 57 134 88 134 
61 146 127 146 130 146 
62 270 140 270 252 270 
63 180 189 180 182 180 
64 267 196 267 211 267 
65 207 111 207 268 207 
66 250 101 250 146 250 
67 9 9 9 270 9 
68 254 65 254 114 254 
69 56 215 76 260 142 
70 47 269 47 192 47 
71 266 203 266 132 266 
72 140 144 140 226 140 
73 29 146 29 34 29 
74 241 267 241 129 241 
75 10 85 10 209 10 
76 246 67 246 102 246 
77 222 138 222 184 222 
78 114 225 114 6 114 
79 181 217 181 246 181 
80 99 152 99 33 99 
81 71 71 71 269 71 
82 142 202 78 210 155 
83 31 231 31 115 31 
84 248 32 248 122 248 
85 184 37 184 240 184 
86 57 134 57 143 57 
87 175 258 175 111 175 
88 276 117 276 117 276 
89 97 254 97 152 97 
90 137 237 137 3 137 
91 153 222 153 164 153 
92 20 279 20 63 20 
93 164 82 164 131 164 
94 136 129 136 231 136 
95 61 245 61 44 61 
96 36 253 36 51 36 
97 40 40 40 49 40 
98 262 128 262 189 262 
99 141 230 84 61 163 
100 32 242 32 73 32 
101 225 1 225 62 225 
102 143 29 143 2 170 
103 251 69 251 18 251 
104 63 158 63 106 63 
105 155 204 233 92 169 
106 190 190 190 1 190 
107 245 61 245 36 245 
108 108 277 90 250 176 
109 30 186 30 154 30 
110 187 244 187 29 187 
111 33 241 33 27 33 
112 21 249 21 83 21 
113 273 227 273 258 273 
114 73 164 133 12 23 
115 224 18 224 162 224 
116 42 130 42 181 42 
117 212 223 212 272 212 
118 161 208 161 243 161 
119 74 89 74 256 74 
120 120 139 120 41 120 
121 48 87 48 119 48 
122 133 211 73 179 64 
123 124 264 124 157 124 
124 88 173 171 97 88 
125 260 273 260 60 260 
126 77 45 77 247 77 
127 278 165 278 222 278 
128 22 100 22 145 22 
129 242 161 242 165 242 
130 170 175 170 89 143 
131 171 79 88 136 171 
132 116 166 116 196 116 
133 145 187 145 82 145 
134 149 60 149 224 149 
135 90 90 108 218 195 
136 127 88 127 168 127 
137 174 268 174 4 174 
138 178 62 178 230 178 
139 156 255 156 173 156 
140 119 72 119 170 119 
141 191 191 191 241 191 
142 123 123 123 275 123 
143 75 213 75 225 75 
144 208 120 208 197 208 
145 65 21 65 84 65 
146 96 77 96 94 96 
147 104 104 104 38 104 
148 132 132 132 81 132 
149 228 8 228 149 228 
150 217 70 217 194 217 
151 183 80 183 193 183 
152 79 201 79 150 79 
153 107 59 107 96 107 
154 138 121 138 105 138 
155 192 252 192 187 192 
156 150 150 150 251 150 
157 106 5 106 59 106 
158 223 235 223 195 223 
159 54 81 54 21 54 
160 70 47 70 139 70 
161 234 122 234 244 234 
162 129 154 129 208 129 
163 257 257 257 227 257 
164 210 110 210 175 210 
165 227 224 227 110 227 
166 82 50 82 24 82 
167 115 115 115 239 115 
168 255 156 255 54 255 
169 135 135 135 172 135 
170 80 183 80 140 80 
171 198 126 198 10 198 
172 166 200 166 22 166 
173 154 136 154 17 154 
174 105 105 105 238 105 
175 2 51 2 113 2 
176 176 275 226 202 202 
177 163 163 236 266 204 
178 89 75 89 78 89 
179 259 205 259 116 259 
180 185 20 185 190 185 
181 5 106 5 216 5 
182 197 185 197 70 197 
183 111 184 111 264 111 
184 279 197 279 23 279 
185 67 53 67 261 67 
186 44 263 44 259 44 
187 219 52 219 201 219 
188 268 167 268 137 268 
189 252 6 252 95 252 
190 206 112 206 108 206 
191 128 198 128 118 128 
192 18 13 18 9 18 
193 264 145 264 67 264 
194 45 199 45 121 45 
195 41 210 41 77 41 
196 194 95 194 163 194 
197 261 54 261 271 261 
198 201 36 201 28 201 
199 167 99 167 166 167 
200 43 38 43 75 43 
201 179 218 179 198 179 
202 26 259 177 127 177 
203 235 74 235 158 235 
204 177 160 249 86 249 
205 37 102 37 98 37 
206 28 26 28 90 28 
207 162 114 162 232 162 
208 232 232 232 71 232 
209 19 137 19 19 19 
210 216 159 216 101 7 
211 7 124 7 255 216 
212 86 68 86 144 86 
213 72 119 72 134 72 
214 271 271 271 223 271 
215 34 42 34 35 34 
216 196 33 196 80 196 
217 221 221 221 161 221 
218 103 27 103 220 103 
219 265 207 265 40 265 
220 211 11 211 112 211 
221 139 234 139 236 139 
222 121 212 121 11 121 
223 6 265 6 228 6 
224 113 148 113 39 113 
225 14 63 14 155 14 
226 195 233 215 91 215 
227 226 76 131 32 220 
228 53 209 53 99 53 
229 274 274 274 53 274 
230 100 248 100 206 100 
231 158 14 158 68 158 
232 258 171 258 235 258 
233 13 107 13 128 13 
234 230 240 12 248 12 
235 51 219 51 20 51 
236 209 179 209 69 209 
237 249 12 56 257 56 
238 76 56 147 120 147 
239 220 131 275 31 226 
240 205 86 205 26 205 
241 87 58 87 253 87 
242 233 78 230 25 230 
243 151 39 151 174 151 
244 11 73 11 156 11 
245 126 66 126 178 126 
246 253 23 141 160 233 
247 27 103 27 16 27 
248 189 48 189 30 189 
249 243 91 243 74 243 
250 15 7 15 278 15 
251 215 182 26 141 26 
252 109 168 109 263 109 
253 59 260 59 169 59 
254 24 17 24 229 24 
255 94 94 94 148 94 
256 239 239 239 242 239 
257 172 125 172 50 172 
258 122 278 122 87 122 
259 152 83 152 8 152 
260 147 169 142 56 236 
261 38 116 38 58 38 
262 159 216 159 103 159 
263 117 238 117 126 117 
264 173 206 173 45 173 
265 101 19 101 138 101 
266 62 55 62 214 62 
267 277 236 163 85 275 
268 39 151 39 177 39 
269 160 10 160 205 160 
270 46 46 46 200 46 
271 125 157 125 147 125 
272 202 270 253 203 253 
273 275 108 155 276 277 
274 272 25 272 133 272 
275 238 93 238 64 238 
276 66 97 66 262 76 
277 93 2 93 79 93 
278 231 162 231 46 231 
279 25 43 25 279 25 
