***********************************
Experiment parameters:
Experiment results:
Permutations:
I U RANK QCV rand PATH 
1 251 217 5 47 5 
2 57 117 217 186 21 
3 71 71 71 180 93 
4 146 202 21 273 25 
5 277 238 277 176 277 
6 21 56 202 14 27 
7 68 68 68 135 68 
8 94 223 94 167 94 
9 102 16 102 267 102 
10 106 182 149 142 149 
11 150 145 150 234 150 
12 20 249 20 72 20 
13 137 4 137 245 137 
14 149 207 106 57 106 
15 77 147 77 66 147 
16 213 195 213 125 213 
17 160 167 160 207 160 
18 37 5 25 254 29 
19 43 256 43 171 43 
20 29 74 27 104 36 
21 138 141 138 5 138 
22 25 107 29 93 37 
23 152 188 152 65 152 
24 103 184 103 76 103 
25 116 270 116 15 116 
26 82 169 82 52 82 
27 104 104 104 151 104 
28 147 110 147 42 77 
29 249 118 249 185 249 
30 179 116 179 159 179 
31 207 138 207 274 207 
32 234 277 234 265 234 
33 227 185 227 100 227 
34 36 122 161 48 56 
35 8 166 8 217 8 
36 4 129 4 188 4 
37 247 275 247 107 247 
38 257 20 257 13 257 
39 83 198 83 55 83 
40 212 124 212 213 212 
41 180 87 180 199 180 
42 235 69 235 123 235 
43 243 42 243 221 243 
44 93 8 93 191 71 
45 24 93 24 153 24 
46 169 225 169 124 169 
47 32 157 32 183 32 
48 10 10 10 233 10 
49 140 29 36 204 57 
50 263 154 263 215 263 
51 48 55 48 237 48 
52 121 160 121 212 121 
53 141 220 141 37 141 
54 44 96 44 109 44 
55 175 231 175 7 175 
56 3 3 3 249 3 
57 5 232 37 219 74 
58 92 190 92 277 92 
59 41 82 41 43 41 
60 69 171 69 88 69 
61 189 189 189 130 189 
62 130 126 130 252 130 
63 255 140 255 182 255 
64 73 257 73 211 73 
65 155 164 155 268 155 
66 80 48 80 146 80 
67 266 81 266 270 266 
68 210 194 210 114 210 
69 166 57 233 260 90 
70 124 149 124 192 124 
71 228 72 228 132 228 
72 173 259 173 226 173 
73 98 130 98 34 98 
74 11 75 11 129 11 
75 205 97 205 209 205 
76 278 95 278 102 278 
77 164 51 164 184 164 
78 49 236 49 6 49 
79 215 39 215 246 215 
80 275 247 275 33 275 
81 87 180 87 269 87 
82 72 279 56 210 107 
83 208 85 208 115 208 
84 201 88 201 122 201 
85 188 199 188 240 188 
86 272 47 272 143 272 
87 126 24 126 111 126 
88 194 120 194 117 194 
89 246 246 246 152 246 
90 12 244 12 3 12 
91 42 206 42 164 42 
92 1 201 1 63 1 
93 245 245 245 131 245 
94 156 196 156 231 156 
95 14 99 14 44 14 
96 119 23 119 51 119 
97 9 9 9 49 9 
98 47 165 47 189 47 
99 90 161 57 61 111 
100 134 226 134 73 134 
101 222 105 222 62 222 
102 23 31 23 2 23 
103 110 142 110 18 110 
104 240 183 240 106 240 
105 64 90 74 92 117 
106 273 273 273 1 273 
107 99 14 99 36 99 
108 74 233 203 250 122 
109 186 63 186 154 186 
110 28 237 28 29 28 
111 15 66 15 27 15 
112 271 210 271 83 271 
113 30 178 30 258 30 
114 96 44 190 12 190 
115 40 128 40 162 40 
116 218 26 218 181 218 
117 209 209 209 272 209 
118 45 127 45 243 45 
119 253 60 253 256 253 
120 127 103 127 41 127 
121 125 212 125 119 125 
122 190 7 96 179 96 
123 22 211 22 157 22 
124 153 98 58 97 58 
125 269 53 269 60 269 
126 168 134 168 247 168 
127 181 123 181 222 181 
128 185 114 185 145 185 
129 123 159 123 165 123 
130 142 173 142 89 142 
131 58 153 153 136 153 
132 151 46 151 196 151 
133 165 235 165 82 165 
134 231 73 231 224 231 
135 111 37 90 218 144 
136 54 200 54 168 54 
137 193 83 193 4 193 
138 252 6 252 230 252 
139 62 34 62 173 62 
140 239 241 239 170 239 
141 224 52 224 241 224 
142 101 101 101 275 101 
143 199 76 199 225 199 
144 159 168 159 197 159 
145 84 205 84 84 84 
146 88 174 88 94 88 
147 113 229 113 38 113 
148 17 17 17 81 17 
149 67 261 67 149 67 
150 6 15 6 194 6 
151 183 2 183 193 183 
152 258 77 258 150 258 
153 108 268 108 96 108 
154 61 243 61 105 61 
155 250 176 250 187 250 
156 204 204 204 251 204 
157 65 276 65 59 65 
158 100 91 100 195 100 
159 220 78 220 21 220 
160 242 11 242 139 242 
161 184 1 184 244 184 
162 70 177 70 208 70 
163 52 224 52 227 52 
164 148 133 148 175 148 
165 178 269 178 110 178 
166 7 230 7 24 7 
167 264 264 264 239 264 
168 216 62 216 54 216 
169 112 13 112 172 112 
170 177 108 177 140 177 
171 158 94 158 10 158 
172 95 208 95 22 95 
173 53 162 53 17 53 
174 276 266 276 238 276 
175 195 271 195 113 195 
176 161 36 251 202 146 
177 117 221 221 266 161 
178 51 150 51 78 51 
179 225 267 225 116 225 
180 114 139 114 190 114 
181 18 65 18 216 18 
182 248 181 248 70 248 
183 172 152 172 264 172 
184 174 19 174 23 174 
185 79 151 79 261 79 
186 191 89 191 259 191 
187 120 272 120 201 120 
188 198 148 198 137 198 
189 176 250 176 95 176 
190 260 135 260 108 260 
191 63 186 63 118 63 
192 2 59 2 9 2 
193 197 84 197 67 197 
194 226 192 226 121 226 
195 109 41 109 77 109 
196 85 132 85 163 85 
197 254 102 254 271 254 
198 135 260 135 28 135 
199 262 109 262 166 262 
200 187 79 187 75 187 
201 26 137 26 198 26 
202 27 262 133 127 133 
203 91 35 91 158 91 
204 118 163 223 86 223 
205 145 61 145 98 145 
206 16 106 16 90 16 
207 132 32 132 232 132 
208 268 70 268 71 268 
209 129 222 129 19 129 
210 34 216 34 101 34 
211 115 158 163 255 163 
212 267 38 267 144 267 
213 241 239 241 134 241 
214 13 112 13 223 13 
215 244 218 244 35 244 
216 265 121 265 80 265 
217 274 274 274 161 274 
218 229 113 229 220 229 
219 60 253 60 40 60 
220 133 263 64 112 64 
221 19 45 19 236 19 
222 76 172 76 11 76 
223 35 100 35 228 35 
224 200 58 200 39 200 
225 128 240 128 155 128 
226 221 251 111 91 202 
227 144 21 117 32 203 
228 236 80 236 99 236 
229 162 30 162 53 162 
230 139 227 139 206 139 
231 59 40 59 68 59 
232 31 119 31 235 31 
233 196 86 196 128 196 
234 223 254 167 248 167 
235 143 22 143 20 143 
236 238 234 238 69 238 
237 203 215 72 257 72 
238 122 228 140 120 140 
239 232 111 107 31 217 
240 89 191 89 26 89 
241 182 242 182 253 182 
242 202 144 232 25 221 
243 214 170 214 174 214 
244 230 64 230 156 230 
245 136 115 136 178 136 
246 56 146 279 160 232 
247 131 131 131 16 131 
248 75 175 75 30 75 
249 97 143 97 74 97 
250 171 213 171 278 171 
251 217 265 118 141 118 
252 261 258 261 263 261 
253 86 156 86 169 86 
254 206 155 206 229 206 
255 50 50 50 148 50 
256 81 18 81 242 81 
257 66 252 66 50 66 
258 192 248 192 87 192 
259 38 193 38 8 38 
260 167 25 122 56 233 
261 46 187 46 58 46 
262 33 33 33 103 33 
263 211 197 211 126 211 
264 259 54 259 45 259 
265 55 12 55 138 55 
266 39 125 39 214 39 
267 279 203 144 85 251 
268 170 214 170 177 170 
269 219 43 219 205 219 
270 154 92 154 200 154 
271 78 255 78 147 78 
272 107 67 166 203 166 
273 233 27 146 276 279 
274 105 49 105 133 105 
275 256 219 256 64 256 
276 163 136 115 262 115 
277 237 28 237 79 237 
278 270 278 270 46 270 
279 157 179 157 279 157 
