***********************************
Experiment parameters:
Experiment results:
Permutations:
I U RANK QCV rand PATH 
1 246 129 1 47 238 
2 39 168 2 186 218 
3 44 139 3 180 94 
4 131 56 4 273 113 
5 6 208 5 176 244 
6 169 267 6 14 181 
7 41 181 7 135 79 
8 122 236 8 167 233 
9 159 103 9 267 178 
10 253 154 10 142 43 
11 82 2 11 234 129 
12 200 111 12 72 111 
13 7 233 13 245 134 
14 53 206 14 57 131 
15 45 64 15 66 263 
16 51 175 16 125 251 
17 277 210 17 207 240 
18 54 28 18 254 18 
19 102 223 19 171 110 
20 133 263 20 104 78 
21 158 142 21 5 27 
22 68 148 22 93 7 
23 217 19 23 65 90 
24 60 7 24 76 48 
25 117 99 25 15 277 
26 73 125 26 52 20 
27 141 101 27 151 188 
28 227 100 28 42 184 
29 18 3 29 185 146 
30 3 186 30 159 267 
31 221 190 31 274 139 
32 208 127 32 265 197 
33 237 192 33 100 49 
34 193 82 34 48 253 
35 252 8 35 217 239 
36 125 256 36 188 33 
37 67 196 37 107 13 
38 48 106 38 13 190 
39 135 10 39 55 89 
40 174 45 40 213 97 
41 118 222 41 199 77 
42 116 252 42 123 29 
43 214 140 43 221 149 
44 194 234 44 191 120 
45 124 253 45 153 193 
46 235 161 46 124 86 
47 10 187 47 183 236 
48 16 108 48 233 16 
49 153 15 49 204 22 
50 76 265 50 215 68 
51 87 150 51 237 278 
52 80 239 52 212 152 
53 234 241 53 37 32 
54 94 188 54 109 186 
55 70 209 55 7 116 
56 4 134 56 249 4 
57 14 238 57 219 260 
58 261 119 58 277 60 
59 29 195 59 43 151 
60 209 91 60 88 87 
61 266 200 61 130 83 
62 56 230 62 252 142 
63 27 65 63 182 250 
64 100 95 64 211 205 
65 21 153 65 268 183 
66 168 109 66 146 63 
67 151 245 67 270 176 
68 148 165 68 114 57 
69 120 83 69 260 45 
70 183 251 70 192 34 
71 202 212 71 132 212 
72 229 74 72 226 70 
73 248 69 73 34 47 
74 218 171 74 129 54 
75 190 32 75 209 266 
76 225 141 76 102 108 
77 192 191 77 184 1 
78 71 96 78 6 118 
79 123 228 79 246 150 
80 28 63 80 33 255 
81 78 158 81 269 147 
82 98 117 82 210 117 
83 50 39 83 115 71 
84 101 128 84 122 249 
85 38 113 85 240 211 
86 79 201 86 143 143 
87 215 57 87 111 61 
88 160 70 88 117 201 
89 244 18 89 152 96 
90 113 207 90 3 19 
91 129 130 91 164 231 
92 47 52 92 63 26 
93 35 25 93 131 225 
94 251 226 94 231 245 
95 37 115 95 44 10 
96 249 67 96 51 17 
97 91 24 97 49 229 
98 19 143 98 189 85 
99 30 257 99 61 171 
100 198 279 100 73 130 
101 232 199 101 62 51 
102 81 180 102 2 273 
103 222 126 103 18 15 
104 224 36 104 106 276 
105 15 71 105 92 158 
106 115 225 106 1 195 
107 66 205 107 36 37 
108 36 278 108 250 30 
109 265 160 109 154 112 
110 175 214 110 29 174 
111 256 1 111 27 114 
112 142 90 112 83 148 
113 157 179 113 258 66 
114 177 136 114 12 21 
115 146 35 115 162 74 
116 245 178 116 181 157 
117 207 4 117 272 107 
118 182 124 118 243 173 
119 107 254 119 256 207 
120 191 121 120 41 159 
121 267 244 121 119 279 
122 238 26 122 179 52 
123 279 89 123 157 5 
124 269 78 124 97 165 
125 34 159 125 60 243 
126 155 194 126 247 64 
127 109 87 127 222 91 
128 11 131 128 145 194 
129 139 249 129 165 109 
130 110 184 130 89 237 
131 138 86 131 136 122 
132 195 138 132 196 206 
133 260 46 133 82 125 
134 186 229 134 224 175 
135 219 38 135 218 38 
136 23 60 136 168 119 
137 203 98 137 4 80 
138 163 177 138 230 69 
139 57 169 139 173 210 
140 127 247 140 170 24 
141 233 227 141 241 227 
142 189 215 142 275 215 
143 272 144 143 225 223 
144 274 274 144 197 164 
145 164 213 145 84 274 
146 243 202 146 94 56 
147 236 220 147 38 220 
148 55 270 148 81 208 
149 77 94 149 149 106 
150 205 231 150 194 62 
151 121 271 151 193 35 
152 188 62 152 150 36 
153 111 277 153 96 156 
154 206 20 154 105 192 
155 185 88 155 187 241 
156 223 120 156 251 168 
157 84 189 157 59 82 
158 212 23 158 195 224 
159 147 54 159 21 272 
160 61 73 160 139 73 
161 119 112 161 244 100 
162 2 72 162 208 264 
163 130 66 163 227 256 
164 13 85 164 175 128 
165 90 105 165 110 31 
166 184 237 166 24 172 
167 137 29 167 239 180 
168 196 30 168 54 262 
169 9 152 169 172 102 
170 25 173 170 140 92 
171 257 22 171 10 25 
172 8 116 172 22 247 
173 99 33 173 17 196 
174 259 92 174 238 219 
175 58 104 175 113 268 
176 32 198 176 202 198 
177 262 185 177 266 11 
178 211 243 178 78 217 
179 152 219 179 116 209 
180 105 262 180 190 135 
181 43 80 181 216 99 
182 140 261 182 70 161 
183 85 84 183 264 126 
184 210 27 184 23 115 
185 230 259 185 261 2 
186 199 118 186 259 8 
187 126 37 187 201 72 
188 149 242 188 137 98 
189 258 123 189 95 154 
190 228 149 190 108 53 
191 167 75 191 118 137 
192 271 40 192 9 41 
193 197 68 193 67 265 
194 263 41 194 121 226 
195 278 42 195 77 123 
196 20 31 196 163 166 
197 172 162 197 271 162 
198 273 97 198 28 187 
199 65 14 199 166 76 
200 108 44 200 75 133 
201 74 272 201 198 259 
202 40 275 202 127 127 
203 33 43 203 158 258 
204 49 102 204 86 160 
205 255 48 205 98 199 
206 154 49 206 90 167 
207 62 76 207 232 177 
208 83 51 208 71 59 
209 17 11 209 19 81 
210 112 170 210 101 170 
211 170 6 211 255 6 
212 128 50 212 144 50 
213 181 216 213 134 40 
214 5 93 214 223 124 
215 22 246 215 35 163 
216 187 53 216 80 144 
217 64 157 217 161 203 
218 92 77 218 220 269 
219 276 55 219 40 141 
220 268 248 220 112 228 
221 59 21 221 236 214 
222 93 264 222 11 261 
223 72 232 223 228 153 
224 241 17 224 39 67 
225 95 59 225 155 105 
226 97 133 226 91 138 
227 250 203 227 32 75 
228 165 235 228 99 235 
229 247 135 229 53 42 
230 179 146 230 206 204 
231 143 79 231 68 248 
232 63 107 232 235 202 
233 166 273 233 128 93 
234 103 58 234 248 84 
235 134 151 235 20 55 
236 254 122 236 69 222 
237 52 145 237 257 221 
238 161 268 238 120 169 
239 132 176 239 31 3 
240 1 5 240 26 58 
241 144 166 241 253 254 
242 216 132 242 25 95 
243 104 16 243 174 232 
244 31 147 244 156 242 
245 162 258 245 178 230 
246 88 269 246 160 104 
247 213 182 247 16 155 
248 12 276 248 30 140 
249 240 156 249 74 216 
250 264 167 250 278 65 
251 106 110 251 141 145 
252 204 204 252 263 103 
253 220 34 253 169 182 
254 176 47 254 229 14 
255 136 250 255 148 191 
256 145 81 256 242 185 
257 275 12 257 50 12 
258 173 221 258 87 39 
259 231 174 259 8 9 
260 178 13 260 56 275 
261 75 155 261 58 271 
262 69 218 262 103 28 
263 239 61 263 126 121 
264 270 137 264 45 270 
265 171 211 265 138 88 
266 42 266 266 214 200 
267 201 217 267 85 44 
268 89 114 268 177 46 
269 26 183 269 205 257 
270 180 224 270 200 189 
271 86 260 271 147 179 
272 156 163 272 203 132 
273 242 197 273 276 252 
274 150 240 274 133 101 
275 24 193 275 64 234 
276 114 172 276 262 23 
277 46 164 277 79 213 
278 226 9 278 46 136 
279 96 255 279 279 246 
