***********************************
Experiment parameters:
Experiment results:
Permutations:
I U RANK QCV rand PATH 
1 252 241 3 47 3 
2 206 56 196 186 14 
3 134 137 134 180 134 
4 203 3 14 273 17 
5 244 36 244 176 244 
6 98 128 194 14 20 
7 161 38 161 135 161 
8 15 251 15 167 15 
9 157 240 157 267 157 
10 17 130 236 142 236 
11 166 92 166 234 166 
12 73 131 73 72 73 
13 101 37 101 245 101 
14 22 201 22 57 22 
15 114 62 132 66 132 
16 84 104 84 125 84 
17 86 209 86 207 86 
18 14 252 17 254 24 
19 30 53 30 171 30 
20 20 203 20 104 56 
21 232 229 232 5 232 
22 3 260 24 93 78 
23 92 4 92 65 92 
24 224 136 224 76 224 
25 140 69 140 15 140 
26 259 271 259 52 259 
27 162 22 162 151 162 
28 132 213 114 42 114 
29 123 86 123 185 123 
30 21 140 21 159 21 
31 201 110 201 274 201 
32 202 193 202 265 202 
33 210 33 210 100 210 
34 35 144 203 48 81 
35 85 72 85 217 85 
36 6 39 6 188 6 
37 105 60 105 107 105 
38 254 77 254 13 254 
39 211 12 211 55 211 
40 91 232 91 213 91 
41 64 106 64 199 64 
42 53 138 53 123 53 
43 27 276 27 221 27 
44 173 76 173 191 173 
45 88 177 88 153 88 
46 79 211 79 124 79 
47 48 141 48 183 48 
48 142 142 142 233 142 
49 81 102 241 204 98 
50 120 184 120 215 120 
51 49 178 49 237 49 
52 46 235 46 212 46 
53 258 268 258 37 258 
54 107 107 107 109 107 
55 52 254 52 7 52 
56 245 245 245 249 245 
57 169 277 206 219 102 
58 207 54 207 277 207 
59 150 272 150 43 150 
60 125 71 125 88 125 
61 243 32 243 130 243 
62 62 85 62 252 62 
63 262 257 262 182 262 
64 234 261 234 211 234 
65 195 18 195 268 195 
66 141 250 141 146 141 
67 253 253 253 270 253 
68 273 161 273 114 273 
69 56 188 56 260 115 
70 235 46 235 192 235 
71 189 153 189 132 189 
72 137 187 137 226 137 
73 168 214 168 34 168 
74 229 52 229 129 229 
75 183 66 183 209 183 
76 226 244 226 102 226 
77 18 27 18 184 18 
78 119 80 119 6 119 
79 130 190 130 246 130 
80 191 94 191 33 191 
81 184 64 184 269 184 
82 102 194 169 210 128 
83 178 199 178 115 178 
84 179 227 179 122 179 
85 248 198 248 240 248 
86 220 2 220 143 220 
87 213 31 213 111 213 
88 38 75 38 117 38 
89 71 65 71 152 71 
90 39 119 39 3 39 
91 238 108 238 164 238 
92 118 224 118 63 118 
93 139 207 139 131 139 
94 25 82 25 231 25 
95 11 117 11 44 11 
96 269 173 269 51 269 
97 51 51 51 49 51 
98 264 143 264 189 264 
99 78 78 247 61 144 
100 26 121 26 73 26 
101 193 208 193 62 193 
102 28 8 28 2 28 
103 19 148 19 18 19 
104 197 83 197 106 197 
105 70 14 78 92 169 
106 50 50 50 1 50 
107 90 11 90 36 90 
108 144 279 252 250 188 
109 200 30 200 154 200 
110 167 264 167 29 167 
111 153 91 153 27 153 
112 170 270 170 83 170 
113 5 176 5 258 5 
114 54 139 106 12 54 
115 160 197 160 162 160 
116 29 278 29 181 29 
117 89 103 89 272 89 
118 174 67 174 243 174 
119 4 124 4 256 4 
120 13 158 13 41 13 
121 116 73 116 119 116 
122 106 120 54 179 106 
123 95 273 95 157 95 
124 187 114 87 97 87 
125 96 175 96 60 96 
126 171 10 171 247 171 
127 158 99 158 222 158 
128 227 171 227 145 227 
129 113 179 113 165 113 
130 214 19 214 89 214 
131 87 88 187 136 187 
132 164 44 164 196 164 
133 239 239 239 82 239 
134 131 116 131 224 131 
135 115 247 81 218 194 
136 221 269 221 168 221 
137 159 23 159 4 159 
138 275 149 275 230 275 
139 34 40 34 173 34 
140 93 111 93 170 93 
141 117 90 117 241 117 
142 145 100 145 275 145 
143 74 238 74 225 74 
144 99 174 99 197 99 
145 75 237 75 84 75 
146 10 204 10 94 10 
147 7 225 7 38 7 
148 223 223 223 81 223 
149 8 165 8 149 8 
150 257 152 257 194 257 
151 68 57 68 193 68 
152 177 28 177 150 177 
153 155 5 155 96 155 
154 198 74 198 105 198 
155 108 233 108 187 108 
156 217 215 217 251 217 
157 151 228 151 59 151 
158 219 248 219 195 219 
159 110 156 110 21 110 
160 261 234 261 139 261 
161 255 127 255 244 255 
162 163 96 163 208 163 
163 154 154 154 227 154 
164 61 150 61 175 61 
165 176 112 176 110 176 
166 205 186 205 24 205 
167 246 246 246 239 246 
168 146 34 146 54 146 
169 215 41 215 172 215 
170 63 267 63 140 63 
171 9 42 9 10 9 
172 43 202 43 22 43 
173 242 155 242 17 242 
174 228 126 228 238 228 
175 65 274 65 113 65 
176 182 17 102 202 196 
177 194 230 230 266 203 
178 124 249 124 78 124 
179 265 231 265 116 265 
180 147 113 147 190 147 
181 126 109 126 216 126 
182 67 147 67 70 67 
183 103 266 103 264 103 
184 136 210 136 23 136 
185 45 212 45 261 45 
186 271 61 271 259 271 
187 135 200 135 201 135 
188 231 191 231 137 231 
189 233 89 233 95 233 
190 76 221 76 108 76 
191 185 135 185 118 185 
192 83 25 83 9 83 
193 42 183 42 67 42 
194 127 26 127 121 127 
195 23 259 23 77 23 
196 36 226 36 163 36 
197 156 258 156 271 156 
198 72 134 72 28 72 
199 12 265 12 166 12 
200 278 164 278 75 278 
201 212 47 212 198 212 
202 272 58 272 127 272 
203 266 166 266 158 266 
204 24 185 143 86 143 
205 276 195 276 98 276 
206 240 236 240 90 240 
207 97 97 97 232 97 
208 267 163 267 71 267 
209 37 29 37 19 37 
210 40 256 40 101 40 
211 2 125 2 255 104 
212 94 105 94 144 94 
213 111 93 111 134 111 
214 41 217 41 223 41 
215 199 45 199 35 199 
216 268 262 268 80 268 
217 100 145 100 161 100 
218 225 7 225 220 225 
219 192 222 192 40 192 
220 31 35 35 112 35 
221 204 118 204 236 204 
222 249 1 249 11 249 
223 1 192 1 228 1 
224 32 168 32 39 32 
225 112 63 112 155 112 
226 180 169 115 91 206 
227 241 20 98 32 230 
228 55 6 55 99 55 
229 57 242 57 53 57 
230 33 13 33 206 33 
231 175 68 175 68 175 
232 129 87 129 235 129 
233 82 160 82 128 82 
234 196 157 70 248 70 
235 66 167 66 20 66 
236 250 48 250 69 250 
237 230 275 182 257 182 
238 128 180 180 120 180 
239 247 115 144 31 241 
240 58 159 58 26 58 
241 181 123 181 253 181 
242 260 98 277 25 247 
243 59 218 59 174 59 
244 186 205 186 156 186 
245 251 216 251 178 251 
246 236 196 260 160 252 
247 172 172 172 16 172 
248 149 182 149 30 149 
249 237 15 237 74 237 
250 16 220 16 278 16 
251 209 70 209 141 209 
252 165 129 165 263 165 
253 133 133 133 169 133 
254 222 219 222 229 222 
255 122 122 122 148 122 
256 109 151 109 242 109 
257 190 189 190 50 190 
258 121 255 121 87 121 
259 60 79 60 8 60 
260 188 24 188 56 260 
261 80 101 80 58 80 
262 256 146 256 103 256 
263 274 84 274 126 274 
264 148 132 148 45 148 
265 47 43 47 138 47 
266 152 162 152 214 152 
267 277 206 279 85 277 
268 218 59 218 177 218 
269 270 170 270 205 270 
270 263 263 263 200 263 
271 77 181 77 147 77 
272 143 243 31 203 31 
273 279 81 128 276 279 
274 44 21 44 133 44 
275 216 16 216 64 216 
276 104 95 104 262 2 
277 138 9 138 79 138 
278 69 49 69 46 69 
279 208 55 208 279 208 
