***********************************
Experiment parameters:
Experiment results:
Permutations:
I U RANK QCV rand PATH 
1 239 239 223 47 28 
2 254 156 215 186 155 
3 3 7 120 180 120 
4 157 157 200 273 13 
5 143 143 143 176 143 
6 133 93 17 14 191 
7 47 231 47 135 47 
8 56 6 56 167 56 
9 255 76 255 267 255 
10 108 179 220 142 220 
11 49 49 49 234 49 
12 259 118 259 72 259 
13 20 185 20 245 20 
14 220 141 108 57 108 
15 109 192 192 66 192 
16 6 39 6 125 6 
17 240 159 240 207 240 
18 28 250 28 254 275 
19 126 53 126 171 126 
20 93 57 239 104 181 
21 162 104 162 5 162 
22 82 158 38 93 219 
23 175 183 175 65 175 
24 15 275 15 76 15 
25 277 102 277 15 277 
26 83 9 83 52 83 
27 69 124 69 151 69 
28 192 98 109 42 109 
29 76 142 76 185 76 
30 65 198 65 159 65 
31 104 153 104 274 104 
32 55 65 55 265 55 
33 216 15 216 100 216 
34 17 171 271 48 253 
35 90 264 90 217 90 
36 248 277 248 188 248 
37 243 25 243 107 243 
38 124 5 124 13 124 
39 25 243 25 55 25 
40 178 162 178 213 178 
41 229 134 229 199 229 
42 247 146 247 123 247 
43 169 29 169 221 169 
44 120 101 3 191 3 
45 2 109 2 153 2 
46 270 209 270 124 270 
47 145 248 145 183 145 
48 94 94 94 233 94 
49 158 168 254 204 133 
50 242 96 242 215 242 
51 129 78 129 237 129 
52 193 165 193 212 193 
53 251 167 251 37 251 
54 36 242 36 109 36 
55 64 176 64 7 64 
56 137 137 137 249 137 
57 66 215 57 219 156 
58 127 265 127 277 127 
59 54 33 54 43 54 
60 238 80 238 88 238 
61 7 180 7 130 7 
62 101 236 101 252 101 
63 232 220 232 182 232 
64 206 204 206 211 206 
65 183 190 183 268 183 
66 139 273 139 146 139 
67 32 202 32 270 32 
68 79 84 79 114 79 
69 57 252 66 260 157 
70 141 206 141 192 141 
71 159 251 159 132 159 
72 135 2 135 226 135 
73 117 269 117 34 117 
74 142 193 142 129 142 
75 48 164 48 209 48 
76 70 203 70 102 70 
77 59 191 59 184 59 
78 194 211 194 6 194 
79 151 151 151 246 151 
80 33 97 33 33 33 
81 96 278 96 269 96 
82 160 267 85 210 158 
83 37 20 37 115 37 
84 233 44 233 122 233 
85 201 249 201 240 201 
86 53 138 53 143 53 
87 237 3 237 111 237 
88 27 47 27 117 27 
89 196 63 196 152 196 
90 184 92 184 3 184 
91 191 59 191 164 57 
92 275 50 275 63 66 
93 19 127 19 131 19 
94 170 258 170 231 170 
95 136 136 136 44 136 
96 87 107 87 51 87 
97 41 41 41 49 41 
98 266 186 266 189 266 
99 38 235 93 61 160 
100 234 67 234 73 234 
101 211 14 211 62 211 
102 264 117 107 2 107 
103 166 226 166 18 166 
104 199 75 199 106 199 
105 125 133 250 92 168 
106 154 154 154 1 154 
107 149 40 149 36 149 
108 85 200 235 250 171 
109 39 196 39 154 39 
110 174 123 174 29 174 
111 43 100 43 27 43 
112 63 174 63 83 63 
113 10 170 10 258 10 
114 219 36 253 12 85 
115 75 62 75 162 75 
116 222 37 222 181 222 
117 163 74 163 272 163 
118 8 233 8 243 8 
119 249 268 249 256 249 
120 105 152 105 41 105 
121 118 188 118 119 118 
122 253 19 219 179 93 
123 130 245 130 157 130 
124 269 237 147 97 147 
125 60 91 60 60 60 
126 221 244 221 247 221 
127 228 119 228 222 228 
128 217 68 217 145 217 
129 110 110 110 165 110 
130 107 22 264 89 264 
131 147 90 269 136 269 
132 150 184 150 196 150 
133 84 48 84 82 84 
134 210 1 210 224 210 
135 168 271 279 218 200 
136 52 34 52 168 52 
137 276 45 276 4 276 
138 21 240 21 230 21 
139 213 95 213 173 213 
140 121 86 121 170 121 
141 40 128 40 241 40 
142 13 13 13 275 38 
143 268 212 268 225 268 
144 67 214 67 197 67 
145 112 238 112 84 112 
146 44 105 44 94 44 
147 155 218 155 38 17 
148 122 122 122 81 122 
149 34 46 34 149 34 
150 1 11 1 194 1 
151 114 35 114 193 114 
152 236 227 236 150 236 
153 81 10 81 96 81 
154 190 207 190 105 190 
155 207 169 207 187 207 
156 246 246 246 251 246 
157 202 32 202 59 202 
158 177 224 177 195 177 
159 188 43 188 21 188 
160 204 263 204 139 204 
161 244 216 244 244 244 
162 258 115 258 208 258 
163 128 149 128 227 128 
164 97 276 97 175 97 
165 256 116 256 110 256 
166 265 241 265 24 265 
167 23 23 23 239 23 
168 95 131 95 54 95 
169 4 4 4 172 4 
170 115 81 115 140 115 
171 161 266 161 10 161 
172 42 187 42 22 42 
173 116 172 116 17 116 
174 26 30 26 238 26 
175 164 181 164 113 164 
176 132 17 252 202 215 
177 179 132 132 266 223 
178 212 82 212 78 212 
179 209 261 209 116 209 
180 68 217 68 190 68 
181 89 26 89 216 89 
182 50 144 50 70 50 
183 12 148 12 264 12 
184 152 8 152 23 152 
185 185 77 185 261 185 
186 274 257 274 259 274 
187 245 247 245 201 245 
188 45 270 45 137 45 
189 29 175 29 95 29 
190 98 147 98 108 98 
191 231 51 231 118 231 
192 197 58 197 9 197 
193 51 56 51 67 51 
194 61 221 61 121 61 
195 261 274 261 77 261 
196 78 222 78 163 78 
197 11 21 11 271 11 
198 180 52 180 28 180 
199 111 111 111 166 111 
200 198 55 198 75 198 
201 24 42 24 198 24 
202 100 31 257 127 257 
203 74 73 74 158 74 
204 257 161 186 86 186 
205 73 163 73 98 73 
206 263 64 263 90 263 
207 92 194 92 232 92 
208 260 260 260 71 260 
209 77 24 77 19 77 
210 230 213 230 101 123 
211 123 126 123 255 230 
212 173 83 173 144 173 
213 86 121 86 134 86 
214 182 182 182 223 182 
215 273 145 273 35 273 
216 195 108 195 80 195 
217 99 99 99 161 99 
218 208 155 208 220 208 
219 226 177 82 40 82 
220 134 253 134 112 134 
221 214 234 214 236 214 
222 148 201 148 11 148 
223 224 272 224 228 224 
224 46 225 46 39 46 
225 62 60 62 155 62 
226 223 66 267 91 235 
227 250 279 156 32 239 
228 140 150 140 99 140 
229 172 197 172 53 172 
230 119 228 119 206 119 
231 58 199 58 68 58 
232 22 87 22 235 22 
233 35 114 35 128 35 
234 200 69 176 248 176 
235 113 130 113 20 113 
236 72 140 72 69 72 
237 215 71 125 257 125 
238 186 232 179 120 179 
239 279 254 133 31 250 
240 9 173 9 26 9 
241 71 125 71 253 71 
242 271 160 157 25 252 
243 205 88 205 174 205 
244 241 229 241 156 241 
245 146 189 146 178 146 
246 171 28 158 160 254 
247 218 208 218 16 218 
248 167 195 167 30 167 
249 262 79 262 74 262 
250 138 18 138 278 138 
251 156 255 100 141 100 
252 225 120 225 263 225 
253 91 256 91 169 91 
254 272 12 272 229 272 
255 106 106 106 148 106 
256 30 89 30 242 30 
257 5 259 5 50 5 
258 144 61 144 87 144 
259 31 54 31 8 31 
260 252 85 160 56 267 
261 203 129 203 58 203 
262 131 230 131 103 131 
263 80 103 80 126 80 
264 227 135 227 45 227 
265 16 139 16 138 16 
266 153 210 153 214 153 
267 235 223 168 85 271 
268 88 205 88 177 88 
269 103 112 103 205 103 
270 278 219 278 200 278 
271 165 178 165 147 165 
272 176 166 226 203 226 
273 267 38 171 276 279 
274 14 70 14 133 14 
275 18 27 18 64 18 
276 181 113 181 262 132 
277 189 262 189 79 189 
278 187 72 187 46 187 
279 102 16 102 279 102 
