***********************************
Experiment parameters:
Experiment results:
Permutations:
I U RANK QCV rand PATH 
1 274 172 6 47 26 
2 269 210 172 186 245 
3 110 43 110 180 110 
4 119 105 21 273 44 
5 131 61 131 176 131 
6 68 84 26 14 151 
7 109 224 109 135 109 
8 41 114 41 167 41 
9 241 189 241 267 241 
10 18 176 129 142 129 
11 236 263 236 234 236 
12 198 207 198 72 198 
13 153 192 153 245 153 
14 129 104 178 57 178 
15 74 161 74 66 74 
16 165 124 165 125 165 
17 238 101 238 207 238 
18 20 71 31 254 28 
19 271 73 271 171 271 
20 31 6 269 104 173 
21 270 122 270 5 270 
22 6 255 33 93 264 
23 27 262 27 65 27 
24 42 42 42 76 42 
25 83 227 83 15 83 
26 47 70 47 52 47 
27 21 247 199 151 199 
28 243 171 243 42 243 
29 234 4 234 185 234 
30 183 211 183 159 183 
31 215 142 215 274 215 
32 32 237 32 265 32 
33 143 260 143 100 143 
34 59 136 182 48 68 
35 221 186 221 217 221 
36 96 126 96 188 96 
37 223 223 223 107 223 
38 197 129 197 13 197 
39 93 212 93 55 93 
40 60 199 60 213 60 
41 94 77 94 199 94 
42 124 87 124 123 124 
43 145 267 145 221 145 
44 253 202 253 191 253 
45 202 110 202 153 202 
46 11 86 11 124 11 
47 107 213 107 183 107 
48 53 53 53 233 53 
49 89 119 170 204 71 
50 91 28 91 215 91 
51 5 90 5 237 5 
52 189 204 189 212 189 
53 184 178 184 37 184 
54 225 173 225 109 225 
55 117 179 117 7 117 
56 180 180 180 249 180 
57 84 182 59 219 78 
58 98 150 98 277 98 
59 86 93 86 43 86 
60 190 138 190 88 190 
61 8 258 8 130 8 
62 265 272 265 252 265 
63 176 184 176 182 176 
64 39 198 39 211 39 
65 263 193 263 268 263 
66 126 92 126 146 126 
67 259 146 259 270 259 
68 277 190 277 114 277 
69 88 269 66 260 84 
70 152 208 152 192 152 
71 4 270 4 132 4 
72 43 168 43 226 43 
73 97 169 97 34 97 
74 207 234 207 129 207 
75 87 191 87 209 87 
76 154 32 154 102 154 
77 108 14 108 184 108 
78 201 160 201 6 201 
79 279 117 279 246 279 
80 120 36 120 33 120 
81 29 91 29 269 29 
82 33 261 68 210 89 
83 92 130 92 115 92 
84 81 79 81 122 81 
85 251 236 251 240 251 
86 138 109 138 143 138 
87 161 8 161 111 161 
88 19 19 19 117 19 
89 73 177 73 152 73 
90 211 201 211 3 211 
91 151 108 151 164 31 
92 264 103 264 63 33 
93 150 225 150 131 150 
94 112 65 112 231 112 
95 273 141 273 44 273 
96 168 22 168 51 168 
97 266 266 266 49 266 
98 206 106 206 189 206 
99 149 170 255 61 105 
100 79 37 79 73 79 
101 61 153 61 62 61 
102 113 253 258 2 113 
103 137 221 137 18 137 
104 231 140 231 106 231 
105 105 68 261 92 119 
106 164 164 164 1 164 
107 141 99 141 36 141 
108 166 59 71 250 136 
109 191 222 191 154 191 
110 177 239 177 29 177 
111 208 152 208 27 208 
112 239 256 239 83 239 
113 9 252 9 258 9 
114 28 94 28 12 66 
115 56 24 56 162 56 
116 237 248 237 181 237 
117 257 132 257 272 257 
118 232 123 232 243 232 
119 16 145 16 256 16 
120 144 144 144 41 144 
121 104 88 104 119 104 
122 173 98 173 179 59 
123 69 271 69 157 69 
124 22 113 18 97 18 
125 65 167 65 60 65 
126 260 181 260 247 260 
127 220 128 220 222 220 
128 15 275 15 145 15 
129 275 194 275 165 275 
130 258 243 113 89 258 
131 199 97 22 136 22 
132 90 218 90 196 90 
133 195 63 195 82 195 
134 12 30 12 224 12 
135 78 78 78 218 149 
136 85 18 85 168 85 
137 226 226 226 4 226 
138 142 12 142 230 142 
139 34 46 34 173 34 
140 40 134 40 170 40 
141 111 111 111 241 111 
142 44 44 44 275 21 
143 267 27 267 225 267 
144 37 220 37 197 37 
145 64 233 64 84 64 
146 10 1 10 94 10 
147 245 245 245 38 6 
148 196 196 196 81 196 
149 58 137 58 149 58 
150 95 39 95 194 95 
151 167 231 167 193 167 
152 171 276 171 150 171 
153 25 75 25 96 25 
154 51 228 51 105 51 
155 49 205 49 187 49 
156 235 230 235 251 235 
157 162 203 162 59 162 
158 57 246 57 195 57 
159 185 60 185 21 185 
160 30 185 30 139 30 
161 1 10 1 244 1 
162 156 112 156 208 156 
163 99 273 99 227 99 
164 115 250 115 175 115 
165 75 35 75 110 75 
166 139 157 139 24 139 
167 72 72 72 239 72 
168 2 2 2 54 2 
169 254 254 254 172 254 
170 135 25 135 140 135 
171 63 69 63 10 63 
172 244 107 244 22 244 
173 35 135 35 17 35 
174 146 162 146 238 146 
175 48 277 48 113 48 
176 136 274 268 202 166 
177 250 149 84 266 170 
178 132 251 132 78 132 
179 45 52 45 116 45 
180 194 55 194 190 194 
181 203 259 203 216 203 
182 128 81 128 70 128 
183 228 49 228 264 228 
184 229 143 229 23 229 
185 158 242 158 261 158 
186 212 11 212 259 212 
187 127 195 127 201 127 
188 209 47 209 137 209 
189 246 51 246 95 246 
190 272 74 272 108 272 
191 38 200 38 118 38 
192 175 23 175 9 175 
193 200 155 200 67 200 
194 55 15 55 121 55 
195 118 118 118 77 118 
196 80 244 80 163 80 
197 116 197 116 271 116 
198 186 265 186 28 186 
199 70 278 70 166 70 
200 242 82 242 75 242 
201 148 158 148 198 148 
202 77 120 250 127 250 
203 125 125 125 158 125 
204 106 188 106 86 106 
205 193 187 193 98 193 
206 204 62 204 90 204 
207 248 131 248 232 248 
208 23 159 23 71 23 
209 213 183 213 19 213 
210 46 34 46 101 46 
211 155 17 155 255 155 
212 36 45 36 144 36 
213 134 40 134 134 134 
214 230 235 230 223 230 
215 160 80 160 35 160 
216 76 216 76 80 76 
217 102 102 102 161 102 
218 147 121 147 220 147 
219 262 257 262 40 262 
220 101 29 77 112 77 
221 181 229 181 236 181 
222 14 57 14 11 14 
223 205 16 205 228 205 
224 54 58 54 39 54 
225 140 56 140 155 140 
226 179 66 89 91 172 
227 210 89 210 32 182 
228 130 83 130 99 130 
229 252 175 252 53 252 
230 103 232 103 206 103 
231 24 50 24 68 24 
232 169 67 169 235 169 
233 50 156 50 128 50 
234 66 76 179 248 20 
235 100 100 100 20 100 
236 192 154 192 69 192 
237 182 279 20 257 179 
238 71 215 88 120 88 
239 170 21 105 31 210 
240 278 115 278 26 278 
241 122 241 122 253 122 
242 255 166 119 25 255 
243 13 133 13 174 13 
244 157 139 157 156 157 
245 17 127 17 178 17 
246 172 31 274 160 261 
247 121 147 121 16 121 
248 240 95 240 30 240 
249 256 38 256 74 256 
250 188 206 188 278 188 
251 276 20 101 141 101 
252 217 54 217 263 217 
253 159 9 159 169 159 
254 187 151 187 229 187 
255 163 163 163 148 163 
256 249 249 249 242 249 
257 247 238 247 50 247 
258 123 264 123 87 123 
259 52 209 52 8 52 
260 26 268 136 56 268 
261 7 148 7 58 7 
262 3 3 3 103 3 
263 219 41 219 126 219 
264 67 85 67 45 67 
265 214 5 214 138 214 
266 216 240 216 214 216 
267 268 33 149 85 269 
268 133 13 133 177 133 
269 233 219 233 205 233 
270 174 174 174 200 174 
271 62 116 62 147 62 
272 178 217 276 203 276 
273 261 26 166 276 274 
274 227 7 227 133 227 
275 222 48 222 64 222 
276 224 165 224 262 224 
277 114 64 114 79 114 
278 82 96 82 46 82 
279 218 214 218 279 218 
