***********************************
Experiment parameters:
Experiment results:
Permutations:
I U RANK QCV rand PATH 
1 245 133 1 47 166 
2 110 121 2 186 125 
3 161 20 3 180 184 
4 98 92 4 273 29 
5 209 190 5 176 108 
6 172 247 6 14 268 
7 20 174 7 135 261 
8 259 260 8 167 251 
9 59 102 9 267 189 
10 47 1 10 142 133 
11 129 2 11 234 227 
12 49 79 12 72 186 
13 170 239 13 245 202 
14 43 180 14 57 212 
15 179 199 15 66 107 
16 164 117 16 125 13 
17 149 222 17 207 185 
18 88 220 18 254 109 
19 65 201 19 171 231 
20 78 51 20 104 61 
21 125 156 21 5 269 
22 96 216 22 93 63 
23 30 3 23 65 246 
24 232 7 24 76 215 
25 243 41 25 15 210 
26 97 84 26 52 157 
27 204 98 27 151 31 
28 207 162 28 42 10 
29 54 5 29 185 5 
30 40 178 30 159 154 
31 22 184 31 274 20 
32 76 131 32 265 62 
33 231 185 33 100 80 
34 186 204 34 48 15 
35 220 218 35 217 9 
36 64 9 36 188 25 
37 6 116 37 107 97 
38 215 207 38 13 221 
39 73 10 39 55 161 
40 13 221 40 213 46 
41 165 91 41 199 119 
42 235 242 42 123 173 
43 180 148 43 221 277 
44 66 82 44 191 101 
45 45 243 45 153 199 
46 163 161 46 124 140 
47 103 183 47 183 18 
48 44 80 48 233 139 
49 250 268 49 204 102 
50 106 67 50 215 99 
51 15 232 51 237 273 
52 41 45 52 212 190 
53 255 129 53 37 90 
54 29 100 54 109 60 
55 57 39 55 7 211 
56 27 198 56 249 250 
57 17 191 57 219 92 
58 90 195 58 277 16 
59 263 186 59 43 145 
60 261 200 60 88 113 
61 216 78 61 130 55 
62 62 215 62 252 128 
63 2 126 63 182 132 
64 69 127 64 211 120 
65 33 205 65 268 72 
66 134 230 66 146 141 
67 241 181 67 270 137 
68 183 135 68 114 21 
69 152 88 69 260 150 
70 173 251 70 192 105 
71 108 259 71 132 259 
72 71 53 72 226 177 
73 176 203 73 34 74 
74 132 74 74 129 270 
75 25 101 75 209 3 
76 75 139 76 102 54 
77 11 103 77 184 229 
78 133 226 78 6 222 
79 32 236 79 246 77 
80 102 194 80 33 241 
81 195 30 81 269 263 
82 136 262 82 210 207 
83 127 110 83 115 118 
84 9 96 84 122 64 
85 153 130 85 240 243 
86 146 171 86 143 275 
87 221 62 87 111 156 
88 218 69 88 117 206 
89 203 120 89 152 223 
90 3 54 90 3 220 
91 94 70 91 164 136 
92 277 99 92 63 143 
93 61 128 93 131 167 
94 19 277 94 231 85 
95 276 188 95 44 84 
96 50 46 96 51 34 
97 265 187 97 49 196 
98 26 17 98 189 171 
99 248 210 99 61 160 
100 111 248 100 73 2 
101 206 165 101 62 28 
102 21 19 102 2 182 
103 157 65 103 18 276 
104 174 257 104 106 257 
105 84 270 105 92 197 
106 51 223 106 1 131 
107 12 189 107 36 165 
108 167 269 108 250 130 
109 80 124 109 154 111 
110 131 208 110 29 68 
111 166 202 111 27 249 
112 99 87 112 83 255 
113 198 173 113 258 122 
114 138 59 114 12 114 
115 24 149 115 162 144 
116 219 166 116 181 219 
117 196 228 117 272 12 
118 124 258 118 243 124 
119 147 246 119 256 216 
120 269 196 120 41 187 
121 141 235 121 119 56 
122 143 143 122 179 217 
123 46 264 123 157 121 
124 254 140 124 97 224 
125 52 177 125 60 264 
126 48 24 126 247 162 
127 205 113 127 222 200 
128 210 125 128 145 232 
129 228 233 129 165 155 
130 247 234 130 89 194 
131 23 119 131 136 244 
132 178 255 132 196 178 
133 272 164 133 82 4 
134 229 229 134 224 203 
135 208 11 135 218 11 
136 211 114 136 168 59 
137 230 14 137 4 198 
138 145 13 138 230 117 
139 31 167 139 173 1 
140 238 276 140 170 53 
141 85 104 141 241 104 
142 168 16 142 275 195 
143 234 23 143 225 35 
144 79 263 144 197 58 
145 175 279 145 84 8 
146 77 240 146 94 47 
147 184 138 147 38 138 
148 233 21 148 81 40 
149 227 94 149 149 94 
150 122 136 150 194 70 
151 72 159 151 193 149 
152 189 238 152 150 168 
153 199 85 153 96 26 
154 262 275 154 105 7 
155 270 90 155 187 129 
156 253 48 156 251 38 
157 37 105 157 59 262 
158 156 175 158 195 112 
159 223 118 159 21 110 
160 16 36 160 139 36 
161 188 25 161 244 242 
162 275 97 162 208 214 
163 260 64 163 227 24 
164 35 231 164 175 86 
165 225 179 165 110 181 
166 271 26 166 24 43 
167 104 27 167 239 91 
168 86 28 168 54 95 
169 246 273 169 172 89 
170 42 146 170 140 258 
171 142 29 171 10 44 
172 93 122 172 22 49 
173 113 157 173 17 180 
174 182 89 174 238 123 
175 91 272 175 113 201 
176 264 22 176 202 22 
177 187 81 177 266 52 
178 191 115 178 78 147 
179 212 12 179 116 82 
180 115 31 180 190 235 
181 130 211 181 216 153 
182 68 95 182 70 27 
183 8 60 183 264 69 
184 89 33 184 23 51 
185 181 86 185 261 192 
186 144 176 186 259 209 
187 56 35 187 201 176 
188 105 197 188 137 41 
189 74 83 189 95 172 
190 123 37 190 108 230 
191 139 256 191 118 152 
192 242 224 192 9 163 
193 70 217 193 67 73 
194 222 192 194 121 191 
195 251 40 195 77 17 
196 117 142 196 163 116 
197 18 57 197 271 57 
198 213 18 198 28 183 
199 87 58 199 166 30 
200 162 42 200 75 146 
201 10 43 201 198 248 
202 137 44 202 127 170 
203 63 245 203 158 100 
204 148 158 204 86 151 
205 126 47 205 98 96 
206 171 206 206 90 193 
207 5 278 207 232 278 
208 109 49 208 71 236 
209 34 52 209 19 67 
210 60 76 210 101 76 
211 155 50 211 255 50 
212 236 152 212 144 174 
213 193 93 213 134 179 
214 158 265 214 223 218 
215 4 108 215 35 226 
216 83 225 216 80 19 
217 92 75 217 161 127 
218 224 111 218 220 23 
219 266 163 219 40 234 
220 267 214 220 112 240 
221 28 68 221 236 208 
222 217 56 222 11 245 
223 95 168 223 228 205 
224 112 34 224 39 88 
225 116 123 225 155 256 
226 240 170 226 91 42 
227 237 4 227 32 164 
228 55 32 228 99 32 
229 81 147 229 53 45 
230 7 151 230 206 272 
231 135 77 231 68 158 
232 194 244 232 235 37 
233 256 107 233 128 135 
234 82 266 234 248 265 
235 100 254 235 20 87 
236 244 61 236 69 79 
237 119 267 237 257 266 
238 169 63 238 120 267 
239 118 172 239 31 188 
240 201 6 240 26 115 
241 214 15 241 253 93 
242 121 145 242 25 33 
243 128 160 243 174 66 
244 197 66 244 156 279 
245 252 219 245 178 233 
246 226 271 246 160 271 
247 185 144 247 16 213 
248 36 274 248 30 274 
249 53 154 249 74 247 
250 274 252 250 278 169 
251 159 155 251 141 254 
252 39 212 252 263 225 
253 101 213 253 169 159 
254 200 250 254 229 239 
255 38 153 255 148 39 
256 249 73 256 242 81 
257 150 134 257 50 134 
258 160 106 258 87 106 
259 154 253 259 8 71 
260 190 137 260 56 252 
261 67 141 261 58 78 
262 107 109 262 103 228 
263 192 38 263 126 48 
264 1 261 264 45 237 
265 268 209 265 138 75 
266 14 55 266 214 6 
267 278 193 267 85 98 
268 239 249 268 177 103 
269 177 72 269 205 238 
270 257 150 270 200 260 
271 120 237 271 147 65 
272 151 169 272 203 148 
273 202 182 273 276 83 
274 58 132 274 133 126 
275 279 227 275 64 204 
276 273 112 276 262 175 
277 258 8 277 79 14 
278 114 71 278 46 253 
279 140 241 279 279 142 
