***********************************
Experiment parameters:
Experiment results:
Permutations:
I U RANK QCV rand PATH 
1 272 196 57 47 57 
2 135 175 122 186 122 
3 263 145 194 180 194 
4 10 94 39 273 39 
5 101 228 42 176 42 
6 236 19 275 14 275 
7 99 49 18 135 18 
8 30 20 216 167 216 
9 100 100 94 267 94 
10 43 1 148 142 148 
11 60 3 178 234 172 
12 20 153 61 72 61 
13 6 81 47 245 47 
14 63 206 91 57 91 
15 42 4 105 66 105 
16 174 52 179 125 179 
17 226 233 198 207 198 
18 32 66 27 254 3 
19 244 142 278 171 278 
20 102 57 238 104 238 
21 87 217 116 5 116 
22 113 101 244 93 244 
23 21 234 138 65 138 
24 118 7 71 76 71 
25 196 137 187 15 187 
26 232 85 4 52 4 
27 126 269 14 151 14 
28 220 274 41 42 64 
29 254 2 2 185 77 
30 184 190 206 159 206 
31 222 46 145 274 145 
32 198 128 242 265 242 
33 107 193 132 100 132 
34 144 82 186 48 186 
35 24 141 45 217 2 
36 223 14 174 188 174 
37 206 83 60 107 60 
38 79 161 161 13 161 
39 253 10 118 55 97 
40 33 188 130 213 130 
41 246 222 232 199 156 
42 189 61 86 123 86 
43 59 139 111 221 111 
44 123 69 127 191 127 
45 46 250 279 153 279 
46 106 152 106 124 106 
47 3 96 96 183 96 
48 153 138 235 233 235 
49 218 268 51 204 51 
50 4 144 248 215 248 
51 278 148 88 237 88 
52 155 207 15 212 15 
53 15 54 181 37 181 
54 279 104 236 109 125 
55 83 117 204 7 204 
56 5 159 5 249 5 
57 31 230 200 219 200 
58 159 114 251 277 251 
59 154 168 142 43 142 
60 13 119 189 88 189 
61 168 22 175 130 175 
62 230 202 243 252 76 
63 18 64 225 182 225 
64 152 87 152 211 41 
65 245 262 261 268 261 
66 248 56 98 146 98 
67 175 185 162 270 162 
68 129 156 7 114 110 
69 195 70 80 260 80 
70 202 253 165 192 165 
71 192 194 46 132 46 
72 205 181 54 226 54 
73 55 102 43 34 43 
74 180 134 102 129 102 
75 221 157 234 209 234 
76 56 149 157 102 157 
77 40 208 247 184 247 
78 193 171 156 6 40 
79 62 257 108 246 108 
80 140 109 73 33 73 
81 197 43 158 269 158 
82 231 123 123 210 123 
83 57 59 245 115 245 
84 37 172 151 122 173 
85 109 126 241 240 241 
86 188 176 173 143 272 
87 259 249 207 111 207 
88 234 71 147 117 29 
89 122 17 210 152 210 
90 217 275 66 3 66 
91 224 155 155 164 155 
92 239 248 8 63 8 
93 49 120 268 131 268 
94 267 226 95 231 95 
95 54 260 202 44 202 
96 98 165 253 51 253 
97 146 25 9 49 9 
98 125 213 92 189 45 
99 35 239 140 61 140 
100 75 267 36 73 36 
101 134 113 35 62 35 
102 97 214 125 2 69 
103 214 12 257 18 87 
104 77 271 271 106 271 
105 199 212 134 92 134 
106 116 243 104 1 104 
107 9 192 168 36 168 
108 208 15 228 250 228 
109 183 201 126 154 214 
110 52 246 246 29 246 
111 163 34 229 27 229 
112 207 89 1 83 1 
113 145 195 260 258 260 
114 8 84 6 12 6 
115 105 209 11 162 11 
116 2 135 205 181 205 
117 64 235 163 272 163 
118 76 112 160 243 160 
119 275 242 153 256 153 
120 130 39 25 41 25 
121 36 236 166 119 166 
122 91 75 48 179 48 
123 173 122 276 157 276 
124 121 97 146 97 118 
125 182 276 22 60 22 
126 19 177 196 247 196 
127 143 189 119 222 119 
128 111 132 50 145 50 
129 127 238 191 165 191 
130 93 115 264 89 147 
131 51 23 87 136 193 
132 148 51 89 196 89 
133 264 98 143 82 143 
134 209 74 137 224 137 
135 27 180 180 218 180 
136 271 221 221 168 221 
137 251 44 265 4 265 
138 86 158 52 230 52 
139 23 191 85 173 85 
140 176 9 129 170 129 
141 73 279 55 241 55 
142 158 237 114 275 114 
143 88 215 214 225 215 
144 261 199 81 197 81 
145 41 169 74 84 74 
146 257 121 93 94 230 
147 225 266 266 38 266 
148 240 18 192 81 192 
149 110 154 154 149 154 
150 65 124 124 194 124 
151 212 143 220 193 220 
152 238 33 224 150 224 
153 139 86 10 96 10 
154 242 278 17 105 17 
155 247 30 107 187 107 
156 165 129 231 251 231 
157 237 130 3 59 32 
158 114 183 273 195 273 
159 178 245 59 21 59 
160 124 184 184 139 184 
161 61 26 101 244 101 
162 71 200 40 208 232 
163 252 63 250 227 250 
164 12 174 176 175 176 
165 45 173 100 110 100 
166 256 27 230 24 62 
167 119 28 113 239 113 
168 34 225 99 54 27 
169 103 170 213 172 195 
170 171 167 83 140 83 
171 26 31 218 10 218 
172 186 210 62 22 99 
173 44 186 139 17 139 
174 170 91 19 238 19 
175 249 99 12 113 12 
176 187 65 65 202 65 
177 89 197 90 266 90 
178 177 254 26 78 26 
179 204 163 109 116 109 
180 120 160 133 190 133 
181 147 265 44 216 44 
182 219 35 31 70 31 
183 128 118 258 264 258 
184 235 29 23 23 103 
185 92 88 177 261 177 
186 179 36 128 259 128 
187 16 37 227 201 227 
188 50 72 212 137 212 
189 90 241 254 95 254 
190 117 244 240 108 240 
191 142 76 201 118 201 
192 136 40 217 9 217 
193 181 48 75 67 75 
194 115 41 77 121 178 
195 162 42 63 77 63 
196 67 32 215 163 115 
197 273 13 13 271 13 
198 94 252 252 28 252 
199 1 67 159 166 159 
200 14 263 233 75 233 
201 172 55 272 198 255 
202 84 45 263 127 263 
203 243 103 255 158 68 
204 255 106 49 86 121 
205 258 105 170 98 170 
206 266 219 121 90 141 
207 268 187 239 232 239 
208 274 50 82 71 82 
209 58 90 144 19 144 
210 132 251 237 101 237 
211 137 58 58 255 58 
212 131 232 164 144 164 
213 38 95 249 134 249 
214 66 93 97 223 223 
215 216 125 103 35 151 
216 74 240 277 80 243 
217 104 77 274 161 274 
218 17 258 188 220 188 
219 141 255 29 40 152 
220 203 151 171 112 7 
221 156 6 84 236 84 
222 201 256 32 11 171 
223 11 224 33 228 33 
224 157 216 20 39 20 
225 190 111 190 155 190 
226 269 164 185 91 185 
227 150 78 38 32 38 
228 164 182 182 99 182 
229 138 211 219 53 219 
230 85 146 120 206 120 
231 151 79 193 68 93 
232 185 162 223 235 92 
233 228 60 172 128 257 
234 213 264 195 248 213 
235 82 92 16 20 16 
236 210 62 203 69 203 
237 215 272 76 257 256 
238 277 277 141 120 49 
239 28 108 110 31 126 
240 68 53 267 26 267 
241 167 218 28 253 28 
242 53 136 64 25 146 
243 7 140 199 174 199 
244 191 179 72 156 72 
245 227 24 79 178 79 
246 133 68 115 160 264 
247 78 11 209 16 209 
248 108 110 68 30 277 
249 260 147 167 74 167 
250 211 178 211 278 211 
251 70 116 256 141 236 
252 72 203 135 263 135 
253 160 220 53 169 53 
254 95 5 67 229 67 
255 161 247 208 148 208 
256 262 8 197 242 197 
257 22 21 21 50 21 
258 276 131 131 87 131 
259 229 259 150 8 150 
260 96 270 222 56 222 
261 29 107 56 58 56 
262 200 73 149 103 149 
263 112 231 30 126 30 
264 48 133 226 45 226 
265 39 227 136 138 136 
266 166 38 78 214 78 
267 250 223 37 85 37 
268 149 229 34 177 34 
269 81 261 262 205 262 
270 241 80 70 200 70 
271 47 16 269 147 269 
272 69 166 112 203 112 
273 270 198 270 276 270 
274 265 204 117 133 117 
275 233 205 24 64 24 
276 194 273 183 262 183 
277 169 47 169 79 169 
278 80 150 259 46 259 
279 25 127 69 279 23 
