***********************************
Experiment parameters:
Experiment results:
Permutations:
I U RANK QCV rand PATH 
1 207 110 9 47 15 
2 259 254 202 186 251 
3 147 100 186 180 147 
4 194 206 15 273 96 
5 184 136 184 176 184 
6 142 207 206 14 121 
7 160 24 160 135 160 
8 228 87 228 167 228 
9 196 212 196 267 196 
10 267 151 267 142 267 
11 80 8 80 234 80 
12 4 185 4 72 4 
13 113 184 113 245 113 
14 90 197 242 57 242 
15 73 224 73 66 272 
16 233 17 233 125 233 
17 56 203 56 207 56 
18 46 114 46 254 27 
19 169 233 169 171 169 
20 93 189 194 104 60 
21 12 219 12 5 12 
22 102 245 207 93 195 
23 107 26 107 65 107 
24 16 66 16 76 16 
25 173 127 173 15 173 
26 51 241 51 52 51 
27 15 93 90 151 90 
28 272 232 272 42 73 
29 148 12 148 185 148 
30 239 220 239 159 239 
31 117 130 117 274 117 
32 157 193 157 265 157 
33 42 42 42 100 42 
34 110 204 176 48 142 
35 192 74 192 217 192 
36 236 81 236 188 236 
37 179 181 179 107 179 
38 58 140 58 13 58 
39 257 45 257 55 257 
40 111 265 111 213 111 
41 253 164 253 199 253 
42 156 259 156 123 156 
43 5 18 5 221 5 
44 186 249 147 191 186 
45 238 122 238 153 238 
46 62 208 62 124 62 
47 180 83 180 183 180 
48 201 201 201 233 201 
49 221 9 198 204 145 
50 13 60 13 215 13 
51 127 235 127 237 127 
52 248 150 248 212 248 
53 219 214 219 37 219 
54 94 190 94 109 94 
55 212 225 212 7 212 
56 175 175 175 249 175 
57 91 202 258 219 149 
58 190 27 190 277 190 
59 133 179 133 43 133 
60 155 160 155 88 155 
61 223 223 223 130 223 
62 122 238 122 252 122 
63 75 276 75 182 75 
64 203 4 203 211 203 
65 108 40 108 268 108 
66 105 270 105 146 105 
67 170 144 170 270 170 
68 7 167 7 114 7 
69 103 158 247 260 158 
70 130 196 130 192 130 
71 216 50 216 132 216 
72 92 272 92 226 92 
73 48 76 48 34 48 
74 159 31 159 129 159 
75 68 35 68 209 68 
76 29 273 29 102 29 
77 112 38 112 184 112 
78 235 236 235 6 235 
79 50 216 50 246 50 
80 57 133 57 33 57 
81 28 171 28 269 28 
82 114 217 245 210 176 
83 273 2 273 115 273 
84 118 279 118 122 118 
85 38 229 38 240 38 
86 67 172 67 143 67 
87 249 44 249 111 249 
88 19 67 19 117 19 
89 17 156 17 152 17 
90 69 78 69 3 69 
91 121 54 121 164 91 
92 195 82 195 63 110 
93 70 13 70 131 70 
94 199 97 199 231 199 
95 153 240 153 44 153 
96 11 119 11 51 11 
97 53 53 53 49 53 
98 162 115 162 189 162 
99 109 46 91 61 189 
100 279 118 279 73 279 
101 271 268 271 62 271 
102 74 128 74 2 74 
103 65 192 65 18 65 
104 209 72 209 106 209 
105 158 91 234 92 194 
106 174 174 174 1 174 
107 240 153 240 36 240 
108 149 15 221 250 198 
109 256 256 256 154 256 
110 6 260 6 29 6 
111 161 56 161 27 161 
112 77 261 77 83 77 
113 210 213 210 258 210 
114 27 28 60 12 114 
115 14 209 14 162 14 
116 78 157 78 181 78 
117 40 80 40 272 40 
118 125 124 125 243 125 
119 63 63 63 256 63 
120 152 154 152 41 152 
121 21 58 21 119 21 
122 60 94 27 179 109 
123 88 269 88 157 88 
124 178 183 55 97 55 
125 213 134 213 60 213 
126 120 125 120 247 120 
127 64 168 64 222 64 
128 154 195 154 145 154 
129 59 120 59 165 59 
130 215 55 215 89 215 
131 55 143 178 136 178 
132 218 262 218 196 218 
133 24 22 24 82 24 
134 150 75 150 224 150 
135 145 176 217 218 202 
136 183 178 183 168 183 
137 182 62 182 4 182 
138 197 84 197 230 197 
139 32 188 32 173 32 
140 99 263 99 170 99 
141 166 166 166 241 166 
142 96 96 96 275 46 
143 229 135 229 225 229 
144 33 222 33 197 33 
145 115 101 115 84 115 
146 222 205 222 94 222 
147 251 264 251 38 9 
148 98 98 98 81 98 
149 232 65 232 149 232 
150 36 89 36 194 36 
151 97 23 97 193 97 
152 128 147 128 150 128 
153 123 123 123 96 123 
154 104 104 104 105 104 
155 18 126 18 187 18 
156 116 139 116 251 116 
157 274 246 274 59 274 
158 226 211 226 195 226 
159 151 90 151 21 151 
160 225 111 225 139 225 
161 124 141 124 244 124 
162 163 131 163 208 163 
163 278 278 278 227 278 
164 208 182 208 175 208 
165 131 129 131 110 131 
166 171 70 171 24 171 
167 37 37 37 239 37 
168 255 32 255 54 255 
169 52 52 52 172 52 
170 61 231 61 140 61 
171 177 25 177 10 177 
172 138 71 138 22 138 
173 129 191 129 17 129 
174 30 274 30 238 30 
175 25 277 25 113 25 
176 202 194 114 202 204 
177 204 234 254 266 206 
178 8 226 8 78 8 
179 132 237 132 116 132 
180 243 152 243 190 243 
181 246 170 246 216 246 
182 141 16 141 70 141 
183 135 85 135 264 135 
184 66 33 66 23 66 
185 268 271 268 261 268 
186 45 257 45 259 45 
187 34 88 34 201 34 
188 86 49 86 137 86 
189 252 107 252 95 252 
190 76 73 76 108 76 
191 167 34 167 118 167 
192 72 14 72 9 72 
193 260 162 260 67 260 
194 168 59 168 121 168 
195 49 51 49 77 49 
196 262 113 262 163 262 
197 31 242 31 271 31 
198 44 215 44 28 44 
199 181 266 181 166 181 
200 71 138 71 75 71 
201 3 69 3 198 3 
202 9 86 237 127 237 
203 85 112 85 158 85 
204 242 169 259 86 259 
205 126 252 126 98 126 
206 89 21 89 90 89 
207 275 275 275 232 275 
208 231 199 231 71 231 
209 81 3 81 19 81 
210 250 255 250 101 250 
211 87 155 172 255 87 
212 266 20 266 144 266 
213 263 99 263 134 263 
214 139 116 139 223 139 
215 136 239 136 35 136 
216 276 248 276 80 276 
217 106 106 106 161 106 
218 264 200 264 220 264 
219 26 5 26 40 26 
220 237 79 103 112 103 
221 205 244 205 236 205 
222 211 108 211 11 211 
223 54 1 54 228 54 
224 100 11 100 39 100 
225 187 61 187 155 187 
226 198 247 204 91 207 
227 234 109 142 32 217 
228 193 105 193 99 193 
229 10 210 10 53 10 
230 82 243 82 206 82 
231 134 10 134 68 134 
232 95 95 95 235 95 
233 23 187 23 128 23 
234 206 148 102 248 102 
235 35 41 35 20 35 
236 43 173 43 69 43 
237 214 36 93 257 93 
238 176 39 214 120 214 
239 254 221 145 31 221 
240 241 132 241 26 241 
241 39 159 39 253 39 
242 258 142 110 25 234 
243 165 230 165 174 165 
244 164 103 164 156 164 
245 261 68 261 178 261 
246 217 145 109 160 245 
247 200 251 200 16 200 
248 140 47 140 30 140 
249 101 7 101 74 101 
250 277 77 277 278 277 
251 265 102 265 141 265 
252 143 48 143 263 143 
253 191 163 191 169 191 
254 1 121 1 229 1 
255 137 137 137 148 137 
256 144 30 144 242 144 
257 84 161 84 50 84 
258 244 64 244 87 244 
259 20 57 20 8 20 
260 189 198 158 56 247 
261 2 180 2 58 2 
262 188 250 188 103 188 
263 146 177 146 126 146 
264 119 92 119 45 119 
265 220 218 220 138 220 
266 47 117 47 214 47 
267 247 149 189 85 254 
268 230 165 230 177 230 
269 269 19 269 205 269 
270 79 253 79 200 79 
271 185 267 185 147 185 
272 224 186 224 203 224 
273 245 258 149 276 258 
274 83 29 83 133 83 
275 22 228 22 64 22 
276 172 146 87 262 172 
277 41 6 41 79 41 
278 227 227 227 46 227 
279 270 43 270 279 270 
