***********************************
Experiment parameters:
Experiment results:
Permutations:
I U RANK QCV rand PATH 
1 176 57 8 47 35 
2 214 35 17 186 203 
3 58 123 123 180 123 
4 90 119 270 273 30 
5 77 140 77 176 77 
6 54 141 35 14 127 
7 197 36 197 135 197 
8 29 219 29 167 29 
9 24 26 24 267 24 
10 5 122 5 142 5 
11 253 152 253 234 253 
12 101 135 101 72 101 
13 116 116 116 245 116 
14 164 124 164 57 164 
15 52 216 78 66 52 
16 7 74 7 125 7 
17 187 128 187 207 187 
18 6 90 274 254 16 
19 55 259 55 171 55 
20 8 210 54 104 83 
21 199 179 199 5 199 
22 17 176 57 93 99 
23 152 193 152 65 152 
24 149 83 149 76 149 
25 111 142 111 15 111 
26 158 158 158 52 158 
27 208 117 208 151 208 
28 78 220 52 42 78 
29 225 207 225 185 225 
30 21 254 21 159 21 
31 138 24 138 274 138 
32 107 86 107 265 107 
33 250 251 250 100 250 
34 67 8 67 48 134 
35 260 224 260 217 260 
36 109 91 109 188 109 
37 61 40 61 107 61 
38 244 246 244 13 244 
39 145 272 145 55 145 
40 117 199 117 213 117 
41 156 134 156 199 156 
42 64 221 64 123 64 
43 69 4 69 221 69 
44 123 78 58 191 58 
45 166 230 166 153 166 
46 232 266 232 124 232 
47 237 107 237 183 237 
48 184 184 184 233 184 
49 115 67 214 204 94 
50 271 2 271 215 271 
51 195 195 195 237 195 
52 226 208 226 212 226 
53 89 218 89 37 89 
54 222 6 222 109 222 
55 14 226 14 7 14 
56 92 92 92 249 92 
57 94 146 210 219 103 
58 37 215 37 277 37 
59 272 189 272 43 272 
60 114 64 114 88 114 
61 110 234 110 130 110 
62 224 110 224 252 224 
63 122 244 122 182 122 
64 165 231 165 211 165 
65 186 28 186 268 186 
66 9 211 9 146 9 
67 108 108 108 270 108 
68 262 131 262 114 262 
69 43 54 239 260 115 
70 255 257 255 192 255 
71 257 183 257 132 257 
72 216 96 216 226 216 
73 151 98 151 34 151 
74 231 138 231 129 231 
75 3 136 3 209 3 
76 213 95 213 102 213 
77 28 168 28 184 28 
78 15 213 15 6 15 
79 51 160 51 246 51 
80 139 68 139 33 139 
81 2 271 2 269 2 
82 57 270 249 210 119 
83 140 111 140 115 140 
84 44 42 44 122 44 
85 63 177 63 240 63 
86 19 3 19 143 19 
87 56 248 56 111 56 
88 136 19 136 117 136 
89 133 38 133 152 133 
90 91 39 91 3 91 
91 127 227 127 164 54 
92 83 256 247 63 88 
93 162 37 162 131 162 
94 276 200 276 231 276 
95 204 204 204 44 204 
96 98 260 98 51 98 
97 163 163 163 49 163 
98 104 55 104 189 104 
99 141 115 88 61 132 
100 118 268 118 73 118 
101 211 71 211 62 211 
102 96 264 96 2 25 
103 180 263 180 18 180 
104 238 143 238 106 238 
105 103 94 94 92 141 
106 49 49 49 1 49 
107 261 153 261 36 261 
108 88 132 90 250 144 
109 66 228 66 154 66 
110 76 258 76 29 76 
111 233 182 233 27 233 
112 228 262 228 83 228 
113 102 276 102 258 102 
114 99 62 134 12 57 
115 73 238 73 162 73 
116 71 47 71 181 71 
117 278 229 278 272 278 
118 13 44 13 243 13 
119 193 212 193 256 193 
120 147 147 147 41 147 
121 33 187 33 119 33 
122 134 156 99 179 90 
123 205 120 205 157 205 
124 263 25 263 97 234 
125 150 194 150 60 150 
126 256 275 256 247 256 
127 275 118 275 222 275 
128 137 100 137 145 137 
129 100 137 100 165 100 
130 25 178 25 89 96 
131 234 52 234 136 263 
132 112 206 112 196 112 
133 219 241 219 82 219 
134 157 101 157 224 157 
135 70 274 269 218 146 
136 72 180 72 168 72 
137 40 185 40 4 40 
138 22 43 22 230 22 
139 235 18 235 173 235 
140 85 240 85 170 85 
141 192 192 192 241 192 
142 30 30 203 275 17 
143 168 1 168 225 168 
144 34 113 34 197 34 
145 65 29 65 84 65 
146 113 149 113 94 113 
147 203 245 30 38 8 
148 243 243 243 81 243 
149 230 196 230 149 230 
150 60 51 60 194 60 
151 87 73 87 193 87 
152 264 10 264 150 264 
153 79 125 79 96 79 
154 45 127 45 105 45 
155 212 201 212 187 212 
156 75 173 75 251 75 
157 81 159 81 59 81 
158 1 105 1 195 1 
159 160 60 160 21 160 
160 128 5 128 139 128 
161 46 13 46 244 46 
162 200 32 200 208 200 
163 153 261 153 227 153 
164 68 232 68 175 68 
165 106 106 106 110 106 
166 62 99 62 24 62 
167 167 167 167 239 167 
168 18 50 18 54 18 
169 173 75 173 172 173 
170 11 277 11 140 11 
171 241 41 241 10 241 
172 86 237 86 22 86 
173 32 155 32 17 32 
174 171 171 171 238 171 
175 181 129 181 113 181 
176 35 17 103 202 172 
177 146 214 115 266 176 
178 227 121 227 78 227 
179 185 139 185 116 185 
180 251 198 251 190 251 
181 174 81 174 216 174 
182 209 170 209 70 209 
183 202 161 202 264 202 
184 198 34 198 23 198 
185 254 247 254 261 254 
186 266 12 266 259 266 
187 82 82 82 201 82 
188 27 84 27 137 27 
189 229 202 229 95 229 
190 196 72 196 108 196 
191 48 133 48 118 48 
192 143 87 143 9 143 
193 258 104 258 67 258 
194 42 242 42 121 42 
195 189 31 189 77 189 
196 53 77 53 163 53 
197 179 22 179 271 179 
198 178 58 178 28 178 
199 126 145 126 166 126 
200 188 279 188 75 188 
201 130 191 130 198 130 
202 236 27 236 127 236 
203 201 63 201 158 201 
204 120 181 120 86 120 
205 177 253 177 98 177 
206 182 70 182 90 182 
207 247 112 83 232 247 
208 277 267 277 71 277 
209 206 21 206 19 206 
210 148 235 148 101 259 
211 16 93 16 255 148 
212 31 236 31 144 31 
213 240 85 240 134 240 
214 252 252 252 223 252 
215 191 190 191 35 191 
216 135 80 135 80 135 
217 265 265 265 161 265 
218 23 23 23 220 23 
219 105 186 105 40 105 
220 119 162 6 112 6 
221 170 250 170 236 170 
222 161 69 161 11 161 
223 4 278 4 228 4 
224 169 169 169 39 169 
225 97 11 97 155 97 
226 223 144 119 91 210 
227 239 223 176 32 214 
228 39 53 39 99 39 
229 155 102 155 53 155 
230 242 209 242 206 242 
231 194 97 194 68 194 
232 10 273 10 235 10 
233 125 79 125 128 125 
234 246 89 124 248 124 
235 221 48 221 20 221 
236 279 9 279 69 279 
237 144 225 70 257 70 
238 124 33 246 120 246 
239 249 239 132 31 223 
240 84 126 84 26 84 
241 207 255 207 253 207 
242 270 249 223 25 239 
243 154 175 154 174 154 
244 59 59 59 156 59 
245 36 197 36 178 36 
246 132 88 141 160 249 
247 245 203 245 16 245 
248 183 233 183 30 183 
249 131 205 131 74 131 
250 41 66 41 278 41 
251 210 157 43 141 43 
252 273 56 273 263 273 
253 267 150 267 169 267 
254 121 45 121 229 121 
255 217 217 217 148 217 
256 159 174 159 242 159 
257 218 14 218 50 218 
258 268 46 268 87 268 
259 12 61 12 8 12 
260 172 269 144 56 269 
261 142 15 142 58 142 
262 50 148 50 103 50 
263 93 76 93 126 93 
264 248 151 248 45 248 
265 20 130 20 138 20 
266 26 164 26 214 26 
267 269 172 146 85 270 
268 175 154 175 177 175 
269 74 7 74 205 74 
270 215 222 215 200 215 
271 80 165 80 147 80 
272 220 166 220 203 220 
273 274 103 172 276 274 
274 190 188 190 133 190 
275 38 16 38 64 38 
276 259 114 259 262 67 
277 129 65 129 79 129 
278 95 20 95 46 95 
279 47 109 47 279 47 
