***********************************
Experiment parameters:
Experiment results:
Permutations:
I U RANK QCV rand PATH 
1 270 212 18 47 29 
2 239 262 212 186 107 
3 153 100 153 180 198 
4 162 103 23 273 235 
5 93 155 93 176 93 
6 60 118 29 14 208 
7 214 126 214 135 214 
8 277 186 277 167 277 
9 209 58 209 267 209 
10 5 163 22 142 22 
11 144 242 144 234 144 
12 18 66 184 72 184 
13 155 216 155 245 155 
14 42 213 42 57 42 
15 81 149 89 66 89 
16 278 188 278 125 278 
17 230 91 230 207 230 
18 115 158 261 254 258 
19 104 238 104 171 104 
20 57 217 39 104 154 
21 203 90 203 5 203 
22 22 226 226 93 255 
23 133 245 133 65 133 
24 252 244 252 76 252 
25 237 130 237 15 237 
26 120 1 120 52 120 
27 213 125 213 151 213 
28 89 198 81 42 81 
29 90 111 90 185 90 
30 92 148 92 159 92 
31 7 145 7 274 7 
32 254 110 254 265 254 
33 205 256 205 100 205 
34 15 106 57 48 102 
35 149 81 149 217 149 
36 229 229 229 188 229 
37 116 21 116 107 116 
38 63 257 63 13 63 
39 211 273 211 55 211 
40 225 136 225 213 225 
41 206 75 206 199 206 
42 178 79 178 123 178 
43 222 193 222 221 222 
44 198 89 198 191 153 
45 98 150 98 153 98 
46 1 165 1 124 1 
47 171 115 171 183 171 
48 51 51 51 233 51 
49 158 239 60 204 103 
50 44 255 44 215 44 
51 152 61 152 237 152 
52 6 276 6 212 6 
53 145 225 145 37 145 
54 12 154 12 109 12 
55 136 184 136 7 136 
56 46 46 46 249 46 
57 106 121 239 219 106 
58 232 70 232 277 232 
59 21 167 21 43 21 
60 67 104 67 88 67 
61 72 151 72 130 72 
62 105 98 105 252 105 
63 123 209 123 182 123 
64 34 220 34 211 34 
65 122 41 122 268 122 
66 201 71 201 146 201 
67 160 275 160 270 160 
68 108 191 108 114 108 
69 39 196 68 260 118 
70 202 9 202 192 202 
71 38 166 38 132 38 
72 135 183 135 226 135 
73 264 190 264 34 264 
74 166 202 166 129 166 
75 169 4 169 209 169 
76 223 74 223 102 223 
77 73 50 73 184 73 
78 207 10 207 6 207 
79 91 203 91 246 91 
80 167 197 167 33 167 
81 182 206 182 269 182 
82 129 39 217 210 121 
83 74 152 74 115 74 
84 263 274 263 122 263 
85 139 64 139 240 139 
86 156 62 156 143 156 
87 183 264 183 111 183 
88 199 48 199 117 199 
89 134 85 134 152 134 
90 52 204 52 3 52 
91 208 222 208 164 39 
92 258 140 258 63 57 
93 114 114 114 131 114 
94 185 175 185 231 185 
95 248 248 248 44 248 
96 146 260 146 51 146 
97 180 180 180 49 180 
98 142 178 142 189 142 
99 103 68 196 61 129 
100 32 159 32 73 32 
101 28 86 28 62 28 
102 137 279 137 2 100 
103 265 265 265 18 265 
104 181 219 181 106 181 
105 68 162 177 92 158 
106 16 16 16 1 16 
107 96 96 96 36 96 
108 118 60 102 250 162 
109 4 112 4 154 4 
110 48 250 48 29 48 
111 220 230 220 27 220 
112 238 259 238 83 238 
113 175 233 175 258 175 
114 154 12 255 12 68 
115 267 131 267 162 267 
116 216 179 216 181 216 
117 210 139 210 272 210 
118 218 49 218 243 218 
119 245 208 245 256 245 
120 274 55 274 41 274 
121 276 127 276 119 276 
122 255 44 154 179 60 
123 85 278 85 157 85 
124 170 14 14 97 14 
125 233 59 233 60 233 
126 55 194 55 247 55 
127 11 224 11 222 11 
128 224 192 224 145 224 
129 159 228 159 165 159 
130 100 105 100 89 137 
131 14 137 170 136 170 
132 241 93 241 196 241 
133 188 234 188 82 188 
134 127 200 127 224 127 
135 102 129 103 218 168 
136 56 146 56 168 56 
137 69 189 69 4 69 
138 58 174 58 230 58 
139 77 77 77 173 77 
140 266 271 266 170 266 
141 187 187 187 241 187 
142 235 31 235 275 23 
143 119 210 119 225 119 
144 49 88 49 197 49 
145 215 221 215 84 215 
146 244 2 244 94 244 
147 107 147 107 38 18 
148 54 54 54 81 54 
149 279 157 279 149 279 
150 272 87 272 194 272 
151 45 181 45 193 45 
152 260 153 260 150 260 
153 128 269 128 96 128 
154 64 8 64 105 64 
155 41 20 41 187 41 
156 78 26 78 251 78 
157 161 160 161 59 161 
158 20 73 20 195 20 
159 174 34 174 21 174 
160 9 38 9 139 9 
161 140 11 140 244 140 
162 101 231 101 208 101 
163 268 268 268 227 268 
164 94 36 94 175 94 
165 131 128 131 110 131 
166 195 195 195 24 195 
167 117 117 117 239 117 
168 40 40 40 54 40 
169 26 24 26 172 26 
170 95 243 95 140 95 
171 234 176 234 10 234 
172 179 223 179 22 179 
173 59 97 59 17 59 
174 275 65 275 238 275 
175 132 134 132 113 132 
176 121 102 106 202 177 
177 226 18 121 266 196 
178 8 83 8 78 8 
179 3 3 3 116 3 
180 228 205 228 190 228 
181 138 138 138 216 138 
182 88 164 88 70 88 
183 242 113 242 264 242 
184 192 218 192 23 192 
185 86 227 86 261 86 
186 189 120 189 259 189 
187 79 67 79 201 79 
188 53 84 53 137 53 
189 113 119 113 95 113 
190 157 72 157 108 157 
191 259 277 259 118 259 
192 219 95 219 9 219 
193 43 142 43 67 43 
194 2 252 2 121 2 
195 36 94 36 77 36 
196 253 237 253 163 253 
197 200 37 200 271 200 
198 33 5 33 28 33 
199 273 109 273 166 273 
200 35 241 35 75 35 
201 148 254 148 198 148 
202 23 69 109 127 109 
203 143 133 143 158 143 
204 76 82 15 86 15 
205 99 99 99 98 99 
206 80 63 80 90 80 
207 71 35 71 232 71 
208 269 185 269 71 269 
209 10 201 10 19 10 
210 251 251 251 101 251 
211 112 169 250 255 112 
212 197 53 197 144 197 
213 271 266 271 134 271 
214 24 78 24 223 24 
215 204 173 204 35 204 
216 125 76 125 80 125 
217 31 235 31 161 31 
218 147 25 147 220 147 
219 184 143 141 40 141 
220 109 232 246 112 246 
221 194 32 194 236 194 
222 83 122 83 11 83 
223 193 144 193 228 193 
224 190 19 190 39 190 
225 249 172 249 155 249 
226 168 168 118 91 212 
227 177 270 247 32 217 
228 130 92 130 99 130 
229 231 249 231 53 231 
230 256 258 256 206 256 
231 243 45 243 68 243 
232 150 170 150 235 150 
233 172 267 172 128 172 
234 246 80 257 248 76 
235 47 199 47 20 47 
236 141 27 115 69 115 
237 196 6 76 257 257 
238 29 42 236 120 236 
239 217 261 129 31 226 
240 84 211 84 26 84 
241 163 123 163 253 163 
242 262 247 262 25 239 
243 124 17 124 174 124 
244 75 246 75 156 75 
245 126 214 126 178 126 
246 240 23 270 160 247 
247 25 107 25 16 25 
248 37 236 37 30 37 
249 176 108 176 74 176 
250 191 15 191 278 191 
251 212 240 240 141 240 
252 151 135 151 263 151 
253 97 101 97 169 97 
254 50 141 50 229 50 
255 13 13 13 148 13 
256 65 161 65 242 65 
257 111 7 111 50 111 
258 164 263 164 87 164 
259 165 116 165 8 165 
260 257 57 158 56 261 
261 173 253 173 58 173 
262 30 30 30 103 30 
263 186 43 186 126 110 
264 19 33 19 45 19 
265 110 52 110 138 186 
266 87 22 87 214 87 
267 247 29 162 85 262 
268 17 124 17 177 17 
269 221 47 221 205 221 
270 70 182 70 200 70 
271 66 272 66 147 66 
272 236 56 5 203 5 
273 261 177 168 276 270 
274 61 171 61 133 61 
275 62 215 62 64 62 
276 250 156 112 262 250 
277 82 132 82 79 82 
278 27 28 27 46 27 
279 227 207 227 279 227 
