***********************************
Experiment parameters:
Experiment results:
Permutations:
I U RANK QCV rand PATH 
1 226 124 136 47 136 
2 90 259 140 186 102 
3 9 207 80 180 97 
4 88 98 91 273 91 
5 56 208 98 176 129 
6 98 24 185 14 156 
7 159 169 221 135 107 
8 54 47 134 167 134 
9 40 103 144 267 144 
10 183 209 243 142 50 
11 232 153 157 234 150 
12 104 82 190 72 190 
13 18 39 97 245 80 
14 256 217 131 57 131 
15 177 148 86 66 257 
16 17 146 167 125 167 
17 107 205 175 207 175 
18 11 84 252 254 238 
19 3 4 102 171 221 
20 227 160 248 104 138 
21 25 142 203 5 203 
22 45 5 118 93 123 
23 181 31 250 65 181 
24 62 6 25 76 25 
25 225 23 179 15 179 
26 96 87 32 52 171 
27 122 125 59 151 59 
28 127 150 71 42 189 
29 68 88 182 185 85 
30 202 183 208 159 208 
31 231 269 186 274 186 
32 148 133 270 265 270 
33 131 177 173 100 77 
34 65 83 123 48 52 
35 31 138 4 217 252 
36 15 21 63 188 260 
37 161 228 200 107 32 
38 244 12 253 13 253 
39 233 123 150 55 191 
40 211 53 44 213 44 
41 149 162 117 199 118 
42 2 33 153 123 153 
43 173 140 112 221 205 
44 129 245 147 191 147 
45 276 233 183 153 183 
46 118 107 247 124 262 
47 60 261 57 183 57 
48 76 252 66 233 66 
49 100 230 178 204 151 
50 185 215 46 215 46 
51 184 255 169 237 169 
52 200 246 192 212 192 
53 89 224 37 37 37 
54 248 171 220 109 112 
55 250 55 55 7 55 
56 66 73 76 249 76 
57 13 184 151 219 178 
58 111 22 201 277 201 
59 153 18 94 43 94 
60 124 258 152 88 152 
61 207 185 48 130 48 
62 261 203 264 252 63 
63 63 65 14 182 14 
64 255 13 198 211 157 
65 10 100 211 268 211 
66 70 74 16 146 16 
67 204 189 24 270 24 
68 235 155 87 114 250 
69 262 51 2 260 2 
70 133 134 47 192 47 
71 106 186 269 132 269 
72 278 37 141 226 141 
73 195 268 241 34 241 
74 175 187 268 129 268 
75 144 173 31 209 31 
76 95 166 1 102 1 
77 6 271 3 184 3 
78 50 182 50 6 126 
79 78 249 96 246 96 
80 146 66 121 33 121 
81 217 244 114 269 114 
82 138 44 53 210 53 
83 154 232 128 115 128 
84 259 118 13 122 255 
85 168 111 133 240 122 
86 44 68 168 143 109 
87 5 63 58 111 58 
88 125 156 230 117 182 
89 155 110 122 152 220 
90 26 147 84 3 84 
91 64 266 266 164 266 
92 174 46 236 63 236 
93 208 56 52 131 218 
94 238 19 164 231 164 
95 260 122 223 44 223 
96 193 253 12 51 12 
97 20 101 149 49 149 
98 43 191 276 189 256 
99 79 167 70 61 70 
100 199 9 27 73 27 
101 93 112 62 62 62 
102 59 196 267 2 158 
103 136 172 110 18 229 
104 268 174 79 106 79 
105 47 128 187 92 187 
106 39 235 120 1 120 
107 36 202 228 36 228 
108 61 15 64 250 64 
109 22 71 226 154 217 
110 121 219 219 29 219 
111 189 80 67 27 67 
112 249 91 194 83 194 
113 271 190 170 258 170 
114 223 161 210 12 210 
115 210 214 199 162 199 
116 251 223 278 181 278 
117 263 119 204 272 204 
118 197 120 233 243 233 
119 94 206 92 256 92 
120 188 260 216 41 216 
121 150 243 265 119 265 
122 8 236 60 179 60 
123 170 157 113 157 113 
124 32 99 26 97 124 
125 128 113 165 60 49 
126 57 168 5 247 5 
127 258 152 258 222 258 
128 265 116 15 145 15 
129 219 248 263 165 263 
130 30 198 99 89 9 
131 137 77 196 136 195 
132 236 129 235 196 235 
133 87 149 132 82 132 
134 239 241 23 224 23 
135 82 135 135 218 135 
136 224 210 161 168 161 
137 130 200 154 4 154 
138 53 114 146 230 146 
139 102 178 238 173 185 
140 109 141 101 170 101 
141 71 10 262 241 10 
142 240 201 22 275 22 
143 108 102 69 225 173 
144 167 274 73 197 73 
145 274 106 11 84 11 
146 74 220 88 94 82 
147 228 93 93 38 93 
148 279 278 202 81 202 
149 115 97 207 149 207 
150 179 8 8 194 8 
151 141 89 214 193 214 
152 205 105 240 150 240 
153 196 250 126 96 177 
154 203 256 249 105 249 
155 114 216 234 187 234 
156 192 75 224 251 224 
157 194 193 239 59 239 
158 145 188 145 195 145 
159 180 67 232 21 232 
160 46 54 54 139 54 
161 97 25 108 244 198 
162 41 14 205 208 6 
163 220 64 162 227 162 
164 117 52 246 175 267 
165 171 104 38 110 13 
166 264 26 256 24 99 
167 158 27 124 239 196 
168 213 218 213 54 98 
169 132 144 273 172 133 
170 156 254 156 140 45 
171 257 29 260 10 74 
172 172 62 29 22 247 
173 182 225 172 17 38 
174 23 92 34 238 90 
175 21 270 148 113 117 
176 37 7 7 202 7 
177 7 17 222 266 222 
178 165 238 254 78 251 
179 241 121 245 116 245 
180 49 221 171 190 143 
181 218 115 40 216 200 
182 86 32 217 70 226 
183 19 86 272 264 246 
184 116 226 111 23 248 
185 254 90 218 261 165 
186 134 34 177 259 116 
187 35 262 212 201 29 
188 28 127 28 137 28 
189 83 38 255 95 103 
190 186 131 109 108 34 
191 69 263 143 118 87 
192 51 40 231 9 243 
193 216 60 159 67 159 
194 229 41 181 121 212 
195 38 42 41 77 140 
196 4 35 107 163 279 
197 270 79 174 271 174 
198 215 57 261 28 261 
199 212 154 244 166 244 
200 140 43 209 75 108 
201 164 170 257 198 21 
202 151 108 103 127 41 
203 247 36 155 158 61 
204 99 45 277 86 78 
205 42 192 9 98 254 
206 27 137 21 90 86 
207 191 70 176 232 176 
208 139 151 139 71 139 
209 245 222 215 19 215 
210 152 237 237 101 237 
211 275 275 275 255 275 
212 101 49 6 144 148 
213 272 96 61 134 35 
214 198 50 85 223 225 
215 187 229 138 35 4 
216 84 175 191 80 110 
217 24 158 189 161 65 
218 34 78 129 220 88 
219 277 69 45 40 43 
220 1 117 158 112 71 
221 105 95 95 236 95 
222 162 264 77 11 111 
223 252 240 100 228 100 
224 230 2 51 39 51 
225 201 251 279 155 213 
226 221 126 19 91 19 
227 33 132 72 32 72 
228 92 130 130 99 130 
229 214 136 116 53 36 
230 206 143 65 206 40 
231 85 247 43 68 273 
232 103 58 195 235 272 
233 29 59 82 128 155 
234 160 85 49 248 166 
235 176 94 225 20 209 
236 77 61 68 69 160 
237 243 267 137 257 168 
238 166 272 229 120 230 
239 246 109 78 31 26 
240 110 199 83 26 172 
241 273 164 42 253 42 
242 135 195 10 25 137 
243 112 176 274 174 274 
244 178 11 127 156 127 
245 58 265 125 178 125 
246 16 273 35 160 276 
247 123 30 259 16 259 
248 222 277 36 30 277 
249 157 227 160 74 231 
250 267 163 90 278 68 
251 126 194 206 141 206 
252 91 212 74 263 83 
253 147 48 251 169 69 
254 120 76 39 229 39 
255 253 28 271 148 271 
256 237 159 17 242 17 
257 81 197 197 50 197 
258 55 81 81 87 81 
259 266 242 180 8 180 
260 67 276 163 56 163 
261 52 16 30 58 30 
262 119 204 119 103 119 
263 190 234 75 126 75 
264 80 139 33 45 33 
265 142 257 142 138 142 
266 209 72 89 214 89 
267 113 231 18 85 18 
268 14 20 20 177 20 
269 73 211 105 205 105 
270 234 239 193 200 193 
271 12 279 227 147 227 
272 163 165 104 203 104 
273 75 181 184 276 184 
274 72 179 115 133 115 
275 169 213 56 64 56 
276 242 145 188 262 188 
277 143 3 106 79 106 
278 269 180 242 46 242 
279 48 1 166 279 264 
