***********************************
Experiment parameters:
Experiment results:
Permutations:
I U RANK QCV rand PATH 
1 150 178 24 47 127 
2 13 251 202 186 176 
3 29 124 274 180 274 
4 244 92 234 273 234 
5 109 195 137 176 40 
6 114 15 90 14 253 
7 5 190 18 135 18 
8 80 27 243 167 243 
9 8 175 102 267 102 
10 231 234 88 142 263 
11 138 200 163 234 86 
12 102 169 13 72 13 
13 75 177 57 245 57 
14 69 207 39 57 39 
15 279 213 93 66 209 
16 118 52 255 125 255 
17 44 221 22 207 22 
18 65 161 172 254 268 
19 252 149 271 171 31 
20 196 67 76 104 76 
21 217 22 8 5 8 
22 61 6 139 93 74 
23 18 277 51 65 163 
24 46 106 213 76 213 
25 183 226 97 15 97 
26 186 84 195 52 170 
27 201 172 260 151 260 
28 203 8 204 42 119 
29 50 3 236 185 91 
30 107 196 224 159 224 
31 259 274 124 274 124 
32 136 133 151 265 151 
33 248 18 142 100 67 
34 21 81 261 48 210 
35 175 166 3 217 3 
36 95 151 168 188 240 
37 149 82 211 107 178 
38 15 62 62 13 62 
39 238 135 254 55 201 
40 16 61 27 213 27 
41 164 11 171 199 195 
42 116 249 110 123 110 
43 101 16 248 221 88 
44 122 50 222 191 222 
45 87 239 75 153 75 
46 247 143 106 124 121 
47 220 58 58 183 58 
48 268 100 14 233 14 
49 54 273 241 204 241 
50 26 7 28 215 28 
51 43 248 159 237 159 
52 200 244 155 212 184 
53 130 34 1 37 1 
54 278 187 166 109 44 
55 2 206 4 7 4 
56 3 136 223 249 223 
57 14 240 207 219 207 
58 35 145 103 277 103 
59 127 199 198 43 198 
60 33 203 19 88 19 
61 145 130 238 130 238 
62 4 24 208 252 122 
63 111 63 25 182 25 
64 191 180 146 211 183 
65 157 156 26 268 26 
66 129 56 181 146 181 
67 28 197 54 270 54 
68 151 147 121 114 187 
69 1 21 232 260 232 
70 110 232 95 192 95 
71 103 80 80 132 80 
72 158 265 235 226 235 
73 178 212 55 34 55 
74 194 220 189 129 189 
75 84 245 167 209 167 
76 219 167 165 102 165 
77 162 140 89 184 89 
78 214 201 201 6 190 
79 181 241 33 246 33 
80 119 49 245 33 245 
81 251 157 136 269 136 
82 58 12 61 210 61 
83 137 5 226 115 226 
84 176 204 114 122 191 
85 169 279 42 240 42 
86 140 68 35 143 35 
87 215 60 197 111 197 
88 7 102 191 117 246 
89 40 216 127 152 196 
90 82 268 50 3 50 
91 128 59 237 164 237 
92 165 28 179 63 179 
93 262 185 135 131 6 
94 83 51 192 231 192 
95 226 127 68 44 68 
96 227 95 184 51 12 
97 154 173 9 49 9 
98 234 209 244 189 153 
99 139 97 66 61 66 
100 38 271 38 73 38 
101 25 117 11 62 11 
102 63 91 53 2 47 
103 62 205 267 18 244 
104 141 174 59 106 59 
105 260 189 220 92 220 
106 45 250 83 1 83 
107 240 202 98 36 98 
108 224 262 44 250 96 
109 20 270 150 154 16 
110 242 126 17 29 17 
111 212 64 140 27 140 
112 144 87 109 83 109 
113 77 272 120 258 120 
114 199 69 182 12 182 
115 148 227 193 162 193 
116 245 269 185 181 185 
117 17 14 100 272 100 
118 258 111 219 243 219 
119 64 214 205 256 205 
120 210 148 173 41 173 
121 132 242 259 119 259 
122 57 179 276 179 276 
123 263 194 251 157 251 
124 261 150 73 97 143 
125 232 160 256 60 148 
126 222 198 262 247 262 
127 253 19 203 222 203 
128 174 131 279 145 279 
129 182 208 144 165 144 
130 277 108 37 89 180 
131 24 231 190 136 242 
132 266 137 278 196 278 
133 73 77 56 82 56 
134 72 30 118 224 118 
135 124 43 43 218 43 
136 22 182 69 168 69 
137 156 4 113 4 113 
138 205 255 99 230 99 
139 202 192 12 173 267 
140 52 9 129 170 129 
141 94 154 154 241 154 
142 237 105 145 275 145 
143 108 23 231 225 217 
144 230 230 230 197 230 
145 160 118 30 84 30 
146 91 233 209 94 208 
147 100 225 225 38 225 
148 167 278 84 81 84 
149 125 78 78 149 78 
150 27 138 134 194 134 
151 36 72 107 193 107 
152 249 134 138 150 138 
153 74 96 125 96 125 
154 11 260 71 105 71 
155 66 1 34 187 34 
156 48 252 67 251 146 
157 123 123 101 59 101 
158 270 112 70 195 70 
159 250 132 5 21 5 
160 187 128 128 139 128 
161 23 65 77 244 261 
162 86 71 46 208 114 
163 68 20 217 227 36 
164 207 264 94 175 73 
165 229 104 36 110 229 
166 233 120 239 24 214 
167 51 184 122 239 239 
168 193 110 15 54 272 
169 239 168 257 172 51 
170 19 176 96 140 155 
171 221 29 82 10 82 
172 272 125 258 22 117 
173 76 256 65 17 65 
174 104 88 253 238 104 
175 166 98 218 113 45 
176 153 2 2 202 2 
177 197 164 116 266 116 
178 241 73 81 78 81 
179 216 170 49 116 49 
180 180 31 242 190 90 
181 184 89 212 216 212 
182 223 33 104 70 211 
183 49 83 149 264 149 
184 161 32 180 23 204 
185 256 86 131 261 131 
186 255 261 87 259 87 
187 146 35 269 201 77 
188 211 55 266 137 266 
189 41 36 31 95 147 
190 89 38 240 108 269 
191 98 74 111 118 111 
192 10 39 178 9 172 
193 88 276 115 67 115 
194 267 41 170 121 168 
195 9 42 273 77 273 
196 93 37 45 163 231 
197 190 237 174 271 174 
198 271 228 228 28 228 
199 264 10 186 166 186 
200 135 90 29 75 29 
201 56 44 210 198 166 
202 142 45 119 127 135 
203 117 40 246 158 171 
204 246 46 23 86 218 
205 113 47 86 98 264 
206 53 79 16 90 248 
207 47 66 10 232 10 
208 243 218 268 71 256 
209 213 116 7 19 7 
210 105 103 105 101 105 
211 170 48 48 255 48 
212 147 153 200 144 93 
213 96 93 148 134 142 
214 209 236 79 223 258 
215 120 94 40 35 233 
216 92 54 6 80 94 
217 192 75 194 161 32 
218 269 76 176 220 194 
219 257 53 153 40 236 
220 254 114 91 112 271 
221 85 17 85 236 85 
222 276 171 143 11 37 
223 273 186 156 228 156 
224 155 243 21 39 21 
225 39 162 60 155 139 
226 6 183 92 91 92 
227 168 253 160 32 160 
228 275 275 275 99 275 
229 274 141 249 53 106 
230 195 152 187 206 137 
231 171 267 183 68 46 
232 42 122 141 235 150 
233 79 119 214 128 72 
234 204 246 47 248 257 
235 133 219 263 20 249 
236 71 191 133 69 141 
237 172 146 196 257 277 
238 31 254 32 120 53 
239 60 109 169 31 169 
240 67 129 147 26 60 
241 143 163 221 253 133 
242 12 139 216 25 23 
243 59 99 52 174 52 
244 185 266 132 156 132 
245 78 263 152 178 202 
246 115 121 108 160 15 
247 30 193 227 16 227 
248 228 257 233 30 79 
249 97 217 264 74 221 
250 236 155 74 278 24 
251 163 13 117 141 108 
252 37 211 272 263 152 
253 179 107 72 169 216 
254 198 223 157 229 157 
255 121 113 20 148 20 
256 159 115 164 242 164 
257 106 247 247 50 247 
258 235 215 215 87 215 
259 126 158 158 8 158 
260 112 144 199 56 199 
261 81 181 252 58 252 
262 208 165 161 103 161 
263 265 235 265 126 265 
264 32 142 162 45 162 
265 206 229 250 138 250 
266 34 238 130 214 130 
267 70 224 41 85 41 
268 99 188 64 177 64 
269 131 26 177 205 177 
270 173 101 123 200 123 
271 55 259 175 147 175 
272 90 159 63 203 63 
273 134 258 270 276 270 
274 177 25 206 133 206 
275 189 210 229 64 200 
276 152 70 112 262 112 
277 188 57 188 79 188 
278 225 85 126 46 126 
279 218 222 277 279 254 
