***********************************
Experiment parameters:
Experiment results:
Permutations:
I U RANK QCV rand PATH 
1 248 127 135 47 135 
2 101 136 71 186 254 
3 4 106 162 180 162 
4 271 105 154 273 150 
5 29 210 172 176 265 
6 51 268 236 14 235 
7 33 247 262 135 97 
8 134 144 6 167 6 
9 21 157 21 267 185 
10 30 265 76 142 77 
11 265 241 267 234 72 
12 17 80 128 72 211 
13 15 115 19 245 19 
14 150 213 30 57 30 
15 103 202 83 66 66 
16 91 61 152 125 152 
17 54 52 110 207 110 
18 172 244 68 254 52 
19 6 4 74 171 15 
20 121 68 256 104 101 
21 140 154 188 5 188 
22 102 278 91 93 22 
23 202 124 132 65 128 
24 78 216 122 76 122 
25 256 63 193 15 193 
26 12 118 69 52 64 
27 259 98 247 151 247 
28 200 18 245 42 107 
29 25 5 119 185 5 
30 80 181 213 159 213 
31 174 190 250 274 250 
32 28 128 78 265 78 
33 188 195 150 100 1 
34 65 81 72 48 236 
35 238 140 50 217 180 
36 128 172 185 188 23 
37 197 82 198 107 198 
38 277 253 144 13 144 
39 85 164 191 55 82 
40 189 9 67 213 67 
41 217 220 182 199 60 
42 156 242 215 123 215 
43 253 138 237 221 112 
44 205 121 228 191 228 
45 49 237 157 153 157 
46 13 119 36 124 25 
47 220 276 10 183 10 
48 81 1 263 233 263 
49 155 274 179 204 179 
50 66 151 279 215 279 
51 247 57 141 237 141 
52 137 212 272 212 278 
53 62 277 168 37 168 
54 26 97 97 109 75 
55 214 62 34 7 34 
56 46 149 40 249 40 
57 40 211 210 219 210 
58 240 33 41 277 41 
59 246 188 59 43 59 
60 5 8 113 88 113 
61 124 3 99 130 99 
62 61 208 23 252 131 
63 160 65 32 182 32 
64 139 88 251 211 91 
65 108 37 184 268 184 
66 279 47 221 146 221 
67 11 178 108 270 108 
68 169 102 131 114 51 
69 243 67 253 260 253 
70 95 240 205 192 205 
71 42 116 116 132 116 
72 218 84 58 226 58 
73 242 266 12 34 12 
74 106 12 266 129 266 
75 159 27 121 209 121 
76 90 7 175 102 175 
77 175 114 153 184 153 
78 173 182 107 6 202 
79 226 259 57 246 57 
80 60 142 27 33 27 
81 278 40 14 269 14 
82 244 6 9 210 9 
83 148 246 196 115 196 
84 10 191 105 122 74 
85 82 238 260 240 260 
86 258 69 252 143 118 
87 161 21 243 111 243 
88 132 70 201 117 158 
89 127 101 212 152 54 
90 1 175 142 3 142 
91 249 125 125 164 125 
92 2 17 151 63 151 
93 35 160 55 131 156 
94 154 249 138 231 138 
95 186 167 268 44 268 
96 203 205 240 51 240 
97 98 85 89 49 89 
98 222 192 140 189 31 
99 266 200 239 61 239 
100 224 275 92 73 92 
101 270 112 48 62 48 
102 204 120 199 2 267 
103 206 117 211 18 146 
104 41 86 161 106 161 
105 37 24 130 92 130 
106 120 215 223 1 223 
107 184 179 70 36 70 
108 236 271 90 250 90 
109 125 71 225 154 208 
110 99 261 133 29 133 
111 230 19 115 27 115 
112 181 90 80 83 80 
113 31 173 82 258 171 
114 72 255 227 12 227 
115 119 44 33 162 11 
116 239 171 43 181 43 
117 145 263 145 272 145 
118 187 111 249 243 249 
119 269 243 95 256 95 
120 138 89 85 41 85 
121 241 230 230 119 20 
122 105 93 17 179 17 
123 228 103 169 157 169 
124 158 199 118 97 7 
125 168 169 1 60 274 
126 268 185 104 247 104 
127 163 113 8 222 8 
128 176 132 111 145 111 
129 215 235 241 165 241 
130 64 204 146 89 50 
131 36 225 53 136 98 
132 84 20 231 196 231 
133 234 221 3 82 3 
134 231 186 137 224 137 
135 131 232 232 218 232 
136 97 227 255 168 255 
137 254 34 149 4 149 
138 94 14 234 230 234 
139 88 166 165 173 165 
140 56 58 219 170 219 
141 133 203 94 241 94 
142 151 183 11 275 33 
143 142 23 204 225 105 
144 209 270 209 197 209 
145 114 100 114 84 114 
146 23 129 233 94 68 
147 92 13 13 38 13 
148 111 15 109 81 109 
149 262 162 106 149 106 
150 223 161 86 194 86 
151 58 207 257 193 257 
152 171 26 189 150 189 
153 76 109 123 96 123 
154 213 260 181 105 181 
155 48 219 177 187 177 
156 69 168 277 251 277 
157 201 159 214 59 214 
158 196 94 203 195 203 
159 136 196 246 21 246 
160 255 2 2 139 2 
161 47 123 167 244 167 
162 211 72 271 208 182 
163 43 35 160 227 160 
164 179 73 18 175 18 
165 45 256 164 110 164 
166 251 201 73 24 73 
167 50 29 126 239 126 
168 107 30 29 54 29 
169 74 267 39 172 39 
170 96 165 226 140 226 
171 147 66 81 10 81 
172 274 122 148 22 148 
173 245 126 155 17 155 
174 123 92 4 238 4 
175 18 16 208 113 245 
176 183 134 134 202 134 
177 177 10 276 266 276 
178 210 74 166 78 166 
179 194 180 244 116 244 
180 212 217 222 190 222 
181 272 153 35 216 35 
182 164 22 46 70 46 
183 167 269 16 264 16 
184 152 25 60 23 127 
185 165 272 242 261 242 
186 126 36 216 259 216 
187 122 245 176 201 55 
188 112 130 24 137 24 
189 52 39 112 95 28 
190 149 150 278 108 21 
191 59 75 173 118 154 
192 178 104 31 9 120 
193 219 279 93 67 93 
194 157 107 136 121 36 
195 166 43 143 77 45 
196 263 28 54 163 173 
197 104 258 258 271 258 
198 24 49 49 28 49 
199 44 209 61 166 61 
200 71 262 45 75 143 
201 39 45 248 198 220 
202 3 46 274 127 256 
203 129 31 178 158 119 
204 182 146 158 86 201 
205 14 48 103 98 272 
206 141 91 265 90 271 
207 9 234 264 232 264 
208 57 50 220 71 224 
209 180 194 42 19 42 
210 75 41 183 101 183 
211 70 56 56 255 56 
212 118 51 224 144 172 
213 55 95 171 134 262 
214 63 233 64 223 191 
215 27 53 28 35 192 
216 77 55 180 80 132 
217 8 76 235 161 69 
218 146 77 77 220 76 
219 199 54 98 40 199 
220 225 83 88 112 204 
221 143 79 79 236 79 
222 250 248 120 11 225 
223 153 184 37 228 37 
224 53 250 190 39 190 
225 19 236 195 155 71 
226 68 170 96 91 96 
227 113 254 229 32 229 
228 257 163 163 99 163 
229 227 141 254 53 212 
230 117 148 20 206 103 
231 16 78 5 68 102 
232 22 59 15 235 83 
233 83 156 66 128 129 
234 273 60 75 248 233 
235 195 110 52 20 53 
236 276 226 101 69 273 
237 170 158 129 257 248 
238 233 64 102 120 251 
239 267 108 259 31 259 
240 130 197 25 26 136 
241 192 143 273 253 178 
242 67 135 117 25 117 
243 144 239 270 174 270 
244 221 152 187 156 187 
245 86 273 217 178 217 
246 237 251 192 160 252 
247 275 11 44 16 44 
248 162 252 51 30 176 
249 20 176 22 74 237 
250 252 96 202 278 195 
251 190 147 127 141 140 
252 198 206 147 263 147 
253 193 257 47 169 47 
254 89 264 200 229 200 
255 115 32 62 148 62 
256 100 42 194 242 194 
257 232 38 38 50 38 
258 34 174 174 87 174 
259 79 218 218 8 218 
260 38 131 170 56 170 
261 110 99 197 58 197 
262 185 145 124 103 124 
263 207 177 84 126 84 
264 260 139 275 45 275 
265 235 231 269 138 269 
266 216 229 207 214 207 
267 73 224 206 85 206 
268 32 137 186 177 186 
269 109 189 26 205 26 
270 264 214 159 200 159 
271 116 223 238 147 238 
272 191 155 65 203 65 
273 208 198 156 276 230 
274 229 193 63 133 63 
275 135 222 139 64 139 
276 87 87 87 262 87 
277 93 187 100 79 100 
278 261 133 261 46 261 
279 7 228 7 279 88 
