***********************************
Experiment parameters:
Experiment results:
Permutations:
I U RANK QCV rand PATH 
1 267 126 126 47 126 
2 261 35 163 186 163 
3 89 139 190 180 190 
4 145 109 45 273 45 
5 151 208 269 176 149 
6 194 251 96 14 99 
7 167 49 19 135 12 
8 2 14 20 167 20 
9 94 169 258 267 258 
10 250 1 133 142 133 
11 143 2 153 234 162 
12 172 223 170 72 170 
13 133 102 157 245 157 
14 198 204 86 57 86 
15 22 3 156 66 176 
16 269 117 102 125 102 
17 128 248 66 207 66 
18 206 36 3 254 3 
19 205 4 72 171 72 
20 171 68 194 104 144 
21 111 143 91 5 91 
22 7 136 147 93 207 
23 216 151 7 65 7 
24 92 6 23 76 23 
25 98 46 155 15 155 
26 56 86 122 52 122 
27 170 153 173 151 173 
28 120 7 145 42 210 
29 207 209 245 185 278 
30 193 175 266 159 266 
31 72 237 139 274 139 
32 157 122 254 265 254 
33 255 170 52 100 52 
34 224 274 142 48 60 
35 55 95 4 217 49 
36 134 171 200 188 22 
37 263 84 63 107 63 
38 196 101 135 13 135 
39 15 10 229 55 256 
40 71 80 25 213 25 
41 188 158 210 199 95 
42 17 254 274 123 274 
43 77 134 2 221 54 
44 66 198 51 191 51 
45 84 264 55 153 55 
46 181 12 83 124 83 
47 262 178 191 183 191 
48 116 75 116 233 116 
49 268 277 99 204 78 
50 155 92 161 215 161 
51 228 156 239 237 239 
52 110 55 38 212 38 
53 50 137 81 37 81 
54 221 142 115 109 39 
55 163 155 46 7 46 
56 24 56 24 249 24 
57 85 196 59 219 59 
58 81 160 205 277 205 
59 236 183 243 43 243 
60 240 9 131 88 131 
61 10 172 227 130 227 
62 180 212 278 252 68 
63 146 65 110 182 110 
64 142 78 149 211 50 
65 32 241 184 268 184 
66 140 77 260 146 260 
67 166 17 65 270 65 
68 202 146 62 114 229 
69 201 203 132 260 132 
70 257 132 203 192 203 
71 45 190 237 132 237 
72 147 81 71 226 71 
73 31 5 257 34 257 
74 156 233 5 129 5 
75 40 240 151 209 151 
76 173 189 240 102 240 
77 204 111 56 184 56 
78 149 149 1 6 248 
79 272 263 88 246 88 
80 161 116 152 33 152 
81 185 24 220 269 220 
82 135 135 101 210 101 
83 126 242 165 115 165 
84 210 213 124 122 119 
85 28 110 222 240 222 
86 4 141 18 143 217 
87 33 64 264 111 264 
88 23 70 175 117 259 
89 73 18 259 152 28 
90 97 51 198 3 198 
91 80 13 218 164 218 
92 276 161 180 63 180 
93 29 115 231 131 231 
94 208 279 10 231 10 
95 105 253 37 44 37 
96 21 25 80 51 80 
97 275 174 225 49 225 
98 1 217 129 189 279 
99 200 154 117 61 117 
100 177 52 277 73 277 
101 271 239 8 62 8 
102 129 124 204 2 27 
103 62 118 136 18 136 
104 87 252 272 106 272 
105 106 182 233 92 233 
106 154 231 53 1 53 
107 195 176 93 36 93 
108 214 258 17 250 17 
109 12 244 144 154 115 
110 190 121 112 29 112 
111 215 157 87 27 87 
112 254 89 253 83 253 
113 231 53 127 258 127 
114 266 97 188 12 188 
115 242 125 169 162 174 
116 164 168 223 181 223 
117 233 193 75 272 75 
118 139 119 206 243 206 
119 104 222 104 256 104 
120 60 83 16 41 16 
121 191 63 49 119 70 
122 82 180 271 179 271 
123 122 163 35 157 35 
124 279 123 12 97 18 
125 19 260 196 60 153 
126 121 179 33 247 33 
127 42 131 9 222 9 
128 37 47 113 145 113 
129 162 226 42 165 42 
130 3 22 238 89 200 
131 16 230 47 136 250 
132 48 130 255 196 255 
133 70 246 275 82 275 
134 150 236 182 224 182 
135 258 185 185 218 185 
136 131 188 97 168 97 
137 174 32 21 4 21 
138 256 220 114 230 114 
139 103 164 159 173 141 
140 192 71 140 170 140 
141 47 211 211 241 211 
142 127 138 160 275 160 
143 222 108 22 225 89 
144 211 276 166 197 166 
145 244 31 236 84 236 
146 90 144 123 94 62 
147 27 216 216 38 216 
148 58 23 273 81 273 
149 274 69 69 149 69 
150 260 272 252 194 252 
151 235 202 177 193 177 
152 247 74 192 150 192 
153 78 235 181 96 181 
154 218 273 214 105 214 
155 225 140 137 187 137 
156 113 41 201 251 201 
157 219 98 128 59 128 
158 8 11 247 195 247 
159 237 165 40 21 40 
160 252 228 174 139 228 
161 179 26 279 244 123 
162 141 57 230 208 204 
163 39 66 120 227 120 
164 130 104 162 175 269 
165 209 103 94 110 94 
166 278 28 103 24 103 
167 265 96 195 239 195 
168 114 94 265 54 265 
169 182 162 262 172 235 
170 6 8 256 140 164 
171 79 147 107 10 268 
172 212 229 167 22 167 
173 277 255 130 17 130 
174 44 90 244 238 212 
175 67 99 67 113 67 
176 165 30 30 202 30 
177 51 249 221 266 221 
178 59 120 268 78 107 
179 137 152 193 116 193 
180 251 33 164 190 208 
181 86 43 82 216 82 
182 93 34 85 70 85 
183 168 85 143 264 143 
184 65 27 207 23 47 
185 241 88 168 261 168 
186 203 186 141 259 159 
187 107 206 77 201 44 
188 18 21 106 137 106 
189 46 37 27 95 146 
190 197 38 150 108 196 
191 102 210 34 118 124 
192 148 268 57 9 147 
193 138 271 249 67 249 
194 158 243 212 121 175 
195 223 42 89 77 158 
196 64 39 146 163 145 
197 232 218 13 271 13 
198 199 191 178 28 178 
199 119 166 219 166 219 
200 43 197 215 75 263 
201 36 44 95 198 213 
202 183 45 228 127 2 
203 234 200 209 158 169 
204 189 234 213 86 209 
205 41 48 267 98 230 
206 123 238 261 90 156 
207 248 232 276 232 276 
208 246 50 70 71 150 
209 108 221 92 19 92 
210 253 205 138 101 138 
211 175 199 199 255 199 
212 153 207 183 144 202 
213 226 93 202 134 183 
214 124 245 48 223 215 
215 69 259 78 35 48 
216 159 54 248 80 108 
217 53 215 119 161 19 
218 101 79 176 220 57 
219 213 261 58 40 1 
220 245 129 109 112 58 
221 220 112 100 236 100 
222 34 262 68 11 77 
223 144 192 241 228 241 
224 176 20 98 39 98 
225 63 58 61 155 61 
226 74 127 251 91 251 
227 49 148 246 32 246 
228 75 29 29 99 29 
229 112 187 6 53 6 
230 187 145 28 206 96 
231 96 167 235 68 109 
232 5 59 64 235 64 
233 13 61 250 128 4 
234 238 60 60 248 261 
235 61 91 208 20 194 
236 152 62 263 69 234 
237 230 267 234 257 262 
238 259 269 39 120 267 
239 35 113 217 31 245 
240 229 16 44 26 142 
241 186 159 179 253 179 
242 178 256 50 25 129 
243 25 114 232 174 232 
244 115 106 242 156 242 
245 118 265 226 178 226 
246 109 270 270 160 244 
247 99 275 125 16 125 
248 20 278 108 30 270 
249 30 67 118 74 238 
250 270 250 158 278 118 
251 14 107 54 141 34 
252 83 194 90 263 90 
253 160 225 84 169 84 
254 9 219 154 229 154 
255 54 257 111 148 111 
256 239 105 105 242 105 
257 76 15 15 50 15 
258 68 76 76 87 76 
259 91 100 73 8 73 
260 11 133 186 56 186 
261 95 227 172 58 172 
262 227 72 36 103 36 
263 125 201 41 126 41 
264 273 173 26 45 26 
265 117 214 197 138 197 
266 52 177 148 214 148 
267 100 195 224 85 224 
268 243 87 32 177 32 
269 132 184 74 205 74 
270 169 128 14 200 14 
271 136 19 171 147 171 
272 26 266 79 203 79 
273 57 181 187 276 187 
274 88 82 43 133 43 
275 249 224 134 64 134 
276 38 247 11 262 11 
277 264 40 31 79 31 
278 184 73 121 46 121 
279 217 150 189 279 189 
