***********************************
Experiment parameters:
Experiment results:
Permutations:
I U RANK QCV rand PATH 
1 254 105 4 47 4 
2 269 225 177 186 10 
3 9 257 82 180 9 
4 100 211 225 273 36 
5 121 110 121 176 121 
6 107 4 10 14 52 
7 26 30 26 135 26 
8 215 71 215 167 215 
9 273 196 273 267 273 
10 10 103 21 142 21 
11 97 20 97 234 97 
12 13 261 137 72 137 
13 1 265 1 245 1 
14 21 263 263 57 263 
15 119 81 119 66 134 
16 274 17 274 125 274 
17 58 89 58 207 58 
18 36 178 36 254 55 
19 66 42 66 171 66 
20 52 258 241 104 67 
21 16 275 16 5 16 
22 28 75 270 93 75 
23 156 24 156 65 156 
24 59 279 59 76 59 
25 163 152 163 15 163 
26 248 185 248 52 248 
27 266 85 183 151 183 
28 134 118 134 42 119 
29 179 221 179 185 179 
30 213 271 213 159 213 
31 83 93 83 274 83 
32 152 79 152 265 152 
33 216 204 216 100 216 
34 4 106 52 48 90 
35 257 126 257 217 257 
36 208 138 208 188 208 
37 253 7 253 107 253 
38 168 91 168 13 168 
39 173 205 173 55 173 
40 91 142 91 213 91 
41 244 148 244 199 244 
42 68 47 68 123 68 
43 24 161 24 221 24 
44 82 176 9 191 82 
45 143 203 143 153 143 
46 41 56 41 124 41 
47 149 163 149 183 149 
48 72 72 72 233 72 
49 123 107 55 204 92 
50 87 53 87 215 87 
51 109 278 109 237 109 
52 237 146 237 212 237 
53 85 165 85 37 85 
54 184 96 184 109 184 
55 144 251 144 7 144 
56 14 14 14 249 14 
57 75 10 67 219 94 
58 131 167 131 277 131 
59 190 190 190 43 190 
60 277 171 277 88 277 
61 176 13 176 130 176 
62 219 266 219 252 219 
63 64 168 64 182 64 
64 49 179 49 211 49 
65 61 23 61 268 61 
66 140 140 140 146 140 
67 170 155 170 270 170 
68 22 62 22 114 22 
69 105 123 262 260 98 
70 272 183 272 192 272 
71 182 273 182 132 182 
72 223 28 223 226 223 
73 19 134 19 34 19 
74 128 83 128 129 128 
75 12 186 12 209 12 
76 110 213 110 102 110 
77 150 150 150 184 150 
78 239 208 239 6 239 
79 103 21 103 246 103 
80 236 224 236 33 236 
81 65 184 65 269 65 
82 93 52 75 210 100 
83 256 149 256 115 256 
84 204 206 204 122 204 
85 198 156 198 240 198 
86 214 214 214 143 214 
87 8 29 8 111 8 
88 171 22 171 117 171 
89 139 160 139 152 139 
90 159 159 159 3 159 
91 161 61 161 164 161 
92 51 59 51 63 51 
93 235 141 235 131 235 
94 80 255 80 231 80 
95 113 132 113 44 113 
96 43 143 43 51 43 
97 69 69 69 49 69 
98 18 227 18 189 18 
99 67 147 90 61 105 
100 102 216 102 73 102 
101 172 121 172 62 172 
102 126 119 32 2 126 
103 95 32 95 18 95 
104 33 200 33 106 33 
105 55 100 94 92 106 
106 130 130 130 1 130 
107 157 104 157 36 157 
108 106 177 178 250 107 
109 227 111 227 154 227 
110 233 233 233 29 233 
111 135 144 135 27 135 
112 133 269 133 83 133 
113 202 234 202 258 202 
114 53 65 148 12 148 
115 252 33 252 162 252 
116 265 172 265 181 265 
117 164 117 164 272 164 
118 206 44 206 243 206 
119 108 180 108 256 108 
120 2 63 2 41 2 
121 146 250 146 119 146 
122 148 131 53 179 53 
123 42 215 42 157 42 
124 183 82 13 97 266 
125 209 242 209 60 209 
126 63 166 63 247 63 
127 25 102 25 222 25 
128 279 124 279 145 279 
129 188 188 188 165 188 
130 32 219 126 89 32 
131 137 8 266 136 13 
132 136 145 136 196 136 
133 154 26 154 82 154 
134 78 259 78 224 78 
135 225 262 92 218 123 
136 210 9 210 168 210 
137 228 45 228 4 228 
138 165 272 165 230 165 
139 73 246 73 173 73 
140 193 38 193 170 193 
141 104 113 104 241 104 
142 151 46 151 275 151 
143 180 175 180 225 180 
144 199 2 199 197 199 
145 186 232 186 84 186 
146 50 112 50 94 50 
147 267 267 267 38 267 
148 127 127 127 81 127 
149 122 223 122 149 122 
150 129 40 129 194 129 
151 34 80 34 193 34 
152 29 226 29 150 29 
153 197 88 197 96 197 
154 238 198 238 105 238 
155 31 191 31 187 31 
156 114 217 114 251 114 
157 5 231 5 59 5 
158 20 238 20 195 20 
159 195 49 195 21 195 
160 261 58 261 139 261 
161 124 6 124 244 124 
162 268 209 268 208 268 
163 132 157 132 227 132 
164 224 57 224 175 224 
165 189 268 189 110 189 
166 96 244 96 24 96 
167 15 15 15 239 15 
168 181 247 181 54 181 
169 115 115 115 172 115 
170 35 252 35 140 35 
171 17 133 17 10 17 
172 218 260 218 22 218 
173 39 197 39 17 39 
174 54 170 54 238 54 
175 160 274 160 113 160 
176 98 55 105 202 147 
177 94 270 98 266 158 
178 116 31 116 78 116 
179 205 99 205 116 205 
180 6 199 6 190 6 
181 155 5 155 216 155 
182 153 120 153 70 153 
183 3 97 3 264 3 
184 120 153 120 23 120 
185 84 109 84 261 84 
186 86 228 86 259 86 
187 111 277 111 201 111 
188 99 173 99 137 99 
189 175 108 175 95 175 
190 203 19 203 108 203 
191 62 139 62 118 62 
192 200 169 200 9 200 
193 47 222 47 67 47 
194 112 25 112 121 112 
195 185 86 185 77 185 
196 48 136 48 163 48 
197 221 64 221 271 221 
198 11 95 11 28 11 
199 7 253 7 166 7 
200 278 240 278 75 278 
201 201 256 201 198 201 
202 275 248 264 127 264 
203 245 116 245 158 245 
204 89 187 269 86 269 
205 23 3 23 98 23 
206 250 195 250 90 250 
207 145 218 145 232 145 
208 234 189 234 71 234 
209 212 192 212 19 212 
210 246 181 246 101 246 
211 222 12 222 255 232 
212 57 41 57 144 57 
213 38 193 38 134 38 
214 217 114 217 223 217 
215 271 48 271 35 271 
216 251 237 251 80 251 
217 46 151 46 161 46 
218 37 37 37 220 37 
219 125 162 125 40 125 
220 264 235 254 112 254 
221 44 51 44 236 44 
222 191 125 191 11 191 
223 117 245 117 228 117 
224 226 11 226 39 226 
225 169 34 169 155 169 
226 178 158 100 91 177 
227 158 36 107 32 178 
228 260 229 260 99 260 
229 255 39 255 53 255 
230 166 276 166 206 166 
231 242 35 242 68 242 
232 81 43 81 235 81 
233 220 202 220 128 220 
234 147 70 89 248 89 
235 76 66 76 20 76 
236 229 201 229 69 229 
237 177 182 142 257 142 
238 92 207 93 120 93 
239 241 90 106 31 211 
240 45 264 45 26 45 
241 207 128 207 253 207 
242 262 98 123 25 225 
243 60 194 60 174 60 
244 141 87 141 156 141 
245 230 68 230 178 230 
246 211 92 258 160 241 
247 174 174 174 16 174 
248 40 129 40 30 40 
249 187 74 187 74 187 
250 74 230 74 278 74 
251 142 135 275 141 275 
252 118 77 118 263 118 
253 88 220 88 169 88 
254 162 164 162 229 162 
255 243 243 243 148 243 
256 231 54 231 242 231 
257 196 78 196 50 196 
258 276 50 276 87 276 
259 56 236 56 8 56 
260 263 241 211 56 258 
261 249 212 249 58 249 
262 247 73 247 103 247 
263 71 76 71 126 71 
264 77 122 77 45 77 
265 138 239 138 138 138 
266 259 16 259 214 259 
267 270 94 147 85 262 
268 194 60 194 177 194 
269 27 101 27 205 27 
270 167 254 167 200 167 
271 70 137 70 147 70 
272 90 210 28 203 28 
273 258 67 158 276 270 
274 192 249 192 133 192 
275 30 18 30 64 30 
276 232 154 232 262 222 
277 101 27 101 79 101 
278 79 1 79 46 79 
279 240 84 240 279 240 
