***********************************
Experiment parameters:
Experiment results:
Permutations:
I U RANK QCV rand PATH 
1 264 128 1 47 192 
2 91 147 2 186 145 
3 182 246 3 180 211 
4 149 254 4 273 48 
5 178 216 5 176 165 
6 219 46 6 14 245 
7 109 14 7 135 35 
8 158 146 8 167 269 
9 50 178 9 267 168 
10 93 1 10 142 226 
11 130 121 11 234 167 
12 253 122 12 72 149 
13 5 67 13 245 220 
14 23 203 14 57 196 
15 207 3 15 66 170 
16 192 275 16 125 193 
17 126 243 17 207 31 
18 100 38 18 254 228 
19 161 5 19 171 38 
20 238 163 20 104 114 
21 40 23 21 5 213 
22 173 6 22 93 256 
23 198 73 23 65 41 
24 268 144 24 76 43 
25 72 210 25 15 70 
26 26 109 26 52 19 
27 244 97 27 151 53 
28 61 8 28 42 172 
29 64 4 29 185 57 
30 96 18 30 159 160 
31 224 85 31 274 156 
32 186 270 32 265 258 
33 116 187 33 100 12 
34 151 81 34 48 78 
35 120 123 35 217 115 
36 115 140 36 188 231 
37 251 33 37 107 44 
38 270 117 38 13 75 
39 183 10 39 55 28 
40 6 174 40 213 39 
41 1 262 41 199 141 
42 67 253 42 123 171 
43 162 138 43 221 4 
44 46 151 44 191 61 
45 94 252 45 153 253 
46 243 12 46 124 8 
47 58 80 47 183 240 
48 202 272 48 233 103 
49 193 260 49 204 93 
50 22 237 50 215 275 
51 102 142 51 237 219 
52 230 239 52 212 110 
53 20 126 53 37 242 
54 218 192 54 109 54 
55 108 190 55 7 210 
56 171 181 56 249 273 
57 189 50 57 219 158 
58 113 19 58 277 76 
59 275 169 59 43 233 
60 206 92 60 88 229 
61 163 230 61 130 278 
62 211 48 62 252 36 
63 104 255 63 182 247 
64 245 13 64 211 188 
65 59 189 65 268 279 
66 195 179 66 146 147 
67 227 186 67 270 271 
68 262 158 68 114 224 
69 107 207 69 260 174 
70 199 26 70 192 146 
71 132 88 71 132 34 
72 172 116 72 226 225 
73 261 137 73 34 184 
74 121 217 74 129 137 
75 73 223 75 209 73 
76 8 87 76 102 173 
77 154 53 77 184 190 
78 13 93 78 6 257 
79 14 235 79 246 45 
80 2 171 80 33 98 
81 80 7 81 269 46 
82 11 257 82 210 207 
83 29 96 83 115 157 
84 169 103 84 122 59 
85 147 111 85 240 94 
86 79 274 86 143 169 
87 19 52 87 111 96 
88 266 149 88 117 102 
89 63 247 89 152 277 
90 97 173 90 3 151 
91 213 86 91 164 198 
92 112 102 92 63 237 
93 117 114 93 131 274 
94 246 22 94 231 259 
95 222 263 95 44 191 
96 201 130 96 51 26 
97 92 32 97 49 185 
98 156 160 98 189 163 
99 196 176 99 61 16 
100 119 56 100 73 104 
101 229 112 101 62 209 
102 252 69 102 2 74 
103 9 268 103 18 246 
104 146 115 104 106 250 
105 54 105 105 92 217 
106 273 248 106 1 144 
107 139 208 107 36 150 
108 235 277 108 250 142 
109 276 71 109 154 230 
110 16 155 110 29 92 
111 47 220 111 27 267 
112 181 225 112 83 42 
113 51 183 113 258 139 
114 194 209 114 12 266 
115 177 231 115 162 64 
116 82 127 116 181 23 
117 21 199 117 272 90 
118 254 125 118 243 194 
119 260 224 119 256 47 
120 32 17 120 41 32 
121 55 234 121 119 195 
122 140 196 122 179 88 
123 74 145 123 157 236 
124 216 156 124 97 56 
125 145 236 125 60 215 
126 168 188 126 247 116 
127 167 37 127 222 111 
128 86 118 128 145 81 
129 257 245 129 165 206 
130 66 110 130 89 180 
131 191 185 131 136 186 
132 166 266 132 196 235 
133 135 11 133 82 177 
134 174 100 134 224 138 
135 99 31 135 218 60 
136 164 139 136 168 27 
137 278 21 137 4 67 
138 279 15 138 230 2 
139 123 180 139 173 69 
140 62 131 140 170 108 
141 248 162 141 241 162 
142 77 265 142 275 6 
143 127 197 143 225 234 
144 180 153 144 197 100 
145 155 261 145 84 153 
146 60 24 146 94 65 
147 157 172 147 38 50 
148 17 269 148 81 148 
149 65 211 149 149 25 
150 41 251 150 194 232 
151 69 25 151 193 20 
152 48 204 152 150 276 
153 39 227 153 96 214 
154 212 273 154 105 128 
155 188 154 155 187 126 
156 265 77 156 251 112 
157 142 9 157 59 1 
158 128 213 158 195 201 
159 205 157 159 21 51 
160 136 99 160 139 252 
161 258 215 161 244 262 
162 263 72 162 208 117 
163 233 62 163 227 5 
164 138 221 164 175 55 
165 31 104 165 110 106 
166 124 256 166 24 131 
167 12 27 167 239 270 
168 18 28 168 54 58 
169 57 170 169 172 255 
170 170 165 170 140 3 
171 34 29 171 10 248 
172 49 119 172 22 119 
173 118 30 173 17 66 
174 134 242 174 238 24 
175 176 98 175 113 238 
176 78 107 176 202 143 
177 84 120 177 266 175 
178 208 218 178 78 52 
179 85 113 179 116 244 
180 87 91 180 190 178 
181 148 89 181 216 239 
182 241 226 182 70 63 
183 242 83 183 264 17 
184 203 206 184 23 176 
185 247 182 185 261 107 
186 269 34 186 259 62 
187 187 35 187 201 272 
188 150 40 188 137 105 
189 71 129 189 95 22 
190 110 219 190 108 95 
191 234 75 191 118 84 
192 114 39 192 9 183 
193 267 66 193 67 101 
194 3 148 194 121 212 
195 106 41 195 77 120 
196 42 36 196 163 7 
197 43 166 197 271 11 
198 277 143 198 28 268 
199 223 101 199 166 187 
200 4 42 200 75 86 
201 28 43 201 198 216 
202 165 44 202 127 161 
203 160 214 203 158 82 
204 185 228 204 86 164 
205 221 47 205 98 243 
206 95 232 206 90 130 
207 24 2 207 232 109 
208 101 49 208 71 113 
209 15 84 209 19 152 
210 144 205 210 101 249 
211 231 79 211 255 77 
212 159 240 212 144 118 
213 68 94 213 134 91 
214 152 241 214 223 260 
215 98 249 215 35 80 
216 179 161 216 80 208 
217 217 108 217 161 18 
218 210 244 218 220 265 
219 89 54 219 40 15 
220 240 55 220 112 83 
221 37 95 221 236 203 
222 190 258 222 11 200 
223 141 276 223 228 189 
224 256 164 224 39 85 
225 36 57 225 155 122 
226 88 152 226 91 87 
227 75 177 227 32 68 
228 30 159 228 99 159 
229 131 132 229 53 49 
230 133 141 230 206 10 
231 90 78 231 68 135 
232 33 58 232 235 97 
233 274 59 233 128 79 
234 271 60 234 248 218 
235 111 90 235 20 134 
236 129 61 236 69 166 
237 228 264 237 257 202 
238 249 271 238 120 221 
239 35 51 239 31 29 
240 137 133 240 26 127 
241 197 167 241 253 182 
242 25 134 242 25 140 
243 125 202 243 174 263 
244 255 194 244 156 40 
245 236 233 245 178 129 
246 45 64 246 160 21 
247 76 200 247 16 181 
248 250 124 248 30 121 
249 226 175 249 74 133 
250 232 168 250 278 9 
251 83 106 251 141 251 
252 27 201 252 263 33 
253 52 278 253 169 72 
254 200 16 254 229 123 
255 215 63 255 148 125 
256 143 76 256 242 155 
257 105 222 257 50 136 
258 7 136 258 87 222 
259 122 229 259 8 205 
260 237 135 260 56 14 
261 239 20 261 58 179 
262 44 65 262 103 124 
263 81 184 263 126 154 
264 70 191 264 45 227 
265 153 238 265 138 13 
266 175 68 266 214 199 
267 10 212 267 85 71 
268 53 267 268 177 197 
269 204 279 269 205 204 
270 220 193 270 200 241 
271 38 45 271 147 99 
272 103 250 272 203 132 
273 56 195 273 276 254 
274 272 74 274 133 89 
275 259 198 275 64 223 
276 209 150 276 262 264 
277 225 70 277 79 261 
278 184 82 278 46 37 
279 214 259 279 279 30 
