***********************************
Experiment parameters:
Experiment results:
Permutations:
I U RANK QCV rand PATH 
1 10 33 1 47 255 
2 55 46 2 186 81 
3 123 275 3 180 183 
4 6 117 4 273 201 
5 112 211 5 176 53 
6 85 276 6 14 269 
7 240 181 7 135 202 
8 257 262 8 167 2 
9 138 100 9 267 229 
10 266 195 10 142 230 
11 202 124 11 234 153 
12 263 80 12 72 136 
13 236 29 13 245 226 
14 135 201 14 57 43 
15 166 3 15 66 168 
16 172 96 16 125 158 
17 9 228 17 207 207 
18 160 235 18 254 127 
19 224 4 19 171 152 
20 67 108 20 104 215 
21 239 152 21 5 225 
22 5 212 22 93 89 
23 134 113 23 65 221 
24 107 163 24 76 166 
25 58 146 25 15 29 
26 186 86 26 52 72 
27 201 98 27 151 212 
28 262 7 28 42 163 
29 118 154 29 185 135 
30 62 22 30 159 26 
31 143 183 31 274 140 
32 136 129 32 265 71 
33 115 184 33 100 227 
34 181 232 34 48 228 
35 165 157 35 217 14 
36 225 144 36 188 200 
37 8 190 37 107 73 
38 228 220 38 13 262 
39 99 10 39 55 217 
40 31 116 40 213 116 
41 45 11 41 199 51 
42 26 277 42 123 49 
43 15 265 43 221 102 
44 146 270 44 191 208 
45 144 237 45 153 150 
46 90 91 46 124 267 
47 148 140 47 183 275 
48 77 21 48 233 44 
49 114 8 49 204 209 
50 173 67 50 215 52 
51 51 160 51 237 172 
52 68 255 52 212 23 
53 38 31 53 37 240 
54 17 102 54 109 204 
55 188 126 55 7 193 
56 12 185 56 249 235 
57 44 225 57 219 30 
58 171 279 58 277 247 
59 155 194 59 43 179 
60 198 13 60 88 137 
61 234 223 61 130 131 
62 212 60 62 252 145 
63 16 210 63 182 77 
64 78 103 64 211 70 
65 213 141 65 268 254 
66 53 81 66 146 256 
67 206 179 67 270 120 
68 226 14 68 114 129 
69 20 1 69 260 176 
70 103 158 70 192 203 
71 29 251 71 132 251 
72 264 182 72 226 156 
73 261 48 73 34 155 
74 119 155 74 129 123 
75 207 161 75 209 186 
76 109 248 76 102 161 
77 245 99 77 184 59 
78 56 164 78 6 165 
79 60 214 79 246 3 
80 54 186 80 33 21 
81 59 189 81 269 92 
82 204 176 82 210 220 
83 50 259 83 115 99 
84 150 187 84 122 90 
85 40 122 85 240 198 
86 195 156 86 143 195 
87 168 252 87 111 31 
88 205 69 88 117 237 
89 25 267 89 152 56 
90 273 221 90 3 248 
91 175 101 91 164 238 
92 258 24 92 63 173 
93 157 115 93 131 276 
94 192 273 94 231 260 
95 255 120 95 44 124 
96 37 203 96 51 83 
97 97 20 97 49 191 
98 48 217 98 189 108 
99 4 12 99 61 189 
100 174 15 100 73 16 
101 163 112 101 62 278 
102 35 219 102 2 192 
103 66 119 103 18 157 
104 210 40 104 106 101 
105 253 123 105 92 206 
106 65 227 106 1 9 
107 124 202 107 36 25 
108 219 215 108 250 263 
109 221 70 109 154 32 
110 203 63 110 29 97 
111 252 226 111 27 151 
112 92 90 112 83 205 
113 140 171 113 258 164 
114 208 174 114 12 222 
115 74 128 115 162 148 
116 39 207 116 181 264 
117 47 121 117 272 80 
118 81 109 118 243 211 
119 80 239 119 256 47 
120 101 58 120 41 175 
121 259 200 121 119 239 
122 176 249 122 179 24 
123 238 50 123 157 93 
124 57 132 124 97 22 
125 216 93 125 60 246 
126 83 188 126 247 106 
127 13 137 127 222 13 
128 220 125 128 145 69 
129 194 233 129 165 194 
130 230 111 130 89 98 
131 274 230 131 136 61 
132 243 130 132 196 115 
133 277 131 133 82 133 
134 94 206 134 224 54 
135 156 244 135 218 244 
136 23 222 136 168 174 
137 32 54 137 4 5 
138 247 88 138 230 253 
139 152 263 139 173 184 
140 72 147 140 170 20 
141 70 39 141 241 250 
142 170 247 142 275 241 
143 46 23 143 225 41 
144 185 44 144 197 185 
145 256 218 145 84 236 
146 79 84 146 94 45 
147 269 134 147 38 134 
148 64 269 148 81 37 
149 254 167 149 149 82 
150 131 238 150 194 94 
151 275 236 151 193 128 
152 69 114 152 150 170 
153 36 243 153 96 35 
154 102 18 154 105 18 
155 105 148 155 187 87 
156 116 240 156 251 27 
157 183 180 157 59 66 
158 14 257 158 195 162 
159 95 5 159 21 259 
160 200 231 160 139 231 
161 215 25 161 244 34 
162 24 71 162 208 187 
163 249 64 163 227 171 
164 41 72 164 175 139 
165 61 246 165 110 58 
166 241 26 166 24 243 
167 159 27 167 239 91 
168 260 213 168 54 105 
169 89 169 169 172 242 
170 184 168 170 140 33 
171 267 153 171 10 10 
172 117 197 172 22 252 
173 33 30 173 17 130 
174 164 266 174 238 76 
175 272 178 175 113 274 
176 139 258 176 202 258 
177 211 245 177 266 107 
178 227 73 178 78 232 
179 1 47 179 116 121 
180 27 229 180 190 8 
181 162 59 181 216 126 
182 246 32 182 70 62 
183 177 85 183 264 111 
184 42 241 184 23 39 
185 190 272 185 261 110 
186 169 34 186 259 15 
187 193 36 187 201 11 
188 111 95 188 137 146 
189 265 37 189 95 78 
190 278 104 190 108 196 
191 30 75 191 118 65 
192 43 166 192 9 86 
193 182 52 193 67 249 
194 108 41 194 121 50 
195 167 42 195 77 60 
196 7 35 196 163 57 
197 128 94 197 271 40 
198 145 138 198 28 138 
199 127 92 199 166 177 
200 125 43 200 75 144 
201 142 150 201 198 142 
202 209 45 202 127 119 
203 91 38 203 158 75 
204 154 142 204 86 64 
205 232 205 205 98 85 
206 82 118 206 90 277 
207 86 253 207 232 96 
208 197 49 208 71 272 
209 71 107 209 19 67 
210 11 268 210 101 268 
211 2 143 211 255 143 
212 199 139 212 144 181 
213 28 278 213 134 132 
214 113 51 214 223 122 
215 34 89 215 35 147 
216 196 53 216 80 19 
217 235 76 217 161 265 
218 129 65 218 220 266 
219 217 110 219 40 213 
220 242 55 220 112 199 
221 251 216 221 236 149 
222 222 56 222 11 224 
223 130 170 223 228 114 
224 214 83 224 39 180 
225 84 57 225 155 125 
226 121 9 226 91 100 
227 218 133 227 32 46 
228 233 68 228 99 68 
229 63 19 229 53 159 
230 279 145 230 206 42 
231 76 78 231 68 219 
232 96 264 232 235 103 
233 18 165 233 128 118 
234 132 242 234 248 190 
235 75 196 235 20 160 
236 141 61 236 69 104 
237 187 62 237 257 169 
238 153 74 238 120 74 
239 161 260 239 31 4 
240 93 175 240 26 154 
241 271 172 241 253 79 
242 88 136 242 25 84 
243 126 177 243 174 88 
244 98 151 244 156 95 
245 229 261 245 178 197 
246 3 250 246 160 273 
247 149 28 247 16 17 
248 87 271 248 30 271 
249 122 105 249 74 214 
250 110 79 250 278 233 
251 19 106 251 141 55 
252 244 209 252 263 36 
253 223 256 253 169 223 
254 133 2 254 229 12 
255 120 77 255 148 210 
256 268 173 256 242 245 
257 179 82 257 50 167 
258 52 199 258 87 279 
259 73 97 259 8 63 
260 151 274 260 56 38 
261 231 191 261 58 28 
262 21 127 262 103 270 
263 22 87 263 126 7 
264 276 135 264 45 178 
265 158 224 265 138 182 
266 237 17 266 214 6 
267 178 192 267 85 109 
268 191 234 268 177 234 
269 104 254 269 205 141 
270 180 162 270 200 1 
271 248 16 271 147 261 
272 250 159 272 203 117 
273 106 198 273 276 188 
274 137 193 274 133 48 
275 270 204 275 64 112 
276 147 66 276 262 257 
277 49 6 277 79 218 
278 189 149 278 46 216 
279 100 208 279 279 113 
