***********************************
Experiment parameters:
Experiment results:
Permutations:
I U RANK QCV rand PATH 
1 265 45 219 47 21 
2 219 243 194 186 22 
3 174 17 174 180 174 
4 192 269 198 273 107 
5 93 164 93 176 93 
6 85 71 21 14 55 
7 47 56 47 135 47 
8 68 65 68 167 68 
9 165 244 165 267 165 
10 51 70 244 142 244 
11 231 10 231 234 231 
12 163 165 163 72 163 
13 2 97 2 245 2 
14 270 153 270 57 270 
15 179 9 220 66 179 
16 122 24 122 125 122 
17 246 239 246 207 246 
18 31 227 184 254 71 
19 69 120 69 171 69 
20 21 167 188 104 72 
21 242 67 242 5 242 
22 44 276 44 93 77 
23 98 177 98 65 98 
24 124 248 124 76 124 
25 215 116 215 15 215 
26 43 256 43 52 43 
27 195 92 195 151 195 
28 220 13 179 42 220 
29 234 74 234 185 234 
30 116 133 116 159 116 
31 33 83 33 274 33 
32 241 79 241 265 241 
33 200 204 200 100 200 
34 45 175 45 48 85 
35 207 228 207 217 207 
36 214 145 214 188 214 
37 156 25 156 107 156 
38 225 155 225 13 225 
39 187 156 187 55 187 
40 155 15 155 213 155 
41 193 1 193 199 193 
42 273 69 273 123 273 
43 176 275 176 221 176 
44 232 57 232 191 232 
45 50 40 50 153 50 
46 212 27 212 124 212 
47 63 223 63 183 63 
48 130 130 130 233 130 
49 55 184 243 204 95 
50 123 107 123 215 123 
51 16 241 16 237 16 
52 54 195 54 212 54 
53 15 202 15 37 15 
54 178 253 178 109 178 
55 74 206 74 7 74 
56 132 132 132 249 132 
57 72 194 278 219 99 
58 253 22 253 277 253 
59 105 259 105 43 105 
60 56 129 56 88 56 
61 222 203 222 130 222 
62 9 207 9 252 9 
63 14 229 14 182 14 
64 153 242 153 211 153 
65 268 161 268 268 268 
66 168 168 168 146 168 
67 166 150 166 270 166 
68 180 134 180 114 180 
69 77 278 55 260 111 
70 62 246 62 192 62 
71 254 163 254 132 254 
72 17 220 17 226 17 
73 228 8 228 34 228 
74 12 234 12 129 12 
75 129 89 129 209 129 
76 164 245 164 102 164 
77 53 176 53 184 53 
78 223 261 223 6 223 
79 59 270 59 246 59 
80 46 272 46 33 46 
81 173 258 173 269 173 
82 194 72 192 210 159 
83 183 58 183 115 183 
84 61 209 61 122 61 
85 262 231 262 240 262 
86 117 96 117 143 117 
87 13 222 13 111 13 
88 65 191 65 117 65 
89 260 73 260 152 260 
90 245 104 245 3 245 
91 161 268 161 164 161 
92 157 41 157 63 157 
93 1 173 1 131 1 
94 35 108 35 231 35 
95 60 146 60 44 60 
96 235 50 235 51 235 
97 119 119 119 49 119 
98 94 137 94 189 94 
99 167 188 265 61 167 
100 88 277 88 73 88 
101 133 2 133 62 133 
102 6 51 6 2 51 
103 158 174 158 18 158 
104 182 112 182 106 182 
105 64 77 71 92 175 
106 113 113 113 1 113 
107 274 60 274 36 274 
108 95 85 77 250 184 
109 210 47 210 154 210 
110 120 210 120 29 120 
111 239 218 239 27 239 
112 114 221 114 83 114 
113 199 255 199 258 199 
114 22 186 107 12 44 
115 249 182 249 162 249 
116 211 11 211 181 211 
117 135 135 135 272 135 
118 125 61 125 243 125 
119 115 26 115 256 115 
120 138 80 138 41 138 
121 118 225 118 119 118 
122 107 193 22 179 45 
123 137 251 137 157 137 
124 252 179 170 97 170 
125 91 264 91 60 91 
126 126 140 126 247 126 
127 30 143 30 222 30 
128 143 126 143 145 143 
129 86 30 86 165 86 
130 244 6 51 89 6 
131 170 181 252 136 252 
132 58 211 58 196 58 
133 191 103 191 82 191 
134 42 90 42 224 42 
135 99 159 72 218 188 
136 148 232 148 168 148 
137 256 187 256 4 256 
138 202 66 202 230 202 
139 147 147 147 173 147 
140 171 75 171 170 171 
141 110 110 110 241 110 
142 152 152 152 275 152 
143 224 196 224 225 224 
144 80 109 80 197 80 
145 87 197 87 84 87 
146 109 125 109 94 109 
147 247 250 247 38 247 
148 28 28 28 81 28 
149 57 158 57 149 57 
150 90 12 90 194 90 
151 112 91 112 193 112 
152 203 139 203 150 203 
153 255 230 255 96 255 
154 19 160 19 105 19 
155 26 257 26 187 26 
156 5 136 5 251 5 
157 52 52 52 59 52 
158 10 262 10 195 10 
159 141 14 141 21 141 
160 70 59 70 139 70 
161 263 157 263 244 263 
162 201 226 201 208 201 
163 146 274 146 227 146 
164 25 266 25 175 25 
165 154 128 154 110 154 
166 186 178 186 24 186 
167 172 172 172 239 172 
168 131 131 131 54 131 
169 32 5 32 172 32 
170 230 169 230 140 230 
171 73 122 73 10 73 
172 149 214 149 22 149 
173 226 201 226 17 226 
174 150 23 150 238 150 
175 89 260 89 113 89 
176 159 192 95 202 192 
177 188 219 99 266 194 
178 205 53 205 78 205 
179 259 212 259 116 259 
180 140 138 140 190 140 
181 142 166 142 216 142 
182 41 37 41 70 41 
183 275 115 275 264 275 
184 248 200 248 23 248 
185 145 93 145 261 145 
186 127 127 127 259 127 
187 34 273 34 201 34 
188 266 144 266 137 266 
189 3 98 3 95 3 
190 49 49 49 108 49 
191 96 114 96 118 96 
192 18 76 18 9 18 
193 39 117 39 67 39 
194 204 124 204 121 204 
195 144 46 144 77 144 
196 104 233 104 163 104 
197 66 33 66 271 66 
198 139 170 139 28 139 
199 48 105 48 166 48 
200 97 78 97 75 97 
201 79 106 79 198 79 
202 237 48 237 127 237 
203 196 162 196 158 196 
204 111 180 101 86 101 
205 160 216 160 98 160 
206 83 64 83 90 83 
207 78 7 78 232 78 
208 76 236 76 71 76 
209 189 183 189 19 189 
210 151 151 151 101 151 
211 24 29 84 255 24 
212 20 43 20 144 20 
213 75 171 75 134 75 
214 136 32 136 223 136 
215 82 63 82 35 82 
216 190 31 190 80 190 
217 271 271 271 161 271 
218 217 217 217 220 217 
219 233 205 177 40 177 
220 71 123 213 112 213 
221 209 86 209 236 209 
222 162 19 162 11 162 
223 216 224 216 228 216 
224 121 238 121 39 121 
225 169 18 169 155 169 
226 184 198 85 91 198 
227 227 95 269 32 219 
228 7 208 7 99 7 
229 108 249 108 53 108 
230 37 263 37 206 37 
231 128 35 128 68 128 
232 40 252 40 235 40 
233 236 199 236 128 236 
234 198 190 206 248 206 
235 29 68 29 20 29 
236 213 267 233 69 233 
237 206 36 64 257 64 
238 101 42 31 120 31 
239 269 21 227 31 227 
240 272 20 272 26 272 
241 229 54 229 253 229 
242 243 111 111 25 243 
243 100 240 100 174 100 
244 81 81 81 156 81 
245 134 185 134 178 134 
246 177 44 276 160 265 
247 250 247 250 16 250 
248 4 254 4 30 4 
249 197 84 197 74 197 
250 103 101 103 278 103 
251 92 4 92 141 92 
252 181 121 181 263 181 
253 264 154 264 169 264 
254 257 3 257 229 257 
255 279 279 279 148 279 
256 23 142 23 242 23 
257 36 118 36 50 36 
258 277 88 277 87 277 
259 27 237 27 8 27 
260 175 55 159 56 269 
261 267 16 267 58 267 
262 38 38 38 103 38 
263 251 34 251 126 251 
264 8 148 8 45 8 
265 106 189 106 138 106 
266 67 141 67 214 67 
267 276 99 167 85 276 
268 240 100 240 177 240 
269 221 102 221 205 221 
270 258 213 258 200 258 
271 218 62 218 147 218 
272 238 235 238 203 238 
273 278 265 175 276 278 
274 208 82 208 133 208 
275 185 39 185 64 185 
276 84 87 24 262 84 
277 102 94 102 79 102 
278 261 215 261 46 261 
279 11 149 11 279 11 
