***********************************
Experiment parameters:
Experiment results:
Permutations:
I U RANK QCV rand PATH 
1 247 42 3 47 3 
2 237 180 200 186 39 
3 125 270 125 180 125 
4 48 3 249 273 42 
5 152 43 152 176 152 
6 58 222 222 14 48 
7 18 250 18 135 18 
8 250 38 250 167 250 
9 196 83 196 267 196 
10 113 192 126 142 126 
11 234 273 234 234 234 
12 13 191 13 72 13 
13 70 73 70 245 70 
14 65 253 65 57 65 
15 126 206 228 66 206 
16 49 40 49 125 49 
17 244 8 244 207 244 
18 2 151 180 254 58 
19 140 268 140 171 140 
20 39 162 279 104 76 
21 278 238 278 5 278 
22 92 249 39 93 90 
23 108 23 108 65 108 
24 207 148 207 76 207 
25 66 44 66 15 66 
26 233 181 233 52 233 
27 3 135 113 151 113 
28 228 6 206 42 228 
29 137 240 137 185 137 
30 142 152 142 159 142 
31 252 113 252 274 252 
32 57 88 57 265 57 
33 158 239 158 100 158 
34 42 237 42 48 100 
35 214 12 214 217 214 
36 204 231 204 188 204 
37 189 184 189 107 189 
38 114 278 114 13 114 
39 69 120 69 55 69 
40 54 137 54 213 54 
41 139 259 139 199 139 
42 220 160 220 123 220 
43 144 144 144 221 144 
44 175 212 175 191 175 
45 266 228 266 153 266 
46 105 199 105 124 105 
47 211 243 211 183 211 
48 99 99 99 233 99 
49 110 58 48 204 101 
50 97 123 97 215 97 
51 85 66 85 237 85 
52 253 155 253 212 253 
53 8 55 8 37 8 
54 119 62 119 109 119 
55 230 174 230 7 230 
56 106 106 106 249 106 
57 122 182 58 219 110 
58 116 74 116 277 116 
59 32 157 32 43 32 
60 67 89 67 88 67 
61 107 17 107 130 107 
62 47 214 47 252 47 
63 174 230 174 182 174 
64 63 4 63 211 63 
65 35 10 35 268 35 
66 9 204 9 146 9 
67 219 224 219 270 219 
68 195 67 195 114 195 
69 25 128 76 260 122 
70 135 226 135 192 135 
71 4 252 4 132 4 
72 146 34 146 226 146 
73 270 37 270 34 270 
74 238 143 238 129 238 
75 94 195 94 209 94 
76 232 245 232 102 232 
77 257 31 257 184 257 
78 231 7 231 6 231 
79 82 126 82 246 82 
80 181 202 181 33 181 
81 28 80 28 269 28 
82 162 168 182 210 128 
83 147 70 147 115 147 
84 72 121 72 122 72 
85 23 216 23 240 23 
86 61 68 61 143 61 
87 34 178 34 111 34 
88 46 209 46 117 46 
89 38 171 38 152 38 
90 73 85 73 3 73 
91 187 234 187 164 187 
92 27 264 27 63 27 
93 123 139 123 131 123 
94 16 96 16 231 16 
95 133 255 133 44 133 
96 138 47 138 51 138 
97 241 241 241 49 241 
98 111 112 111 189 111 
99 76 90 90 61 136 
100 276 263 276 73 276 
101 201 229 201 62 201 
102 19 190 176 2 19 
103 5 235 5 18 5 
104 156 95 156 106 156 
105 128 100 100 92 151 
106 45 45 45 1 45 
107 255 133 255 36 255 
108 98 247 101 250 162 
109 112 227 112 154 112 
110 267 262 267 29 267 
111 155 141 155 27 155 
112 68 274 68 83 68 
113 217 164 217 258 217 
114 225 28 225 12 225 
115 96 11 96 162 96 
116 265 201 265 181 265 
117 188 254 188 272 188 
118 264 251 264 243 264 
119 203 187 203 256 203 
120 154 87 154 41 154 
121 29 82 29 119 29 
122 259 59 259 179 259 
123 160 61 160 157 160 
124 178 81 178 97 86 
125 164 64 164 60 164 
126 117 117 117 247 117 
127 167 276 167 222 167 
128 172 154 172 145 172 
129 251 158 251 165 251 
130 176 86 19 89 176 
131 86 272 86 136 178 
132 163 78 163 196 163 
133 102 236 102 82 102 
134 55 13 55 224 55 
135 101 39 237 218 168 
136 12 5 12 168 12 
137 198 189 198 4 198 
138 192 14 192 230 192 
139 15 1 15 173 15 
140 166 130 166 170 166 
141 223 223 223 241 223 
142 109 56 109 275 109 
143 41 203 41 225 41 
144 263 172 263 197 263 
145 268 71 268 84 268 
146 93 77 93 94 93 
147 246 261 246 38 246 
148 205 205 205 81 205 
149 272 124 272 149 272 
150 240 20 240 194 240 
151 95 16 95 193 95 
152 124 146 124 150 124 
153 173 53 173 96 173 
154 221 188 221 105 221 
155 260 118 260 187 260 
156 194 194 194 251 194 
157 165 213 165 59 165 
158 273 221 273 195 273 
159 20 29 20 21 20 
160 50 63 50 139 50 
161 210 26 210 244 210 
162 132 150 132 208 132 
163 256 256 256 227 256 
164 120 198 120 175 120 
165 277 132 277 110 277 
166 62 97 62 24 62 
167 197 197 197 239 197 
168 161 15 161 54 161 
169 127 33 127 172 127 
170 186 218 186 140 186 
171 262 25 262 10 262 
172 44 232 44 22 44 
173 64 275 64 17 64 
174 224 165 224 238 224 
175 71 183 71 113 71 
176 100 169 110 202 169 
177 136 200 122 266 170 
178 254 35 254 78 254 
179 159 233 159 116 159 
180 239 27 239 190 239 
181 213 153 213 216 213 
182 77 167 77 70 77 
183 216 36 216 264 216 
184 52 207 52 23 52 
185 245 248 245 261 245 
186 157 269 157 259 157 
187 104 18 104 201 104 
188 84 69 84 137 84 
189 10 75 10 95 10 
190 81 266 81 108 81 
191 79 111 79 118 79 
192 218 91 218 9 218 
193 274 94 274 67 274 
194 26 52 26 121 26 
195 269 105 269 77 269 
196 248 242 248 163 248 
197 141 92 141 271 141 
198 37 176 37 28 37 
199 202 159 202 166 202 
200 24 265 24 75 24 
201 131 30 131 198 131 
202 6 21 2 127 2 
203 31 129 31 158 31 
204 14 79 25 86 25 
205 36 41 36 98 36 
206 83 179 83 90 83 
207 229 9 229 232 229 
208 275 277 275 71 275 
209 88 24 88 19 88 
210 258 161 258 101 258 
211 171 140 215 255 171 
212 21 32 21 144 21 
213 130 166 130 134 130 
214 33 127 33 223 33 
215 7 211 7 35 7 
216 60 208 60 80 60 
217 56 109 56 161 56 
218 145 145 145 220 145 
219 103 103 103 40 103 
220 59 225 59 112 59 
221 121 72 121 236 121 
222 75 260 75 11 75 
223 118 108 118 228 118 
224 190 19 190 39 190 
225 51 51 51 155 51 
226 169 170 151 91 180 
227 90 101 128 32 182 
228 177 142 177 99 177 
229 150 173 150 53 150 
230 148 93 148 206 148 
231 91 156 91 68 91 
232 212 138 212 235 212 
233 11 217 11 128 11 
234 180 50 143 248 143 
235 149 102 149 20 149 
236 193 131 193 69 193 
237 168 54 92 257 92 
238 151 60 98 120 98 
239 206 122 136 31 200 
240 199 84 199 26 199 
241 226 196 226 253 226 
242 182 76 247 25 222 
243 185 134 185 174 185 
244 80 119 80 156 80 
245 89 46 89 178 89 
246 200 110 162 160 237 
247 261 246 261 16 261 
248 191 244 191 30 191 
249 227 115 227 74 227 
250 183 215 183 278 183 
251 143 271 14 141 14 
252 17 175 17 263 17 
253 53 186 53 169 53 
254 129 257 129 229 129 
255 22 22 22 148 22 
256 153 219 153 242 153 
257 179 65 179 50 179 
258 87 210 87 87 87 
259 184 2 184 8 184 
260 222 279 168 56 247 
261 242 147 242 58 242 
262 1 258 1 103 1 
263 209 220 209 126 209 
264 235 125 235 45 235 
265 30 177 30 138 30 
266 271 98 271 214 271 
267 279 48 169 85 249 
268 134 185 134 177 134 
269 115 104 115 205 115 
270 74 116 74 200 74 
271 208 114 208 147 208 
272 170 107 6 203 6 
273 249 136 170 276 279 
274 43 163 43 133 43 
275 236 49 236 64 236 
276 215 149 171 262 215 
277 40 267 40 79 40 
278 243 57 243 46 243 
279 78 193 78 279 78 
