***********************************
Experiment parameters:
Experiment results:
Permutations:
I U RANK QCV rand PATH 
1 161 1 1 47 1 
2 218 194 10 186 103 
3 35 98 159 180 35 
4 153 54 244 273 118 
5 99 176 99 176 99 
6 51 146 11 14 67 
7 28 28 28 135 28 
8 276 226 276 167 276 
9 116 231 116 267 116 
10 3 245 210 142 210 
11 199 254 199 234 199 
12 240 195 240 72 240 
13 223 97 223 245 223 
14 147 265 147 57 147 
15 73 37 73 66 73 
16 247 200 247 125 247 
17 230 111 230 207 230 
18 50 132 14 254 64 
19 20 141 20 171 20 
20 56 270 242 104 90 
21 75 116 75 5 75 
22 14 161 161 93 267 
23 163 25 163 65 163 
24 15 204 15 76 15 
25 32 105 32 15 32 
26 93 227 93 52 93 
27 2 147 2 151 2 
28 129 42 129 42 129 
29 39 75 39 185 39 
30 191 239 191 159 191 
31 179 77 179 274 179 
32 156 120 156 265 156 
33 157 221 157 100 157 
34 11 153 185 48 55 
35 98 217 98 217 98 
36 13 156 13 188 13 
37 238 238 238 107 238 
38 265 174 265 13 265 
39 250 69 250 55 250 
40 205 175 205 213 205 
41 79 83 79 199 79 
42 88 29 88 123 88 
43 133 188 133 221 133 
44 159 167 35 191 159 
45 167 129 167 153 167 
46 69 19 69 124 69 
47 162 166 162 183 162 
48 95 95 95 233 95 
49 146 185 212 204 56 
50 277 91 277 215 277 
51 176 171 176 237 176 
52 106 179 106 212 106 
53 38 201 38 37 38 
54 83 275 83 109 83 
55 16 205 16 7 16 
56 100 100 100 249 100 
57 112 10 50 219 76 
58 214 267 214 277 214 
59 31 31 31 43 31 
60 255 189 255 88 255 
61 184 180 184 130 184 
62 37 184 37 252 37 
63 206 230 206 182 206 
64 201 240 201 211 201 
65 225 178 225 268 225 
66 166 66 166 146 166 
67 158 172 158 270 158 
68 226 62 226 114 226 
69 10 11 51 260 81 
70 17 106 17 192 17 
71 53 110 53 132 53 
72 228 192 228 226 228 
73 5 22 5 34 5 
74 177 36 177 129 177 
75 232 80 232 209 232 
76 97 215 97 102 97 
77 193 4 193 184 193 
78 105 251 105 6 105 
79 260 177 260 246 260 
80 134 40 134 33 134 
81 149 79 149 269 149 
82 55 212 54 210 92 
83 66 223 66 115 66 
84 221 64 221 122 221 
85 34 193 34 240 34 
86 121 21 121 143 121 
87 180 35 180 111 180 
88 127 23 127 117 127 
89 9 33 9 152 9 
90 186 122 186 3 186 
91 67 235 67 164 14 
92 64 65 64 63 54 
93 24 277 24 131 24 
94 152 59 152 231 152 
95 164 182 164 44 164 
96 22 207 22 51 22 
97 58 58 58 49 58 
98 115 130 115 189 115 
99 131 55 55 61 117 
100 246 246 246 73 246 
101 251 99 251 62 251 
102 248 219 119 2 119 
103 42 71 42 18 42 
104 144 160 144 106 144 
105 81 14 56 92 131 
106 165 165 165 1 165 
107 182 140 182 36 182 
108 132 242 218 250 132 
109 189 208 189 154 189 
110 80 255 80 29 80 
111 12 198 12 27 12 
112 141 276 141 83 141 
113 63 173 63 258 63 
114 90 24 90 12 50 
115 209 107 209 162 209 
116 171 261 171 181 171 
117 104 190 104 272 104 
118 253 229 253 243 253 
119 151 34 151 256 151 
120 203 253 203 41 203 
121 111 30 111 119 111 
122 267 60 267 179 51 
123 200 272 200 157 200 
124 119 224 197 97 220 
125 107 41 107 60 107 
126 213 108 213 247 213 
127 145 102 145 222 145 
128 108 145 108 145 108 
129 102 157 102 165 102 
130 210 228 248 89 248 
131 197 237 220 136 197 
132 211 85 211 196 211 
133 137 247 137 82 137 
134 110 38 110 224 110 
135 76 76 76 218 138 
136 71 119 71 168 71 
137 6 241 6 4 6 
138 30 39 30 230 30 
139 222 258 222 173 222 
140 273 136 273 170 273 
141 140 164 140 241 140 
142 118 89 118 275 11 
143 188 243 188 225 188 
144 65 203 65 197 65 
145 23 232 23 84 23 
146 128 8 128 94 128 
147 103 233 103 38 10 
148 70 70 70 81 70 
149 207 252 207 149 207 
150 268 49 268 194 268 
151 27 144 27 193 27 
152 217 159 217 150 217 
153 59 269 59 96 59 
154 4 199 4 105 4 
155 114 225 114 187 114 
156 48 256 48 251 48 
157 150 158 150 59 150 
158 155 67 155 195 155 
159 187 53 187 21 187 
160 245 12 245 139 245 
161 8 128 8 244 8 
162 183 152 183 208 183 
163 279 279 279 227 279 
164 278 266 278 175 278 
165 125 124 125 110 125 
166 91 112 91 24 91 
167 274 274 274 239 274 
168 135 222 135 54 135 
169 84 48 84 172 84 
170 101 183 101 140 101 
171 7 127 7 10 7 
172 143 234 143 22 143 
173 41 125 41 17 41 
174 82 82 82 238 82 
175 72 121 72 113 72 
176 92 81 81 202 146 
177 138 51 92 266 153 
178 178 78 178 78 178 
179 109 109 109 116 109 
180 142 15 142 190 142 
181 170 170 170 216 170 
182 44 86 44 70 44 
183 78 114 78 264 78 
184 229 142 229 23 229 
185 239 94 239 261 239 
186 19 6 19 259 19 
187 139 168 139 201 139 
188 227 250 227 137 227 
189 254 133 254 95 254 
190 219 197 219 108 219 
191 272 46 272 118 272 
192 160 18 160 9 160 
193 21 52 21 67 21 
194 26 26 26 121 26 
195 271 278 271 77 271 
196 122 96 122 163 122 
197 249 2 249 271 249 
198 252 5 252 28 252 
199 266 134 266 166 266 
200 215 143 215 75 215 
201 263 148 263 198 263 
202 181 74 181 127 181 
203 190 154 190 158 190 
204 46 216 46 86 46 
205 25 3 25 98 25 
206 36 68 36 90 36 
207 96 263 96 232 96 
208 269 126 269 71 269 
209 94 191 94 19 94 
210 258 264 258 101 258 
211 29 137 29 255 33 
212 40 93 40 144 40 
213 136 273 136 134 136 
214 256 84 256 223 256 
215 45 45 45 35 45 
216 49 249 49 80 49 
217 89 118 89 161 89 
218 123 103 123 220 123 
219 195 104 3 40 3 
220 54 214 112 112 112 
221 57 213 57 236 57 
222 243 163 243 11 243 
223 154 151 154 228 154 
224 237 87 237 39 237 
225 18 101 18 155 18 
226 212 218 270 91 161 
227 244 131 117 32 185 
228 120 211 120 99 120 
229 124 209 124 53 124 
230 86 44 86 206 86 
231 257 27 257 68 257 
232 192 73 192 235 192 
233 173 257 173 128 173 
234 185 210 175 248 175 
235 196 72 196 20 196 
236 148 162 148 69 148 
237 262 259 262 257 262 
238 175 260 198 120 198 
239 270 244 194 31 194 
240 241 181 241 26 241 
241 68 262 68 253 68 
242 1 138 132 25 212 
243 113 202 113 174 113 
244 60 149 60 156 60 
245 62 196 62 178 62 
246 220 50 131 160 218 
247 233 123 233 16 233 
248 259 16 259 30 259 
249 216 88 216 74 216 
250 52 115 52 278 52 
251 198 268 195 141 195 
252 61 61 61 263 61 
253 126 63 126 169 126 
254 235 155 235 229 235 
255 43 43 43 148 43 
256 172 150 172 242 172 
257 174 17 174 50 174 
258 204 57 204 87 204 
259 74 271 74 8 74 
260 194 56 138 56 242 
261 261 169 261 58 261 
262 264 135 264 103 264 
263 168 7 168 126 85 
264 224 248 224 45 224 
265 85 186 85 138 168 
266 77 206 77 214 77 
267 117 92 146 85 244 
268 202 113 202 177 202 
269 130 9 130 205 130 
270 275 90 275 200 275 
271 231 187 231 147 231 
272 87 220 87 203 87 
273 242 117 153 276 270 
274 234 47 234 133 234 
275 236 20 236 64 236 
276 33 139 33 262 29 
277 208 236 208 79 208 
278 47 13 47 46 47 
279 169 32 169 279 169 
