***********************************
Experiment parameters:
Experiment results:
Permutations:
I U RANK QCV rand PATH 
1 256 135 3 47 12 
2 250 56 221 186 145 
3 185 43 186 180 186 
4 233 3 12 273 151 
5 103 174 103 176 103 
6 67 87 263 14 246 
7 28 225 28 135 28 
8 169 252 169 167 169 
9 210 235 210 267 210 
10 21 157 171 142 171 
11 184 13 184 234 184 
12 157 274 157 72 157 
13 205 173 205 245 205 
14 129 210 129 57 129 
15 39 182 43 66 39 
16 90 2 90 125 90 
17 239 276 239 207 239 
18 16 177 16 254 15 
19 109 262 109 171 109 
20 3 221 33 104 200 
21 146 118 146 5 146 
22 56 79 211 93 206 
23 188 184 188 65 188 
24 220 257 220 76 220 
25 237 163 237 15 237 
26 127 160 127 52 127 
27 20 146 20 151 20 
28 43 193 39 42 43 
29 152 73 152 185 152 
30 166 95 166 159 166 
31 190 190 190 274 190 
32 117 98 117 265 117 
33 40 229 40 100 40 
34 33 267 238 48 79 
35 194 213 194 217 194 
36 58 24 58 188 58 
37 202 197 202 107 202 
38 110 142 110 13 110 
39 4 243 4 55 4 
40 172 129 172 213 172 
41 167 240 167 199 167 
42 196 71 196 123 196 
43 226 188 226 221 226 
44 186 260 185 191 185 
45 76 275 76 153 76 
46 175 253 175 124 175 
47 215 223 215 183 215 
48 81 81 81 233 81 
49 53 263 233 204 87 
50 14 200 14 215 14 
51 259 228 259 237 259 
52 278 143 278 212 278 
53 118 171 118 37 118 
54 74 36 74 109 74 
55 73 214 73 7 73 
56 96 96 96 249 96 
57 79 179 47 219 120 
58 168 236 168 277 168 
59 208 208 208 43 208 
60 258 155 258 88 258 
61 279 119 279 130 279 
62 275 64 275 252 275 
63 132 239 132 182 132 
64 133 176 133 211 133 
65 13 273 13 268 13 
66 83 9 83 146 83 
67 265 150 265 270 265 
68 187 162 187 114 187 
69 70 222 53 260 135 
70 121 181 121 192 121 
71 102 20 102 132 102 
72 137 231 137 226 137 
73 46 247 46 34 46 
74 125 113 125 129 125 
75 262 169 262 209 262 
76 19 237 19 102 19 
77 105 226 105 184 105 
78 9 259 9 6 9 
79 235 125 235 246 235 
80 227 175 227 33 227 
81 236 74 236 269 236 
82 12 12 267 210 177 
83 272 191 272 115 272 
84 158 164 158 122 158 
85 251 246 251 240 251 
86 8 107 8 143 8 
87 5 189 5 111 5 
88 57 49 57 117 57 
89 153 91 153 152 153 
90 217 272 217 3 217 
91 246 261 246 164 33 
92 15 11 15 63 53 
93 240 168 240 131 240 
94 266 248 266 231 266 
95 147 183 147 44 147 
96 10 65 10 51 10 
97 254 254 254 49 254 
98 48 178 48 189 48 
99 47 180 56 61 179 
100 85 201 85 73 85 
101 174 148 174 62 174 
102 247 5 193 2 193 
103 44 45 44 18 44 
104 244 198 244 106 244 
105 211 33 222 92 180 
106 209 209 209 1 209 
107 183 7 183 36 183 
108 189 224 224 250 207 
109 111 57 111 154 111 
110 124 249 124 29 124 
111 62 278 62 27 62 
112 225 258 225 83 225 
113 245 72 245 258 245 
114 200 14 206 12 47 
115 38 244 38 162 38 
116 24 192 24 181 24 
117 23 105 23 272 23 
118 52 220 52 243 52 
119 123 123 123 256 123 
120 89 78 89 41 89 
121 170 132 170 119 170 
122 206 167 200 179 56 
123 94 111 94 157 94 
124 65 46 231 97 231 
125 72 161 72 60 72 
126 164 51 164 247 164 
127 241 77 241 222 241 
128 51 40 51 145 51 
129 139 89 139 165 139 
130 193 76 247 89 247 
131 231 279 65 136 65 
132 228 212 228 196 228 
133 154 196 154 82 154 
134 276 27 276 224 276 
135 120 16 242 218 211 
136 213 194 213 168 213 
137 253 227 253 4 253 
138 92 133 92 230 92 
139 199 97 199 173 199 
140 128 204 128 170 128 
141 203 147 203 241 203 
142 151 37 151 275 16 
143 116 23 116 225 116 
144 11 84 11 197 11 
145 138 195 138 84 138 
146 144 139 144 94 144 
147 145 271 145 38 3 
148 140 140 140 81 140 
149 119 108 119 149 119 
150 176 30 176 194 176 
151 198 35 198 193 198 
152 182 185 182 150 182 
153 136 82 136 96 136 
154 25 251 25 105 25 
155 230 234 230 187 230 
156 112 112 112 251 112 
157 104 104 104 59 104 
158 88 25 88 195 88 
159 113 59 113 21 113 
160 143 102 143 139 143 
161 78 52 78 244 78 
162 131 131 131 208 131 
163 7 203 7 227 7 
164 41 126 41 175 41 
165 35 232 35 110 35 
166 141 50 141 24 141 
167 268 268 268 239 268 
168 99 93 99 54 99 
169 269 26 269 172 269 
170 82 266 82 140 82 
171 63 138 63 10 63 
172 29 217 29 22 29 
173 161 264 161 17 161 
174 150 54 150 238 150 
175 162 63 162 113 162 
176 181 211 79 202 221 
177 87 207 87 266 222 
178 277 31 277 78 277 
179 17 202 17 116 17 
180 257 85 257 190 257 
181 68 68 68 216 68 
182 229 6 229 70 229 
183 165 80 165 264 165 
184 77 144 77 23 77 
185 173 219 173 261 173 
186 255 4 255 259 255 
187 107 122 107 201 107 
188 243 127 243 137 243 
189 261 69 261 95 261 
190 260 114 260 108 260 
191 252 154 252 118 252 
192 61 66 61 9 61 
193 2 153 2 67 2 
194 22 15 22 121 22 
195 197 17 197 77 197 
196 86 117 86 163 86 
197 59 110 59 271 59 
198 34 137 34 28 34 
199 101 255 101 166 101 
200 95 21 95 75 95 
201 163 270 163 198 163 
202 36 1 1 127 1 
203 18 88 18 158 18 
204 60 94 149 86 149 
205 273 116 273 98 273 
206 214 60 214 90 214 
207 98 205 98 232 98 
208 264 136 264 71 264 
209 270 156 270 19 270 
210 93 199 93 101 93 
211 71 149 71 255 71 
212 126 101 126 144 126 
213 204 128 204 134 204 
214 26 269 26 223 26 
215 219 166 219 35 219 
216 75 62 75 80 75 
217 37 151 37 161 37 
218 271 145 271 220 271 
219 234 165 234 40 234 
220 1 141 36 112 36 
221 201 22 201 236 201 
222 69 277 69 11 69 
223 31 230 31 228 31 
224 64 186 64 39 64 
225 232 61 232 155 232 
226 221 120 250 91 224 
227 207 242 180 32 233 
228 212 58 212 99 212 
229 248 159 248 53 248 
230 6 241 6 206 6 
231 66 38 66 68 66 
232 114 44 114 235 114 
233 115 245 115 128 115 
234 177 67 67 248 181 
235 249 90 249 20 249 
236 171 83 21 69 21 
237 224 152 181 257 67 
238 135 170 70 120 70 
239 179 233 207 31 238 
240 160 55 160 26 160 
241 274 172 274 253 274 
242 238 47 120 25 242 
243 32 130 32 174 32 
244 50 218 50 156 50 
245 91 100 91 178 91 
246 180 53 256 160 250 
247 216 216 216 16 216 
248 142 70 142 30 142 
249 49 109 49 74 49 
250 155 8 155 278 155 
251 222 42 60 141 60 
252 45 10 45 263 45 
253 159 115 159 169 159 
254 80 18 80 229 80 
255 134 134 134 148 134 
256 54 265 54 242 54 
257 27 75 27 50 27 
258 84 158 84 87 84 
259 55 41 55 8 55 
260 263 238 135 56 256 
261 192 29 192 58 192 
262 97 99 97 103 97 
263 178 28 178 126 178 
264 108 34 108 45 108 
265 148 86 148 138 148 
266 42 92 42 214 42 
267 267 250 179 85 263 
268 130 32 130 177 130 
269 122 48 122 205 122 
270 218 206 218 200 218 
271 30 121 30 147 30 
272 149 39 189 203 189 
273 242 256 177 276 267 
274 156 19 156 133 156 
275 106 187 106 64 106 
276 100 124 100 262 100 
277 195 106 195 79 195 
278 191 215 191 46 191 
279 223 103 223 279 223 
