***********************************
Experiment parameters:
Experiment results:
Permutations:
I U RANK QCV rand PATH 
1 275 275 9 47 30 
2 253 231 209 186 117 
3 182 267 199 180 182 
4 104 274 23 273 249 
5 163 237 163 176 163 
6 35 166 231 14 110 
7 138 39 138 135 138 
8 46 61 46 167 46 
9 77 47 77 267 77 
10 9 118 135 142 135 
11 43 148 43 234 43 
12 6 239 108 72 108 
13 164 115 164 245 164 
14 135 113 232 57 232 
15 97 44 125 66 97 
16 184 87 184 125 184 
17 211 229 211 207 211 
18 23 253 30 254 272 
19 175 277 175 171 175 
20 54 106 35 104 54 
21 113 135 113 5 113 
22 38 168 38 93 68 
23 133 146 133 65 133 
24 60 16 60 76 60 
25 237 85 237 15 237 
26 136 259 136 52 136 
27 34 98 34 151 34 
28 125 95 97 42 125 
29 235 248 235 185 235 
30 37 256 37 159 37 
31 178 188 178 274 178 
32 203 152 203 265 203 
33 196 200 196 100 196 
34 68 209 216 48 86 
35 267 97 267 217 267 
36 115 96 115 188 115 
37 155 11 155 107 155 
38 32 173 32 13 32 
39 128 238 128 55 128 
40 48 193 48 213 48 
41 79 224 79 199 79 
42 39 41 39 123 39 
43 91 147 91 221 91 
44 199 114 182 191 199 
45 141 130 141 153 141 
46 227 262 227 124 227 
47 160 208 160 183 160 
48 22 22 22 233 22 
49 106 9 240 204 104 
50 257 79 257 215 257 
51 254 160 254 237 254 
52 276 109 276 212 276 
53 83 198 83 37 83 
54 273 257 273 109 273 
55 172 211 172 7 172 
56 179 179 179 249 179 
57 30 145 54 219 106 
58 228 228 228 277 228 
59 169 36 169 43 169 
60 101 62 101 88 101 
61 51 181 51 130 51 
62 20 182 20 252 20 
63 47 235 47 182 47 
64 103 276 103 211 103 
65 3 29 3 268 3 
66 268 55 268 146 268 
67 82 123 82 270 82 
68 265 154 265 114 265 
69 119 242 68 260 119 
70 105 161 105 192 105 
71 74 103 74 132 74 
72 95 223 95 226 95 
73 223 88 223 34 223 
74 120 34 120 129 120 
75 19 67 19 209 19 
76 17 163 17 102 17 
77 147 43 147 184 147 
78 214 100 214 6 214 
79 173 204 173 246 173 
80 262 136 262 33 262 
81 224 121 224 269 224 
82 92 104 145 210 124 
83 85 214 85 115 85 
84 143 241 143 122 143 
85 177 40 177 240 177 
86 139 12 139 143 139 
87 181 233 181 111 181 
88 64 13 64 117 64 
89 269 52 269 152 269 
90 28 243 28 3 28 
91 110 226 110 164 35 
92 272 53 272 63 38 
93 131 27 131 131 131 
94 171 180 171 231 171 
95 2 102 2 44 2 
96 215 252 215 51 215 
97 206 206 206 49 206 
98 61 153 61 189 61 
99 231 216 86 61 145 
100 71 272 71 73 71 
101 26 127 26 62 26 
102 183 215 63 2 63 
103 129 45 129 18 129 
104 140 221 140 106 140 
105 88 30 264 92 158 
106 111 111 111 1 111 
107 107 2 107 36 107 
108 124 38 242 250 166 
109 87 219 87 154 87 
110 41 260 41 29 41 
111 193 92 193 27 193 
112 260 94 260 83 260 
113 132 99 132 258 132 
114 27 144 137 12 137 
115 1 156 1 162 1 
116 55 25 55 181 55 
117 222 3 222 272 222 
118 170 8 170 243 170 
119 226 213 226 256 226 
120 241 60 241 41 241 
121 188 48 188 119 188 
122 137 116 27 179 27 
123 230 278 230 157 230 
124 114 149 114 97 42 
125 157 18 157 60 157 
126 159 69 159 247 159 
127 4 90 4 222 4 
128 263 49 263 145 263 
129 174 71 174 165 174 
130 63 42 183 89 183 
131 42 141 42 136 114 
132 194 203 194 196 194 
133 126 230 126 82 126 
134 109 50 109 224 109 
135 65 251 251 218 168 
136 130 63 130 168 130 
137 36 220 36 4 36 
138 248 59 248 230 248 
139 89 89 89 173 89 
140 81 80 81 170 81 
141 102 14 102 241 102 
142 249 151 249 275 23 
143 148 270 148 225 148 
144 7 4 7 197 7 
145 67 19 67 84 67 
146 200 143 200 94 200 
147 117 176 117 38 9 
148 70 70 70 81 70 
149 56 183 56 149 56 
150 59 65 59 194 59 
151 134 140 134 193 134 
152 10 197 10 150 10 
153 99 171 99 96 99 
154 93 15 93 105 93 
155 73 222 73 187 73 
156 72 201 72 251 72 
157 207 82 207 59 207 
158 40 73 40 195 40 
159 229 74 229 21 229 
160 78 83 78 139 78 
161 90 174 90 244 90 
162 180 190 180 208 180 
163 14 107 14 227 14 
164 220 128 220 175 220 
165 190 132 190 110 190 
166 261 273 261 24 261 
167 21 21 21 239 21 
168 189 189 189 54 189 
169 201 58 201 172 201 
170 244 218 244 140 244 
171 154 269 154 10 154 
172 243 254 243 22 243 
173 18 244 18 17 18 
174 212 245 212 238 212 
175 185 101 185 113 185 
176 145 240 104 202 209 
177 158 86 106 266 216 
178 142 91 142 78 142 
179 122 227 122 116 122 
180 53 159 53 190 53 
181 245 207 245 216 245 
182 16 170 16 70 16 
183 146 93 146 264 146 
184 66 66 66 23 66 
185 256 76 256 261 256 
186 150 33 150 259 150 
187 31 265 31 201 31 
188 247 247 247 137 247 
189 15 162 15 95 15 
190 44 20 44 108 44 
191 62 46 62 118 62 
192 221 1 221 9 221 
193 94 175 94 67 94 
194 8 7 8 121 8 
195 238 186 238 77 238 
196 96 255 96 163 96 
197 225 77 225 271 225 
198 252 199 252 28 252 
199 186 169 186 166 186 
200 152 194 152 75 152 
201 255 195 255 198 255 
202 33 122 33 127 33 
203 29 84 29 158 29 
204 12 126 12 86 12 
205 84 110 84 98 84 
206 50 120 50 90 50 
207 279 164 279 232 279 
208 112 157 112 71 112 
209 208 24 208 19 208 
210 192 192 192 101 192 
211 219 138 219 255 219 
212 259 150 259 144 259 
213 80 81 80 134 80 
214 58 72 58 223 58 
215 24 28 24 35 24 
216 161 78 161 80 161 
217 151 249 151 161 151 
218 176 117 176 220 176 
219 167 133 167 40 167 
220 121 261 121 112 121 
221 49 202 49 236 49 
222 213 177 213 11 213 
223 270 167 270 228 270 
224 45 10 45 39 45 
225 236 134 236 155 236 
226 168 54 119 91 231 
227 216 158 124 32 240 
228 127 37 127 99 127 
229 205 234 205 53 205 
230 202 263 202 206 202 
231 234 112 234 68 234 
232 149 51 149 235 149 
233 156 236 156 128 156 
234 209 105 92 248 204 
235 153 57 153 20 153 
236 108 17 6 69 6 
237 204 225 204 257 92 
238 86 108 239 120 239 
239 242 124 253 31 242 
240 11 191 11 26 11 
241 258 172 258 253 258 
242 240 23 275 25 251 
243 246 266 246 174 246 
244 144 137 144 156 144 
245 5 187 5 178 5 
246 239 264 158 160 253 
247 165 165 165 16 165 
248 198 178 198 30 198 
249 13 64 13 74 13 
250 52 210 52 278 52 
251 232 258 65 141 65 
252 197 125 197 263 197 
253 218 205 218 169 218 
254 162 142 162 229 162 
255 250 250 250 148 250 
256 123 212 123 242 123 
257 271 271 271 50 271 
258 69 196 69 87 69 
259 191 155 191 8 191 
260 251 68 166 56 264 
261 76 268 76 58 76 
262 75 75 75 103 75 
263 187 184 187 126 187 
264 233 129 233 45 233 
265 25 6 25 138 25 
266 98 32 98 214 98 
267 274 119 168 85 274 
268 266 246 266 177 266 
269 278 185 278 205 278 
270 116 131 116 200 116 
271 118 232 118 147 118 
272 166 56 88 203 88 
273 264 35 274 276 275 
274 217 26 217 133 217 
275 210 5 210 64 210 
276 277 139 277 262 277 
277 57 31 57 79 57 
278 100 279 100 46 100 
279 195 217 195 279 195 
