***********************************
Experiment parameters:
Experiment results:
Permutations:
I U RANK QCV rand PATH 
1 232 204 2 47 2 
2 198 2 163 186 38 
3 6 242 126 180 6 
4 230 59 169 273 51 
5 62 29 62 176 62 
6 38 139 230 14 52 
7 118 58 118 135 118 
8 16 228 16 167 16 
9 199 17 199 267 199 
10 57 64 57 142 57 
11 77 215 77 234 77 
12 64 81 64 72 64 
13 22 75 22 245 22 
14 149 91 149 57 149 
15 67 197 67 66 67 
16 8 178 8 125 8 
17 180 199 180 207 180 
18 52 140 204 254 59 
19 48 256 48 171 48 
20 112 146 38 104 86 
21 81 202 81 5 81 
22 51 152 51 93 97 
23 100 279 100 65 100 
24 174 245 174 76 174 
25 224 170 224 15 224 
26 159 193 159 52 159 
27 185 98 185 151 185 
28 157 201 157 42 157 
29 41 83 41 185 41 
30 13 136 13 159 13 
31 34 148 34 274 34 
32 72 13 72 265 72 
33 216 234 216 100 216 
34 59 51 52 48 108 
35 37 79 37 217 37 
36 210 138 210 188 210 
37 193 266 193 107 193 
38 177 41 177 13 177 
39 144 15 144 55 144 
40 61 94 61 213 61 
41 20 277 20 199 20 
42 101 69 101 123 101 
43 263 63 263 221 263 
44 126 89 6 191 126 
45 158 6 158 153 158 
46 243 226 243 124 243 
47 154 105 154 183 154 
48 203 203 203 233 203 
49 181 276 59 204 112 
50 99 80 99 215 99 
51 39 246 39 237 39 
52 40 122 40 212 40 
53 123 149 123 37 123 
54 11 18 11 109 11 
55 207 177 207 7 207 
56 214 214 214 249 214 
57 86 198 240 219 120 
58 74 111 74 277 74 
59 36 96 36 43 36 
60 132 101 132 88 132 
61 89 37 89 130 89 
62 223 142 223 252 223 
63 35 191 35 182 35 
64 213 192 213 211 213 
65 173 257 173 268 173 
66 251 249 251 146 251 
67 205 211 205 270 205 
68 25 104 25 114 25 
69 146 240 232 260 135 
70 17 213 17 192 17 
71 1 78 1 132 1 
72 79 184 79 226 79 
73 103 76 103 34 103 
74 73 116 73 129 73 
75 183 25 183 209 183 
76 66 251 66 102 66 
77 272 45 272 184 272 
78 195 187 195 6 195 
79 192 123 192 246 192 
80 226 270 226 33 226 
81 18 254 18 269 18 
82 266 230 198 210 139 
83 137 195 137 115 137 
84 238 238 238 122 238 
85 279 233 279 240 279 
86 165 48 165 143 165 
87 5 222 5 111 5 
88 250 31 250 117 250 
89 225 71 225 152 225 
90 136 72 136 3 136 
91 215 263 215 164 215 
92 166 28 166 63 166 
93 111 30 111 131 111 
94 60 153 60 231 60 
95 53 171 53 44 53 
96 84 217 84 51 84 
97 88 88 88 49 88 
98 104 132 104 189 104 
99 135 278 86 61 140 
100 252 252 252 73 252 
101 24 92 24 62 24 
102 7 93 43 2 43 
103 127 127 127 18 127 
104 82 150 82 106 82 
105 152 259 259 92 146 
106 241 241 241 1 241 
107 273 53 273 36 273 
108 2 112 97 250 152 
109 231 168 231 154 231 
110 167 260 167 29 167 
111 56 26 56 27 56 
112 228 274 228 83 228 
113 114 194 114 258 114 
114 30 20 30 12 30 
115 150 60 150 162 150 
116 29 154 29 181 29 
117 54 44 54 272 54 
118 125 23 125 243 125 
119 131 100 131 256 131 
120 50 33 50 41 50 
121 26 34 26 119 26 
122 196 11 196 179 196 
123 274 65 274 157 274 
124 76 43 76 97 189 
125 55 47 55 60 55 
126 234 87 234 247 234 
127 95 95 95 222 95 
128 200 174 200 145 200 
129 182 125 182 165 182 
130 43 67 7 89 7 
131 189 156 189 136 76 
132 249 210 249 196 249 
133 190 129 190 82 190 
134 78 185 78 224 78 
135 97 52 276 218 163 
136 93 157 93 168 93 
137 42 107 42 4 42 
138 12 35 12 230 12 
139 269 229 269 173 269 
140 155 209 155 170 155 
141 171 102 171 241 171 
142 70 70 70 275 70 
143 247 272 247 225 247 
144 117 50 117 197 117 
145 58 231 58 84 58 
146 14 117 14 94 14 
147 27 264 27 38 27 
148 133 133 133 81 133 
149 201 189 201 149 201 
150 83 49 83 194 83 
151 4 4 4 193 4 
152 184 158 184 150 184 
153 47 113 47 96 47 
154 141 131 141 105 141 
155 257 110 257 187 257 
156 124 265 124 251 124 
157 239 21 239 59 239 
158 110 275 110 195 110 
159 244 57 244 21 244 
160 94 73 94 139 94 
161 33 10 33 244 33 
162 113 172 113 208 113 
163 102 273 102 227 102 
164 270 221 270 175 270 
165 268 268 268 110 268 
166 80 271 80 24 80 
167 258 258 258 239 258 
168 229 147 229 54 229 
169 262 124 262 172 262 
170 172 145 172 140 172 
171 90 164 90 10 90 
172 105 220 105 22 105 
173 206 114 206 17 206 
174 176 239 176 238 176 
175 151 90 151 113 151 
176 163 86 108 202 169 
177 256 97 112 266 181 
178 68 68 68 78 68 
179 96 212 96 116 96 
180 23 166 23 190 23 
181 211 205 211 216 211 
182 85 14 85 70 85 
183 160 160 160 264 160 
184 245 85 245 23 245 
185 75 224 75 261 75 
186 212 243 212 259 212 
187 129 250 129 201 129 
188 107 159 107 137 107 
189 233 121 233 95 233 
190 142 84 142 108 142 
191 128 183 128 118 128 
192 236 55 236 9 236 
193 31 165 31 67 31 
194 28 182 28 121 28 
195 32 32 32 77 32 
196 187 227 187 163 187 
197 267 61 267 271 267 
198 156 235 156 28 156 
199 109 42 109 166 109 
200 3 134 3 75 3 
201 246 179 246 198 246 
202 49 36 266 127 266 
203 275 77 275 158 275 
204 98 167 256 86 256 
205 45 115 45 98 45 
206 148 12 148 90 148 
207 134 24 134 232 134 
208 237 236 237 71 237 
209 92 3 92 19 92 
210 248 269 248 101 248 
211 164 151 164 255 164 
212 221 144 221 144 221 
213 209 155 209 134 209 
214 265 262 265 223 265 
215 227 62 227 35 227 
216 122 143 122 80 122 
217 219 219 219 161 219 
218 264 19 264 220 264 
219 161 173 63 40 63 
220 108 74 254 112 254 
221 87 200 87 236 87 
222 44 247 44 11 44 
223 115 141 115 228 115 
224 217 223 217 39 217 
225 255 82 255 155 255 
226 204 169 181 91 198 
227 169 38 135 32 204 
228 220 66 220 99 220 
229 46 255 46 53 46 
230 130 130 130 206 130 
231 153 46 153 68 153 
232 235 7 235 235 235 
233 194 206 194 128 194 
234 188 56 188 248 188 
235 260 190 260 20 260 
236 63 253 161 69 161 
237 140 40 49 257 49 
238 139 218 98 120 98 
239 259 163 120 31 230 
240 9 9 9 26 9 
241 116 180 116 253 116 
242 278 135 278 25 232 
243 186 119 186 174 186 
244 277 99 277 156 277 
245 162 106 162 178 162 
246 254 108 152 160 240 
247 19 27 19 16 19 
248 191 188 191 30 191 
249 106 118 106 74 106 
250 65 208 65 278 65 
251 218 244 218 141 218 
252 242 5 242 263 242 
253 145 237 145 169 145 
254 121 54 121 229 121 
255 261 261 261 148 261 
256 21 176 21 242 21 
257 91 207 91 50 91 
258 10 216 10 87 10 
259 15 109 15 8 15 
260 120 181 140 56 259 
261 138 137 138 58 138 
262 147 248 147 103 147 
263 71 128 71 126 71 
264 197 103 197 45 197 
265 175 39 175 138 175 
266 202 1 202 214 202 
267 240 120 139 85 276 
268 119 186 119 177 119 
269 208 8 208 205 208 
270 271 196 271 200 271 
271 143 267 143 147 143 
272 222 126 222 203 222 
273 276 232 146 276 278 
274 179 161 179 133 179 
275 69 16 69 64 69 
276 168 162 168 262 168 
277 178 225 178 79 178 
278 253 175 253 46 253 
279 170 22 170 279 170 
