***********************************
Experiment parameters:
Experiment results:
Permutations:
I U RANK QCV rand PATH 
1 206 127 160 47 167 
2 76 137 76 186 275 
3 159 33 174 180 174 
4 211 93 198 273 198 
5 205 218 37 176 207 
6 31 270 227 14 227 
7 85 172 140 135 47 
8 165 258 68 167 68 
9 34 158 244 267 165 
10 233 1 237 142 223 
11 84 140 201 234 97 
12 102 147 185 72 163 
13 229 239 2 245 2 
14 263 194 270 57 270 
15 74 3 220 66 224 
16 134 228 122 125 122 
17 58 197 246 207 246 
18 121 259 188 254 188 
19 244 219 99 171 179 
20 65 176 260 104 44 
21 33 156 242 5 242 
22 246 96 134 93 140 
23 243 130 231 65 145 
24 52 8 124 76 124 
25 61 87 215 15 215 
26 57 278 43 52 25 
27 2 198 195 151 195 
28 183 9 172 42 231 
29 55 4 180 185 187 
30 214 181 116 159 116 
31 125 254 33 274 33 
32 197 133 241 265 241 
33 253 178 18 100 69 
34 49 163 44 48 159 
35 184 6 61 217 32 
36 186 229 69 188 214 
37 95 108 156 107 156 
38 108 265 225 13 225 
39 156 106 176 55 196 
40 14 269 155 213 155 
41 79 199 136 199 101 
42 143 16 273 123 273 
43 4 274 120 221 20 
44 138 245 232 191 232 
45 236 242 50 153 50 
46 248 136 229 124 61 
47 92 63 63 183 63 
48 38 46 130 233 130 
49 130 255 219 204 219 
50 63 189 123 215 123 
51 199 154 16 237 16 
52 259 214 54 212 54 
53 267 17 15 37 15 
54 53 103 96 109 178 
55 48 14 74 7 74 
56 41 80 132 249 132 
57 132 204 45 219 51 
58 194 152 253 277 253 
59 273 190 105 43 105 
60 217 30 56 88 56 
61 35 267 222 130 222 
62 266 205 79 252 6 
63 98 65 14 182 14 
64 109 206 4 211 117 
65 135 216 268 268 268 
66 239 55 168 146 168 
67 113 185 166 270 166 
68 141 207 193 114 4 
69 69 62 265 260 265 
70 228 235 62 192 62 
71 50 174 254 132 254 
72 86 251 17 226 17 
73 37 12 228 34 228 
74 264 192 12 129 12 
75 19 164 129 209 129 
76 3 129 164 102 164 
77 59 266 53 184 53 
78 201 177 6 6 98 
79 274 246 59 246 59 
80 192 11 46 33 46 
81 129 100 173 269 173 
82 36 225 269 210 269 
83 152 141 183 115 183 
84 245 212 170 122 11 
85 234 124 41 240 262 
86 276 69 117 143 104 
87 269 18 13 111 13 
88 124 86 65 117 220 
89 160 244 34 152 94 
90 24 188 245 3 245 
91 220 182 161 164 161 
92 195 22 157 63 157 
93 175 116 1 131 1 
94 188 211 35 231 35 
95 166 169 60 44 60 
96 6 155 235 51 235 
97 60 264 119 49 119 
98 103 213 40 189 45 
99 77 122 77 61 77 
100 111 238 88 73 88 
101 115 105 133 62 133 
102 185 223 101 2 180 
103 87 126 223 18 109 
104 225 161 182 106 182 
105 157 183 192 92 192 
106 89 236 113 1 113 
107 27 195 274 36 274 
108 241 150 71 250 71 
109 261 71 162 154 210 
110 42 27 226 29 120 
111 21 2 239 27 239 
112 258 13 114 83 114 
113 203 179 199 258 199 
114 262 148 107 12 107 
115 145 250 249 162 249 
116 107 47 211 181 211 
117 240 38 135 272 135 
118 13 114 125 243 125 
119 255 233 115 256 115 
120 81 119 138 41 138 
121 167 231 118 119 118 
122 100 157 22 179 22 
123 114 91 137 157 137 
124 187 20 82 97 200 
125 155 168 163 60 64 
126 178 186 126 247 126 
127 119 56 30 222 30 
128 90 118 143 145 143 
129 272 230 86 165 86 
130 64 101 64 89 89 
131 20 83 83 136 244 
132 270 220 58 196 58 
133 25 85 191 82 191 
134 161 240 42 224 42 
135 182 276 276 218 276 
136 123 107 148 168 148 
137 122 74 256 4 256 
138 173 78 202 230 202 
139 198 167 144 173 144 
140 68 272 171 170 171 
141 179 110 110 241 110 
142 235 253 152 275 152 
143 218 94 190 225 237 
144 73 132 80 197 80 
145 146 42 87 84 87 
146 12 82 109 94 40 
147 265 247 247 38 247 
148 116 19 28 81 28 
149 216 57 57 149 57 
150 247 90 90 194 90 
151 5 67 112 193 112 
152 28 221 203 150 203 
153 93 88 200 96 271 
154 78 275 19 105 19 
155 126 15 26 187 26 
156 137 138 5 251 5 
157 176 121 52 59 52 
158 200 84 10 195 10 
159 133 53 141 21 141 
160 180 70 70 139 70 
161 1 25 93 244 29 
162 18 72 187 208 136 
163 242 279 146 227 146 
164 204 73 196 175 201 
165 51 165 167 110 158 
166 213 260 217 24 43 
167 120 97 178 239 73 
168 46 28 55 54 93 
169 32 217 9 172 153 
170 147 166 165 140 169 
171 29 29 262 10 205 
172 149 117 272 22 83 
173 22 241 154 17 154 
174 150 237 91 238 79 
175 219 99 177 113 82 
176 151 243 243 202 243 
177 91 23 21 266 21 
178 271 201 49 78 49 
179 278 98 259 116 259 
180 238 32 263 190 149 
181 16 208 142 216 142 
182 96 149 210 70 162 
183 83 262 158 264 108 
184 202 31 51 23 18 
185 82 89 159 261 204 
186 191 34 97 259 147 
187 207 35 205 201 75 
188 210 81 266 137 266 
189 72 37 131 95 177 
190 112 200 212 108 230 
191 30 75 128 118 236 
192 97 113 230 9 217 
193 222 123 39 67 39 
194 177 40 204 121 160 
195 226 41 150 77 131 
196 40 252 94 163 127 
197 88 66 66 271 66 
198 23 139 139 28 139 
199 212 173 48 166 48 
200 254 43 149 75 186 
201 45 44 32 198 175 
202 75 45 147 127 37 
203 11 170 98 158 150 
204 162 224 25 86 190 
205 139 145 255 98 31 
206 174 234 224 90 193 
207 142 77 78 232 78 
208 62 50 145 71 255 
209 231 21 189 19 189 
210 117 151 151 101 151 
211 279 24 24 255 24 
212 277 51 20 144 76 
213 181 95 75 134 34 
214 169 162 234 223 212 
215 237 153 89 35 41 
216 196 54 179 80 252 
217 104 76 271 161 3 
218 209 159 214 220 91 
219 67 180 31 40 65 
220 223 111 206 112 96 
221 140 261 209 236 209 
222 260 196 213 11 55 
223 144 268 216 228 216 
224 70 52 121 39 121 
225 168 58 186 155 263 
226 230 125 72 91 72 
227 127 191 85 32 85 
228 17 7 7 99 7 
229 193 49 108 53 260 
230 275 143 169 206 213 
231 8 146 47 68 170 
232 94 59 248 235 206 
233 7 60 236 128 197 
234 170 61 111 248 272 
235 128 92 29 20 99 
236 10 187 103 69 234 
237 101 109 207 257 9 
238 136 64 153 120 172 
239 164 115 184 31 184 
240 80 171 3 26 226 
241 153 144 233 253 229 
242 171 134 175 25 248 
243 190 202 100 174 100 
244 257 257 81 156 81 
245 172 271 73 178 134 
246 158 248 252 160 128 
247 131 249 250 16 250 
248 163 104 104 30 176 
249 215 227 197 74 233 
250 224 79 275 278 103 
251 148 263 92 141 92 
252 56 184 181 263 181 
253 47 112 264 169 264 
254 105 48 257 229 257 
255 232 142 279 148 279 
256 250 39 23 242 23 
257 227 36 36 50 36 
258 9 277 277 87 277 
259 221 120 27 8 27 
260 43 131 194 56 194 
261 39 26 267 58 267 
262 110 135 38 103 38 
263 252 5 251 126 251 
264 208 128 8 45 8 
265 154 210 106 138 106 
266 189 222 67 214 67 
267 118 226 278 85 278 
268 268 102 240 177 240 
269 251 203 221 205 221 
270 71 68 258 200 258 
271 26 273 218 147 218 
272 44 160 238 203 238 
273 66 175 95 276 95 
274 256 215 208 133 208 
275 15 193 127 64 185 
276 54 10 84 262 84 
277 106 256 102 79 102 
278 249 209 261 46 261 
279 99 232 11 279 111 
