***********************************
Experiment parameters:
Experiment results:
Permutations:
I U RANK QCV rand PATH 
1 266 126 49 47 49 
2 142 31 133 186 133 
3 49 20 105 180 105 
4 46 91 269 273 269 
5 28 230 233 176 233 
6 228 51 279 14 279 
7 156 142 39 135 247 
8 253 25 210 167 210 
9 243 193 64 267 64 
10 94 1 9 142 9 
11 192 128 88 234 205 
12 119 271 164 72 164 
13 10 246 178 245 178 
14 42 232 112 57 112 
15 269 93 158 66 267 
16 251 115 246 125 246 
17 233 237 77 207 77 
18 114 147 84 254 84 
19 97 5 41 171 93 
20 151 67 153 104 153 
21 40 158 226 5 226 
22 178 160 138 93 41 
23 200 103 220 65 187 
24 73 7 129 76 129 
25 98 234 157 15 157 
26 84 55 274 52 274 
27 63 95 195 151 195 
28 264 205 183 42 183 
29 197 3 3 185 52 
30 75 182 249 159 249 
31 171 6 20 274 20 
32 54 124 40 265 40 
33 164 185 179 100 179 
34 116 162 114 48 114 
35 8 159 247 217 102 
36 25 179 222 188 222 
37 268 82 95 107 95 
38 101 87 172 13 172 
39 104 10 81 55 202 
40 56 86 87 213 87 
41 4 216 24 199 214 
42 221 243 160 123 160 
43 16 139 91 221 167 
44 217 90 79 191 79 
45 26 265 54 153 54 
46 62 109 139 124 111 
47 96 177 66 183 66 
48 128 221 147 233 147 
49 210 24 206 204 206 
50 118 134 261 215 261 
51 3 156 215 237 215 
52 183 201 61 212 50 
53 153 275 256 37 256 
54 224 235 228 109 271 
55 34 78 171 7 171 
56 74 262 36 249 36 
57 147 257 262 219 262 
58 177 245 250 277 250 
59 182 192 1 43 1 
60 68 154 145 88 145 
61 17 239 47 130 47 
62 133 197 232 252 168 
63 239 64 55 182 55 
64 33 167 111 211 213 
65 131 53 188 268 188 
66 170 75 108 146 108 
67 276 189 17 270 17 
68 39 137 204 114 198 
69 215 32 19 260 19 
70 259 117 25 192 25 
71 37 155 6 132 6 
72 45 23 270 226 270 
73 201 211 207 34 207 
74 85 173 211 129 211 
75 126 276 8 209 8 
76 38 176 37 102 37 
77 257 169 78 184 78 
78 220 15 116 6 44 
79 148 206 268 246 268 
80 71 8 276 33 276 
81 248 80 106 269 106 
82 13 172 86 210 86 
83 47 260 60 115 60 
84 193 16 50 122 155 
85 146 274 201 240 201 
86 179 222 62 143 34 
87 242 63 127 111 127 
88 134 52 214 117 29 
89 185 17 72 152 81 
90 53 79 218 3 218 
91 226 231 242 164 242 
92 167 261 219 63 219 
93 20 113 221 131 221 
94 120 48 107 231 107 
95 29 114 18 44 18 
96 64 210 225 51 225 
97 105 14 35 49 35 
98 92 187 208 189 124 
99 219 236 83 61 83 
100 252 18 257 73 257 
101 222 110 190 62 190 
102 76 116 5 2 24 
103 117 119 136 18 3 
104 277 242 191 106 191 
105 204 71 173 92 173 
106 206 223 132 1 132 
107 141 186 263 36 263 
108 245 226 227 250 227 
109 61 215 149 154 5 
110 238 4 45 29 45 
111 121 272 144 27 144 
112 79 183 165 83 165 
113 24 190 199 258 199 
114 48 69 131 12 131 
115 88 130 120 162 120 
116 207 174 43 181 43 
117 12 218 259 272 259 
118 14 54 110 243 110 
119 173 249 235 256 235 
120 77 35 11 41 11 
121 158 227 126 119 126 
122 275 219 26 179 26 
123 212 133 98 157 98 
124 51 101 198 97 92 
125 108 98 239 60 239 
126 58 170 57 247 57 
127 198 145 154 222 154 
128 66 127 89 145 89 
129 18 251 252 165 252 
130 111 81 109 89 13 
131 11 123 167 136 27 
132 125 129 58 196 58 
133 107 102 203 82 203 
134 172 207 71 224 71 
135 191 68 68 218 68 
136 86 131 69 168 69 
137 211 60 272 4 272 
138 160 106 115 230 115 
139 237 181 182 173 182 
140 144 270 14 170 14 
141 265 72 166 241 109 
142 272 85 245 275 245 
143 254 149 187 225 101 
144 194 2 2 197 2 
145 15 140 140 84 140 
146 7 198 16 94 186 
147 159 244 244 38 244 
148 106 254 94 81 94 
149 203 73 73 149 73 
150 83 277 231 194 231 
151 44 70 130 193 130 
152 274 141 150 150 150 
153 202 105 59 96 59 
154 232 279 48 105 48 
155 155 146 253 187 253 
156 260 256 275 251 275 
157 263 151 117 59 117 
158 143 229 229 195 229 
159 188 148 260 21 260 
160 91 248 248 139 248 
161 249 263 237 244 237 
162 32 164 192 208 192 
163 130 65 56 227 56 
164 199 252 267 175 74 
165 230 99 128 110 128 
166 214 107 7 24 7 
167 149 27 82 239 82 
168 161 30 273 54 273 
169 241 166 137 172 96 
170 113 136 162 140 162 
171 112 267 175 10 175 
172 136 112 251 22 251 
173 70 163 119 17 119 
174 218 88 196 238 196 
175 262 96 67 113 67 
176 122 21 21 202 21 
177 110 66 177 266 177 
178 181 13 194 78 194 
179 140 84 90 116 90 
180 213 268 161 190 161 
181 169 22 100 216 100 
182 72 36 223 70 223 
183 157 165 113 264 113 
184 1 28 123 23 88 
185 236 180 181 261 181 
186 246 200 265 259 265 
187 50 38 65 201 65 
188 235 255 169 137 169 
189 273 39 30 95 30 
190 261 40 124 108 33 
191 186 74 238 118 238 
192 196 41 10 9 10 
193 99 26 104 67 104 
194 180 42 155 121 15 
195 278 43 241 77 241 
196 109 29 101 163 149 
197 150 191 277 271 277 
198 189 125 125 28 125 
199 256 76 80 166 80 
200 195 44 142 75 142 
201 52 94 52 198 258 
202 67 46 51 127 51 
203 123 33 74 158 61 
204 175 34 240 86 99 
205 174 269 163 98 163 
206 132 202 15 90 208 
207 43 83 217 232 217 
208 163 49 33 71 174 
209 166 135 134 19 134 
210 127 250 85 101 85 
211 184 212 212 255 212 
212 60 50 200 144 63 
213 205 92 102 134 158 
214 81 208 99 223 138 
215 176 209 209 35 209 
216 30 122 122 80 197 
217 35 233 156 161 266 
218 165 194 63 220 156 
219 187 213 28 40 139 
220 103 214 96 112 159 
221 6 45 278 236 278 
222 267 220 29 11 220 
223 223 150 141 228 141 
224 162 225 32 39 32 
225 138 57 93 155 204 
226 135 168 254 91 254 
227 270 203 31 32 31 
228 87 152 152 99 152 
229 279 138 193 53 193 
230 93 161 258 206 232 
231 59 77 213 68 137 
232 240 58 197 235 28 
233 129 59 271 128 123 
234 258 111 92 248 228 
235 31 89 13 20 200 
236 137 61 159 69 136 
237 208 228 266 257 16 
238 247 247 202 120 62 
239 216 184 168 31 116 
240 100 11 180 26 91 
241 22 240 230 253 230 
242 19 9 174 25 166 
243 55 157 76 174 76 
244 152 12 255 156 255 
245 80 273 185 178 185 
246 90 258 34 160 39 
247 271 120 224 16 224 
248 227 266 170 30 72 
249 27 121 27 74 122 
250 209 175 205 278 240 
251 41 153 44 141 170 
252 89 62 186 263 180 
253 21 108 75 169 75 
254 82 217 236 229 236 
255 190 100 234 148 234 
256 145 104 135 242 135 
257 36 118 118 50 118 
258 244 264 264 87 264 
259 231 97 4 8 4 
260 23 132 121 56 121 
261 168 224 146 58 146 
262 154 259 176 103 176 
263 95 253 23 126 23 
264 69 56 46 45 46 
265 250 195 184 138 184 
266 124 47 70 214 70 
267 2 204 38 85 38 
268 5 144 12 177 12 
269 225 188 53 205 53 
270 102 19 151 200 151 
271 139 241 243 147 243 
272 9 238 216 203 216 
273 229 196 42 276 42 
274 78 171 22 133 22 
275 115 199 189 64 189 
276 255 143 143 262 143 
277 57 178 148 79 148 
278 234 278 97 46 97 
279 65 37 103 279 103 
