***********************************
Experiment parameters:
Experiment results:
Permutations:
I U RANK QCV rand PATH 
1 260 177 9 47 25 
2 236 174 22 186 221 
3 124 2 272 180 124 
4 184 46 25 273 232 
5 118 117 118 176 118 
6 154 145 26 14 12 
7 213 169 213 135 213 
8 199 29 199 167 199 
9 128 194 128 267 128 
10 9 209 37 142 37 
11 85 225 85 234 85 
12 198 112 198 72 198 
13 153 86 153 245 153 
14 214 220 214 57 214 
15 181 165 181 66 181 
16 16 1 16 125 16 
17 278 116 278 207 278 
18 22 154 46 254 19 
19 134 227 134 171 134 
20 25 248 51 104 51 
21 196 151 196 5 196 
22 26 147 174 93 75 
23 228 12 228 65 228 
24 80 258 80 76 80 
25 50 153 50 15 50 
26 246 234 246 52 246 
27 259 278 195 151 195 
28 191 222 191 42 191 
29 144 101 144 185 144 
30 182 172 182 159 182 
31 116 105 116 274 116 
32 254 21 254 265 254 
33 146 188 146 100 146 
34 89 244 236 48 89 
35 83 229 83 217 83 
36 171 264 171 188 171 
37 176 63 176 107 176 
38 39 58 39 13 39 
39 210 246 210 55 210 
40 59 196 59 213 59 
41 77 107 77 199 77 
42 204 279 204 123 204 
43 55 163 55 221 55 
44 272 240 124 191 272 
45 60 61 60 153 60 
46 31 173 31 124 31 
47 238 93 238 183 238 
48 96 96 96 233 96 
49 145 9 184 204 126 
50 15 15 15 215 15 
51 23 224 23 237 23 
52 90 198 90 212 90 
53 88 214 88 37 88 
54 104 104 104 109 104 
55 194 159 194 7 194 
56 123 123 123 249 123 
57 156 260 244 219 127 
58 257 10 257 277 257 
59 167 270 167 43 167 
60 103 72 103 88 103 
61 165 181 165 130 165 
62 69 245 69 252 69 
63 112 187 112 182 112 
64 249 193 249 211 249 
65 253 36 253 268 253 
66 21 66 21 146 21 
67 269 79 269 270 269 
68 7 103 7 114 7 
69 51 273 75 260 136 
70 220 195 220 192 220 
71 113 202 113 132 113 
72 61 218 61 226 61 
73 245 83 245 34 245 
74 251 33 251 129 251 
75 227 7 227 209 227 
76 106 95 106 102 106 
77 275 27 275 184 275 
78 94 78 94 6 94 
79 175 128 175 246 175 
80 63 167 63 33 63 
81 179 32 179 269 179 
82 75 136 89 210 145 
83 205 254 205 115 205 
84 20 8 20 122 20 
85 27 197 27 240 27 
86 53 134 53 143 53 
87 56 231 56 111 56 
88 44 14 44 117 44 
89 72 35 72 152 72 
90 52 149 52 3 52 
91 12 178 12 164 26 
92 19 203 19 63 46 
93 10 179 10 131 10 
94 183 87 183 231 183 
95 71 255 71 44 71 
96 140 124 140 51 140 
97 49 49 49 49 49 
98 235 62 235 189 235 
99 187 126 260 61 147 
100 157 216 157 73 157 
101 264 268 264 62 264 
102 267 272 218 2 218 
103 229 261 229 18 229 
104 111 100 111 106 111 
105 126 180 215 92 154 
106 110 110 110 1 110 
107 256 45 256 36 256 
108 147 75 248 250 156 
109 125 204 125 154 125 
110 158 235 158 29 158 
111 101 98 101 27 101 
112 29 108 29 83 29 
113 230 143 230 258 230 
114 107 257 142 12 142 
115 38 17 38 162 38 
116 149 52 149 181 149 
117 262 262 262 272 262 
118 129 192 129 243 129 
119 197 253 197 256 197 
120 135 80 135 41 135 
121 30 39 30 119 30 
122 142 77 107 179 107 
123 81 199 81 157 81 
124 195 267 2 97 259 
125 48 239 48 60 48 
126 258 41 258 247 258 
127 216 102 216 222 216 
128 18 20 18 145 18 
129 43 3 43 165 43 
130 37 186 267 89 267 
131 2 191 259 136 2 
132 93 54 93 196 93 
133 138 213 138 82 138 
134 209 59 209 224 209 
135 155 184 126 218 174 
136 164 69 164 168 164 
137 270 190 270 4 270 
138 151 67 151 230 151 
139 241 99 241 173 241 
140 217 207 217 170 217 
141 45 71 45 241 45 
142 232 92 232 275 22 
143 5 82 5 225 5 
144 211 43 211 197 211 
145 150 16 150 84 150 
146 102 42 102 94 102 
147 221 221 221 38 9 
148 206 206 206 81 206 
149 130 164 130 149 130 
150 242 88 242 194 242 
151 239 111 239 193 239 
152 240 140 240 150 240 
153 152 74 152 96 152 
154 47 47 47 105 47 
155 178 237 178 187 178 
156 263 201 263 251 263 
157 79 120 79 59 79 
158 109 57 109 195 109 
159 98 90 98 21 98 
160 212 37 212 139 212 
161 203 73 203 244 203 
162 76 114 76 208 76 
163 255 256 255 227 255 
164 24 176 24 175 24 
165 17 230 17 110 17 
166 276 142 276 24 276 
167 189 189 189 239 189 
168 226 161 226 54 226 
169 40 40 40 172 40 
170 87 132 87 140 87 
171 1 158 1 10 1 
172 172 252 172 22 172 
173 266 183 266 17 266 
174 131 269 131 238 131 
175 108 150 108 113 108 
176 180 277 127 202 177 
177 127 51 277 266 180 
178 225 64 225 78 225 
179 121 210 121 116 121 
180 41 129 41 190 41 
181 120 243 120 216 120 
182 73 135 73 70 73 
183 82 85 82 264 82 
184 3 18 3 23 3 
185 66 94 66 261 66 
186 137 160 137 259 137 
187 35 44 35 201 35 
188 115 121 115 137 115 
189 133 5 133 95 133 
190 162 208 162 108 162 
191 169 65 169 118 169 
192 100 38 100 9 100 
193 62 119 62 67 62 
194 42 19 42 121 42 
195 173 247 173 77 173 
196 97 97 97 163 97 
197 193 155 193 271 193 
198 231 130 231 28 231 
199 234 122 234 166 234 
200 200 50 200 75 200 
201 78 106 78 198 78 
202 46 24 160 127 160 
203 170 55 170 158 170 
204 148 138 148 86 148 
205 36 275 36 98 36 
206 105 6 105 90 105 
207 252 200 252 232 252 
208 68 76 68 71 68 
209 54 171 54 19 54 
210 161 226 161 101 161 
211 119 84 119 255 119 
212 247 137 247 144 247 
213 207 217 207 134 207 
214 201 263 201 223 201 
215 86 23 86 35 86 
216 6 212 6 80 6 
217 92 232 92 161 92 
218 219 13 219 220 219 
219 64 109 64 40 64 
220 160 265 271 112 271 
221 8 157 8 236 8 
222 237 228 237 11 237 
223 57 133 57 228 57 
224 70 60 70 39 70 
225 132 68 132 155 132 
226 215 156 136 91 184 
227 177 89 145 32 215 
228 274 250 274 99 274 
229 143 185 143 53 143 
230 188 211 188 206 188 
231 185 48 185 68 185 
232 186 70 186 235 186 
233 114 266 114 128 114 
234 271 175 202 248 202 
235 84 53 84 20 84 
236 117 205 117 69 117 
237 223 223 223 257 223 
238 136 30 155 120 155 
239 248 215 147 31 236 
240 122 115 122 26 122 
241 58 249 58 253 58 
242 277 22 154 25 244 
243 141 233 141 174 141 
244 32 276 32 156 32 
245 139 91 139 178 139 
246 174 236 156 160 248 
247 13 219 13 16 13 
248 28 242 28 30 28 
249 91 139 91 74 91 
250 279 166 279 278 279 
251 202 251 187 141 187 
252 222 259 222 263 222 
253 74 152 74 169 74 
254 163 170 163 229 163 
255 11 11 11 148 11 
256 243 131 243 242 243 
257 67 113 67 50 67 
258 192 146 192 87 192 
259 190 31 190 8 190 
260 218 127 177 56 260 
261 224 118 224 58 224 
262 99 241 99 103 99 
263 65 148 65 126 65 
264 208 56 208 45 208 
265 95 34 95 138 95 
266 159 28 159 214 159 
267 244 25 180 85 273 
268 233 141 233 177 233 
269 166 168 166 205 166 
270 265 271 265 200 265 
271 33 144 33 147 33 
272 261 162 261 203 261 
273 273 26 273 276 277 
274 268 238 268 133 268 
275 14 4 14 64 14 
276 168 125 168 262 168 
277 4 81 4 79 4 
278 34 182 34 46 34 
279 250 274 250 279 250 
