***********************************
Experiment parameters:
Experiment results:
Permutations:
I U RANK QCV rand PATH 
1 238 238 7 47 12 
2 253 110 12 186 133 
3 55 115 55 180 72 
4 185 43 175 273 121 
5 22 215 22 176 22 
6 116 230 238 14 252 
7 101 48 101 135 101 
8 239 200 239 167 239 
9 137 274 137 267 137 
10 109 221 109 142 109 
11 135 158 135 234 135 
12 184 235 184 72 184 
13 155 231 155 245 155 
14 235 53 235 57 235 
15 21 34 21 66 152 
16 75 80 75 125 75 
17 189 194 189 207 189 
18 12 111 24 254 88 
19 108 219 108 171 108 
20 26 7 25 104 188 
21 103 103 103 5 103 
22 43 79 185 93 258 
23 166 192 166 65 166 
24 67 151 67 76 67 
25 236 93 236 15 236 
26 251 13 251 52 251 
27 7 109 268 151 268 
28 152 205 152 42 21 
29 99 141 99 185 99 
30 218 167 218 159 218 
31 141 142 141 274 141 
32 164 56 164 265 164 
33 187 256 187 100 187 
34 25 81 43 48 81 
35 195 209 195 217 195 
36 96 181 96 188 96 
37 59 241 59 107 59 
38 106 272 106 13 106 
39 87 49 87 55 87 
40 73 169 73 213 73 
41 31 83 31 199 31 
42 183 222 183 123 183 
43 85 166 85 221 85 
44 72 224 72 191 55 
45 154 149 154 153 154 
46 15 259 15 124 15 
47 231 96 231 183 231 
48 6 6 6 233 6 
49 82 191 206 204 82 
50 98 173 98 215 98 
51 181 245 181 237 181 
52 169 73 169 212 169 
53 194 243 194 37 194 
54 83 88 83 109 83 
55 279 250 279 7 279 
56 97 97 97 249 97 
57 129 116 66 219 84 
58 33 188 33 277 33 
59 259 87 259 43 259 
60 63 63 63 88 63 
61 18 18 18 130 18 
62 115 55 115 252 115 
63 278 104 278 182 278 
64 53 271 53 211 53 
65 89 273 89 268 89 
66 140 102 140 146 140 
67 172 172 172 270 172 
68 122 65 122 114 122 
69 79 12 230 260 110 
70 32 9 32 192 32 
71 20 137 20 132 20 
72 11 195 11 226 11 
73 148 202 148 34 148 
74 255 276 255 129 255 
75 157 179 157 209 157 
76 145 57 145 102 145 
77 174 85 174 184 174 
78 124 212 124 6 124 
79 78 279 78 246 78 
80 162 254 162 33 162 
81 173 33 173 269 173 
82 51 139 191 210 111 
83 60 145 60 115 60 
84 90 36 90 122 90 
85 3 193 3 240 3 
86 91 122 91 143 91 
87 113 62 113 111 113 
88 176 5 176 117 176 
89 160 239 160 152 160 
90 212 140 212 3 212 
91 252 228 252 164 25 
92 258 258 258 63 66 
93 23 2 23 131 23 
94 144 220 144 231 144 
95 10 74 10 44 10 
96 224 92 224 51 224 
97 105 105 105 49 105 
98 61 69 61 189 61 
99 130 253 79 61 112 
100 36 266 36 73 36 
101 47 234 47 62 47 
102 232 113 232 2 34 
103 209 154 209 18 209 
104 208 196 208 106 208 
105 111 223 81 92 116 
106 27 27 27 1 27 
107 14 10 14 36 14 
108 110 84 82 250 129 
109 179 201 179 154 179 
110 171 217 171 29 171 
111 156 156 156 27 156 
112 48 58 48 83 48 
113 126 246 126 258 126 
114 88 23 188 12 79 
115 233 208 233 162 233 
116 213 47 213 181 213 
117 244 211 244 272 244 
118 127 260 127 243 127 
119 207 89 207 256 207 
120 19 67 19 41 19 
121 271 189 271 119 271 
122 188 30 88 179 43 
123 76 101 76 157 76 
124 202 21 62 97 62 
125 138 227 138 60 138 
126 248 90 248 247 248 
127 107 143 107 222 107 
128 151 127 151 145 151 
129 70 168 70 165 70 
130 34 72 34 89 232 
131 62 131 202 136 202 
132 114 216 114 196 114 
133 190 203 190 82 190 
134 8 180 8 224 8 
135 81 206 84 218 130 
136 77 148 77 168 77 
137 241 242 241 4 241 
138 147 184 147 230 147 
139 136 136 136 173 136 
140 42 46 42 170 42 
141 74 14 74 241 74 
142 121 121 121 275 24 
143 273 71 273 225 273 
144 143 204 143 197 143 
145 29 38 29 84 29 
146 266 199 266 94 266 
147 133 177 133 38 7 
148 261 261 261 81 261 
149 92 182 92 149 92 
150 221 99 221 194 221 
151 16 16 16 193 16 
152 54 152 54 150 54 
153 220 138 220 96 220 
154 192 3 192 105 192 
155 264 207 264 187 264 
156 161 161 161 251 161 
157 146 277 146 59 146 
158 211 244 211 195 211 
159 250 278 250 21 250 
160 257 255 257 139 257 
161 240 198 240 244 240 
162 186 186 186 208 186 
163 125 125 125 227 125 
164 13 251 13 175 13 
165 64 128 64 110 64 
166 2 31 2 24 2 
167 119 119 119 239 119 
168 262 45 262 54 262 
169 100 4 100 172 100 
170 247 247 247 140 247 
171 38 171 38 10 38 
172 102 236 102 22 102 
173 128 126 128 17 128 
174 52 146 52 238 52 
175 217 61 217 113 217 
176 112 129 253 202 139 
177 66 112 110 266 175 
178 95 252 95 78 95 
179 44 162 44 116 44 
180 198 187 198 190 198 
181 270 270 270 216 270 
182 260 107 260 70 260 
183 193 94 193 264 193 
184 226 226 226 23 226 
185 245 249 245 261 245 
186 254 15 254 259 254 
187 58 160 58 201 58 
188 170 59 170 137 170 
189 68 95 68 95 68 
190 131 232 131 108 131 
191 222 178 222 118 222 
192 196 50 196 9 196 
193 69 176 69 67 69 
194 204 240 204 121 204 
195 263 123 263 77 263 
196 234 114 234 163 234 
197 274 8 274 271 274 
198 37 86 37 28 37 
199 242 263 242 166 242 
200 216 267 216 75 216 
201 215 213 215 198 215 
202 24 44 134 127 134 
203 120 120 120 158 120 
204 134 108 26 86 26 
205 132 264 132 98 132 
206 39 40 39 90 39 
207 93 165 93 232 93 
208 118 233 118 71 118 
209 267 17 267 19 267 
210 45 262 45 101 45 
211 178 150 178 255 178 
212 123 134 123 144 123 
213 46 42 46 134 46 
214 4 100 4 223 4 
215 225 28 225 35 225 
216 104 20 104 80 104 
217 210 210 210 161 210 
218 159 133 159 220 159 
219 94 135 94 40 94 
220 182 229 229 112 229 
221 256 248 256 236 256 
222 158 132 158 11 158 
223 228 174 228 228 228 
224 149 265 149 39 149 
225 227 41 227 155 227 
226 84 82 223 91 185 
227 229 130 214 32 191 
228 28 218 28 99 28 
229 41 118 41 53 41 
230 199 19 199 206 199 
231 50 64 50 68 50 
232 205 77 205 235 205 
233 246 1 246 128 246 
234 230 147 142 248 142 
235 200 75 200 20 200 
236 165 225 165 69 165 
237 175 106 51 257 51 
238 142 237 272 120 272 
239 214 66 116 31 206 
240 49 269 49 26 49 
241 180 51 180 253 180 
242 139 175 111 25 214 
243 117 197 117 174 117 
244 275 98 275 156 275 
245 5 76 5 178 5 
246 272 24 112 160 223 
247 177 159 177 16 177 
248 9 39 9 30 9 
249 35 29 35 74 35 
250 65 35 65 278 65 
251 243 257 243 141 243 
252 265 37 265 263 265 
253 1 144 1 169 1 
254 71 68 71 229 71 
255 163 163 163 148 163 
256 277 52 277 242 277 
257 276 268 276 50 276 
258 168 70 168 87 168 
259 269 170 269 8 269 
260 206 25 130 56 230 
261 57 22 57 58 57 
262 153 153 153 103 153 
263 150 91 150 126 150 
264 86 54 86 45 86 
265 249 164 249 138 249 
266 237 78 237 214 237 
267 223 185 129 85 238 
268 197 117 197 177 197 
269 80 183 80 205 80 
270 30 275 30 200 30 
271 40 32 40 147 40 
272 268 11 182 203 182 
273 191 214 139 276 253 
274 167 124 167 133 167 
275 219 190 219 64 219 
276 201 157 201 262 201 
277 203 26 203 79 203 
278 17 60 17 46 17 
279 56 155 56 279 56 
