***********************************
Experiment parameters:
Experiment results:
Permutations:
I U RANK QCV rand PATH 
1 86 86 3 47 3 
2 162 32 10 186 10 
3 4 98 4 180 74 
4 146 3 183 273 17 
5 67 172 67 176 67 
6 10 118 17 14 26 
7 143 58 143 135 143 
8 226 226 226 167 226 
9 77 262 77 267 77 
10 17 47 116 142 116 
11 257 197 257 234 257 
12 31 27 31 72 31 
13 8 225 8 245 8 
14 116 63 198 57 198 
15 98 259 98 66 98 
16 278 135 278 125 278 
17 61 138 61 207 61 
18 46 50 26 254 28 
19 174 68 174 171 174 
20 28 51 28 104 32 
21 141 255 141 5 141 
22 35 28 32 93 34 
23 88 207 88 65 88 
24 205 249 205 76 205 
25 277 237 277 15 277 
26 167 193 167 52 167 
27 189 77 189 151 189 
28 196 4 196 42 196 
29 268 116 268 185 268 
30 109 109 109 159 109 
31 145 128 145 274 145 
32 36 195 36 265 36 
33 15 65 15 100 15 
34 51 99 34 48 39 
35 192 40 192 217 192 
36 237 169 237 188 237 
37 176 54 176 107 176 
38 13 81 13 13 13 
39 212 29 212 55 212 
40 49 137 49 213 49 
41 18 211 18 199 18 
42 11 228 11 123 11 
43 16 88 16 221 16 
44 74 190 74 191 4 
45 117 14 117 153 117 
46 94 94 94 124 94 
47 45 250 45 183 45 
48 186 186 186 233 186 
49 50 215 39 204 46 
50 211 261 211 215 211 
51 250 222 250 237 250 
52 132 141 132 212 132 
53 122 150 122 37 122 
54 123 170 123 109 123 
55 248 159 248 7 248 
56 158 158 158 249 158 
57 48 10 162 219 48 
58 73 184 73 277 73 
59 53 212 53 43 53 
60 105 83 105 88 105 
61 108 246 108 130 108 
62 165 271 165 252 165 
63 38 189 38 182 38 
64 202 188 202 211 202 
65 106 217 106 268 106 
66 191 258 191 146 191 
67 126 126 126 270 126 
68 218 187 218 114 218 
69 34 162 166 260 50 
70 63 202 63 192 63 
71 47 41 47 132 47 
72 276 21 276 226 276 
73 271 179 271 34 271 
74 262 78 262 129 262 
75 135 105 135 209 135 
76 69 180 69 102 69 
77 113 37 113 184 113 
78 214 24 214 6 214 
79 255 122 255 246 255 
80 242 242 242 33 242 
81 270 1 270 269 270 
82 32 201 46 210 51 
83 30 277 30 115 30 
84 65 269 65 122 65 
85 87 219 87 240 87 
86 209 42 209 143 209 
87 79 192 79 111 79 
88 175 92 175 117 175 
89 56 82 56 152 56 
90 169 230 169 3 169 
91 140 257 140 164 140 
92 249 84 249 63 249 
93 1 125 1 131 1 
94 110 155 110 231 110 
95 52 152 52 44 52 
96 14 196 14 51 14 
97 256 256 256 49 256 
98 127 174 127 189 127 
99 99 64 48 61 64 
100 19 274 19 73 19 
101 172 232 172 62 172 
102 21 59 21 2 121 
103 179 130 179 18 179 
104 7 101 7 106 7 
105 33 146 50 92 86 
106 139 139 139 1 139 
107 231 52 231 36 231 
108 26 39 51 250 99 
109 164 56 164 154 164 
110 68 263 68 29 68 
111 188 132 188 27 188 
112 9 278 9 83 9 
113 204 252 204 258 204 
114 125 18 151 12 151 
115 155 7 155 162 155 
116 258 69 258 181 258 
117 216 114 216 272 216 
118 269 19 269 243 269 
119 219 87 219 256 219 
120 129 104 129 41 129 
121 137 61 137 119 137 
122 151 96 125 179 125 
123 82 279 82 157 82 
124 178 121 178 97 130 
125 43 5 43 60 43 
126 157 156 157 247 157 
127 119 157 119 222 119 
128 12 129 12 145 12 
129 107 154 107 165 107 
130 121 236 121 89 21 
131 130 147 130 136 178 
132 80 161 80 196 80 
133 171 239 171 82 171 
134 102 266 102 224 102 
135 39 185 64 218 118 
136 223 276 223 168 223 
137 29 254 29 4 29 
138 128 268 128 230 128 
139 44 44 44 173 44 
140 22 144 22 170 22 
141 152 115 152 241 152 
142 62 62 62 275 62 
143 207 142 207 225 207 
144 6 205 6 197 6 
145 58 229 58 84 58 
146 238 107 238 94 238 
147 235 235 235 38 235 
148 71 71 71 81 71 
149 147 117 147 149 147 
150 159 13 159 194 159 
151 66 66 66 193 66 
152 259 165 259 150 259 
153 93 110 93 96 93 
154 267 112 267 105 267 
155 197 234 197 187 197 
156 182 153 182 251 182 
157 163 60 163 59 163 
158 221 265 221 195 221 
159 81 31 81 21 81 
160 27 35 27 139 27 
161 104 6 104 244 104 
162 23 23 23 208 23 
163 115 231 115 227 115 
164 273 57 273 175 273 
165 181 227 181 110 181 
166 170 123 170 24 170 
167 134 134 134 239 134 
168 133 203 133 54 133 
169 120 182 120 172 120 
170 252 245 252 140 252 
171 124 72 124 10 124 
172 195 80 195 22 195 
173 5 181 5 17 5 
174 60 194 60 238 60 
175 20 143 20 113 20 
176 184 17 86 202 146 
177 136 34 201 266 148 
178 142 113 142 78 142 
179 54 273 54 116 54 
180 156 119 156 190 156 
181 194 163 194 216 194 
182 244 233 244 70 244 
183 217 140 217 264 217 
184 274 238 274 23 274 
185 76 100 76 261 76 
186 55 176 55 259 55 
187 263 75 263 201 263 
188 254 167 254 137 254 
189 114 221 114 95 114 
190 40 178 40 108 40 
191 42 164 42 118 42 
192 2 91 2 9 2 
193 229 218 229 67 229 
194 233 15 233 121 233 
195 260 55 260 77 260 
196 103 103 103 163 103 
197 138 33 138 271 138 
198 190 223 190 28 190 
199 193 260 193 166 193 
200 272 30 272 75 272 
201 180 206 180 198 180 
202 264 85 264 127 264 
203 265 16 265 158 265 
204 118 175 279 86 279 
205 90 267 90 98 90 
206 266 49 266 90 266 
207 25 76 25 232 25 
208 245 253 245 71 245 
209 24 272 24 19 24 
210 251 251 251 101 251 
211 187 171 213 255 213 
212 177 53 177 144 177 
213 144 22 144 134 144 
214 153 120 153 223 153 
215 161 36 161 35 161 
216 199 38 199 80 199 
217 168 168 168 161 168 
218 70 70 70 220 70 
219 232 90 112 40 112 
220 3 73 184 112 184 
221 154 12 154 236 154 
222 37 275 37 11 37 
223 234 216 234 228 234 
224 236 108 236 39 236 
225 101 2 101 155 101 
226 183 160 240 91 160 
227 160 46 185 32 162 
228 100 200 100 99 100 
229 91 204 91 53 91 
230 243 243 243 206 243 
231 227 43 227 68 227 
232 89 97 89 235 89 
233 253 93 253 128 253 
234 215 136 136 248 136 
235 239 209 239 20 239 
236 112 8 232 69 232 
237 148 198 33 257 33 
238 64 173 35 120 35 
239 185 148 215 31 166 
240 57 177 57 26 57 
241 208 199 208 253 208 
242 166 166 99 25 183 
243 149 247 149 174 149 
244 261 270 261 156 261 
245 75 220 75 178 75 
246 201 183 146 160 185 
247 131 131 131 16 131 
248 78 95 78 30 78 
249 83 224 83 74 83 
250 92 127 92 278 92 
251 41 248 41 141 41 
252 59 74 59 263 59 
253 111 111 111 169 111 
254 275 106 275 229 275 
255 241 241 241 148 241 
256 210 210 210 242 210 
257 173 102 173 50 173 
258 84 244 84 87 84 
259 85 264 85 8 85 
260 198 48 118 56 201 
261 230 25 230 58 230 
262 203 133 203 103 203 
263 220 9 220 126 220 
264 97 79 97 45 97 
265 225 45 225 138 225 
266 150 145 150 214 150 
267 240 240 160 85 215 
268 247 149 247 177 247 
269 72 11 72 205 72 
270 96 151 96 200 96 
271 95 208 95 147 95 
272 246 89 246 203 246 
273 279 26 148 276 240 
274 206 191 206 133 206 
275 228 20 228 64 228 
276 213 124 187 262 187 
277 224 213 224 79 224 
278 200 67 200 46 200 
279 222 214 222 279 222 
