***********************************
Experiment parameters:
Experiment results:
Permutations:
I U RANK QCV rand PATH 
1 279 161 248 47 37 
2 253 253 8 186 242 
3 65 155 119 180 65 
4 199 170 162 273 274 
5 96 212 96 176 96 
6 121 189 259 14 9 
7 33 59 33 135 33 
8 46 46 46 167 46 
9 51 179 51 267 51 
10 2 181 102 142 102 
11 118 58 118 234 118 
12 62 195 62 72 62 
13 185 69 185 245 185 
14 102 98 268 57 268 
15 125 241 168 66 168 
16 222 47 222 125 222 
17 218 265 218 207 218 
18 88 211 37 254 27 
19 59 215 59 171 59 
20 87 279 279 104 4 
21 210 86 210 5 210 
22 8 56 56 93 213 
23 271 152 271 65 271 
24 160 122 160 76 160 
25 169 182 169 15 169 
26 105 140 105 52 105 
27 95 102 95 151 95 
28 168 77 125 42 125 
29 146 268 146 185 146 
30 138 138 138 159 138 
31 179 278 179 274 179 
32 15 196 15 265 15 
33 50 207 50 100 50 
34 56 8 74 48 126 
35 163 30 163 217 163 
36 5 169 5 188 5 
37 82 186 82 107 82 
38 17 201 17 13 17 
39 217 228 217 55 217 
40 192 17 192 213 192 
41 149 4 149 199 149 
42 164 266 164 123 164 
43 58 28 58 221 58 
44 119 113 65 191 119 
45 144 144 144 153 144 
46 229 229 229 124 229 
47 182 234 182 183 182 
48 136 136 136 233 136 
49 129 135 114 204 129 
50 137 276 137 215 137 
51 76 76 76 237 76 
52 201 167 201 212 201 
53 273 202 273 37 273 
54 108 108 108 109 108 
55 64 218 64 7 64 
56 66 66 66 249 66 
57 267 74 88 219 135 
58 276 133 276 277 276 
59 220 206 220 43 220 
60 156 100 156 88 156 
61 113 83 113 130 113 
62 178 272 178 252 178 
63 278 243 278 182 278 
64 195 256 195 211 195 
65 28 271 28 268 28 
66 130 90 130 146 130 
67 188 188 188 270 188 
68 92 172 92 114 92 
69 37 199 121 260 143 
70 175 210 175 192 175 
71 258 14 258 132 258 
72 124 110 124 226 124 
73 83 19 83 34 83 
74 243 273 243 129 243 
75 7 40 7 209 7 
76 41 203 41 102 41 
77 270 31 270 184 270 
78 196 96 196 6 196 
79 85 95 85 246 85 
80 228 263 228 33 228 
81 225 149 225 269 225 
82 114 121 255 210 161 
83 177 227 177 115 177 
84 174 84 174 122 174 
85 34 118 34 240 34 
86 251 43 251 143 251 
87 173 32 173 111 173 
88 72 55 72 117 72 
89 266 35 266 152 266 
90 18 239 18 3 18 
91 9 221 9 164 74 
92 27 89 27 63 88 
93 145 213 145 131 145 
94 240 232 240 231 240 
95 117 91 117 44 117 
96 154 154 154 51 154 
97 166 166 166 49 166 
98 25 187 25 189 25 
99 135 114 135 61 162 
100 99 141 99 73 99 
101 67 70 67 62 67 
102 110 178 110 2 30 
103 32 124 32 18 32 
104 75 198 75 106 75 
105 74 88 247 92 170 
106 261 261 261 1 261 
107 49 49 49 36 49 
108 170 259 161 250 189 
109 40 25 40 154 40 
110 252 250 252 29 252 
111 256 24 256 27 256 
112 39 61 39 83 39 
113 238 240 238 258 238 
114 4 200 4 12 114 
115 198 75 198 162 198 
116 239 18 239 181 239 
117 112 93 112 272 112 
118 68 68 68 243 68 
119 31 120 31 256 31 
120 230 174 230 41 230 
121 181 51 181 119 181 
122 213 111 213 179 121 
123 100 72 100 157 100 
124 262 125 262 97 262 
125 3 176 3 60 3 
126 26 150 26 247 26 
127 89 191 89 222 89 
128 84 231 84 145 84 
129 142 26 142 165 142 
130 30 1 30 89 110 
131 48 208 48 136 48 
132 44 139 44 196 44 
133 215 244 215 82 215 
134 45 237 45 224 45 
135 143 37 143 218 199 
136 155 65 155 168 155 
137 134 217 134 4 134 
138 101 64 101 230 101 
139 107 11 107 173 107 
140 109 147 109 170 109 
141 71 71 71 241 71 
142 274 236 274 275 56 
143 183 245 183 225 183 
144 141 27 141 197 141 
145 54 222 54 84 54 
146 29 29 29 94 29 
147 242 242 242 38 8 
148 103 103 103 81 103 
149 132 104 132 149 132 
150 22 78 22 194 22 
151 232 3 232 193 232 
152 77 132 77 150 77 
153 249 159 249 96 249 
154 20 97 20 105 20 
155 171 197 171 187 171 
156 157 157 157 251 157 
157 184 184 184 59 184 
158 93 270 93 195 93 
159 14 80 14 21 14 
160 80 87 80 139 80 
161 257 99 257 244 257 
162 219 190 219 208 219 
163 91 117 91 227 91 
164 204 204 204 175 204 
165 159 249 159 110 159 
166 6 225 6 24 6 
167 123 123 123 239 123 
168 11 107 11 54 11 
169 216 10 216 172 216 
170 275 127 275 140 275 
171 187 252 187 10 187 
172 214 148 214 22 214 
173 165 238 165 17 165 
174 79 53 79 238 79 
175 205 92 205 113 205 
176 161 233 253 202 209 
177 151 126 170 266 211 
178 120 63 120 78 120 
179 42 220 42 116 42 
180 150 142 150 190 150 
181 53 73 53 216 53 
182 207 194 207 70 207 
183 197 94 197 264 197 
184 191 160 191 23 191 
185 203 226 203 261 203 
186 180 42 180 259 180 
187 244 251 244 201 244 
188 140 267 140 137 140 
189 94 34 94 95 94 
190 272 119 272 108 272 
191 35 164 35 118 35 
192 57 57 57 9 57 
193 43 39 43 67 43 
194 224 224 224 121 224 
195 23 180 23 77 23 
196 139 67 139 163 139 
197 167 151 167 271 167 
198 104 262 104 28 104 
199 186 105 186 166 186 
200 234 277 234 75 234 
201 246 44 246 198 246 
202 133 23 267 127 267 
203 245 112 245 158 245 
204 268 193 2 86 2 
205 16 9 16 98 16 
206 237 81 237 90 237 
207 128 246 128 232 128 
208 127 275 127 71 127 
209 90 128 90 19 90 
210 264 264 264 101 264 
211 115 158 193 255 193 
212 263 82 263 144 263 
213 147 109 147 134 147 
214 10 216 10 223 10 
215 226 185 226 35 226 
216 81 85 81 80 81 
217 236 274 236 161 236 
218 235 60 235 220 235 
219 152 20 152 40 152 
220 24 137 133 112 133 
221 231 230 231 236 231 
222 97 171 97 11 97 
223 63 183 63 228 63 
224 19 168 19 39 19 
225 38 106 38 155 38 
226 211 162 189 91 223 
227 209 143 209 32 233 
228 212 214 212 99 212 
229 190 269 190 53 190 
230 122 50 122 206 122 
231 269 38 269 68 269 
232 208 254 208 235 208 
233 106 219 106 128 106 
234 223 153 202 248 202 
235 61 115 61 20 61 
236 70 5 70 69 70 
237 202 146 151 257 151 
238 126 175 87 120 87 
239 162 255 211 31 247 
240 206 134 206 26 206 
241 98 192 98 253 98 
242 248 247 126 25 248 
243 13 36 13 174 13 
244 200 6 200 156 200 
245 172 205 172 178 172 
246 233 129 129 160 253 
247 60 235 60 16 60 
248 86 22 86 30 86 
249 12 2 12 74 12 
250 55 54 55 278 55 
251 254 45 24 141 24 
252 1 173 1 263 1 
253 176 165 176 169 176 
254 221 16 221 229 221 
255 116 116 116 148 116 
256 73 79 73 242 73 
257 78 258 78 50 78 
258 194 257 194 87 194 
259 52 52 52 8 52 
260 247 248 233 56 255 
261 69 130 69 58 69 
262 260 260 260 103 260 
263 158 7 158 126 277 
264 241 163 241 45 241 
265 277 131 277 138 158 
266 265 101 265 214 265 
267 259 209 223 85 259 
268 36 13 36 177 36 
269 21 12 21 205 21 
270 111 145 111 200 111 
271 153 62 153 147 153 
272 189 48 254 203 254 
273 255 223 199 276 279 
274 227 15 227 133 227 
275 47 21 47 64 47 
276 193 156 115 262 115 
277 250 33 250 79 250 
278 148 177 148 46 148 
279 131 41 131 279 131 
