***********************************
Experiment parameters:
Experiment results:
Permutations:
I U RANK QCV rand PATH 
1 228 237 1 47 185 
2 77 219 2 186 118 
3 15 5 3 180 265 
4 42 94 4 273 203 
5 148 217 5 176 269 
6 136 272 6 14 262 
7 218 247 7 135 49 
8 186 36 8 167 190 
9 215 161 9 267 24 
10 118 52 10 142 95 
11 277 3 11 234 270 
12 82 83 12 72 61 
13 65 107 13 245 175 
14 92 197 14 57 93 
15 98 104 15 66 228 
16 183 31 16 125 153 
17 104 195 17 207 230 
18 178 18 18 254 145 
19 125 139 19 171 160 
20 273 68 20 104 149 
21 162 142 21 5 242 
22 202 6 22 93 119 
23 88 165 23 65 43 
24 74 230 24 76 194 
25 226 240 25 15 82 
26 140 269 26 52 102 
27 66 120 27 151 110 
28 222 8 28 42 267 
29 99 167 29 185 67 
30 28 177 30 159 272 
31 206 265 31 274 5 
32 75 185 32 265 151 
33 184 184 33 100 176 
34 57 84 34 48 247 
35 7 114 35 217 37 
36 131 141 36 188 45 
37 237 85 37 107 114 
38 256 140 38 13 108 
39 251 148 39 55 3 
40 96 108 40 213 196 
41 71 12 41 199 227 
42 89 245 42 123 177 
43 174 137 43 221 200 
44 19 136 44 191 222 
45 44 261 45 153 66 
46 191 13 46 124 167 
47 73 257 47 183 7 
48 165 271 48 233 165 
49 12 221 49 204 214 
50 67 4 50 215 249 
51 27 151 51 237 19 
52 213 223 52 212 120 
53 95 235 53 37 234 
54 83 102 54 109 152 
55 248 115 55 7 115 
56 132 98 56 249 132 
57 13 226 57 219 101 
58 219 243 58 277 159 
59 244 194 59 43 157 
60 139 171 60 88 48 
61 40 179 61 130 192 
62 49 213 62 252 184 
63 62 66 63 182 237 
64 176 14 64 211 197 
65 238 155 65 268 233 
66 209 103 66 146 87 
67 124 172 67 270 205 
68 63 95 68 114 258 
69 2 74 69 260 202 
70 275 202 70 192 21 
71 103 150 71 132 150 
72 185 273 72 226 229 
73 113 113 73 34 146 
74 115 188 74 129 11 
75 195 222 75 209 189 
76 201 29 76 102 116 
77 6 10 77 184 1 
78 161 182 78 6 9 
79 255 252 79 246 130 
80 25 189 80 33 271 
81 160 178 81 269 107 
82 10 196 82 210 74 
83 225 1 83 115 59 
84 20 71 84 122 105 
85 80 119 85 240 97 
86 194 262 86 143 33 
87 253 61 87 111 62 
88 182 70 88 117 172 
89 249 216 89 152 96 
90 149 244 90 3 136 
91 239 209 91 164 253 
92 1 210 92 63 4 
93 111 105 93 131 164 
94 144 22 94 231 12 
95 23 57 95 44 84 
96 91 21 96 51 140 
97 210 75 97 49 273 
98 85 193 98 189 39 
99 188 153 99 61 178 
100 175 255 100 73 213 
101 263 9 101 62 278 
102 147 199 102 2 46 
103 246 125 103 18 252 
104 152 253 104 106 51 
105 189 11 105 92 188 
106 101 214 106 1 47 
107 271 200 107 36 134 
108 26 16 108 250 106 
109 196 73 109 154 40 
110 84 186 110 29 238 
111 123 231 111 27 26 
112 200 227 112 83 236 
113 126 180 113 258 241 
114 199 276 114 12 77 
115 190 32 115 162 25 
116 153 157 116 181 158 
117 157 239 117 272 73 
118 212 144 118 243 147 
119 205 254 119 256 244 
120 43 47 120 41 81 
121 38 241 121 119 83 
122 100 15 122 179 210 
123 120 118 123 157 219 
124 93 133 124 97 104 
125 241 126 125 60 148 
126 245 176 126 247 268 
127 134 48 127 222 171 
128 39 19 128 145 206 
129 30 236 129 165 254 
130 90 201 130 89 144 
131 163 215 131 136 156 
132 61 135 132 196 245 
133 53 192 133 82 179 
134 242 207 134 224 240 
135 243 17 135 218 17 
136 216 77 136 168 276 
137 158 211 137 4 207 
138 192 123 138 230 275 
139 203 164 139 173 121 
140 170 156 140 170 170 
141 145 138 141 241 138 
142 257 248 142 275 243 
143 106 220 143 225 23 
144 155 232 144 197 131 
145 169 100 145 84 60 
146 114 143 146 94 8 
147 51 212 147 38 212 
148 55 20 148 81 20 
149 233 112 149 149 117 
150 107 69 150 194 263 
151 260 251 151 193 122 
152 112 263 152 150 69 
153 35 89 153 96 14 
154 129 24 154 105 79 
155 254 234 155 187 235 
156 108 170 156 251 126 
157 32 129 157 59 259 
158 79 198 158 195 127 
159 181 59 159 21 88 
160 4 166 160 139 166 
161 137 154 161 244 13 
162 110 174 162 208 250 
163 58 63 163 227 128 
164 167 224 164 175 180 
165 133 256 165 110 260 
166 220 27 166 24 133 
167 179 218 167 239 64 
168 52 30 168 54 201 
169 223 56 169 172 193 
170 17 124 170 140 28 
171 130 53 171 10 44 
172 227 111 172 22 76 
173 8 268 173 17 94 
174 78 92 174 238 71 
175 86 99 175 113 215 
176 151 38 176 202 38 
177 168 225 177 266 191 
178 154 101 178 78 173 
179 5 145 179 116 239 
180 72 34 180 190 246 
181 268 91 181 216 211 
182 47 35 182 70 217 
183 208 86 183 264 221 
184 56 28 184 23 56 
185 141 90 185 261 141 
186 70 158 186 259 139 
187 87 37 187 201 124 
188 211 183 188 137 10 
189 252 97 189 95 181 
190 64 39 190 108 224 
191 231 106 191 118 86 
192 150 40 192 9 50 
193 69 249 193 67 225 
194 36 42 194 121 174 
195 197 205 195 77 162 
196 109 33 196 163 54 
197 31 51 197 271 209 
198 127 7 198 28 257 
199 156 131 199 166 31 
200 102 44 200 75 125 
201 22 45 201 198 216 
202 204 46 202 127 41 
203 274 41 203 158 42 
204 29 163 204 86 30 
205 105 278 205 98 143 
206 261 228 206 90 226 
207 94 275 207 232 123 
208 266 50 208 71 34 
209 164 191 209 19 15 
210 259 159 210 101 248 
211 117 168 211 255 168 
212 9 121 212 144 163 
213 121 96 213 134 154 
214 41 246 214 223 22 
215 262 250 215 35 70 
216 180 54 216 80 58 
217 34 79 217 161 256 
218 116 80 218 220 199 
219 81 76 219 40 89 
220 187 258 220 112 277 
221 173 55 221 236 204 
222 265 260 222 11 27 
223 177 233 223 228 98 
224 159 259 224 39 36 
225 143 58 225 155 182 
226 60 173 226 91 137 
227 240 270 227 32 264 
228 171 65 228 99 65 
229 142 242 229 53 220 
230 221 152 230 206 72 
231 193 266 231 68 85 
232 33 160 232 235 53 
233 11 277 233 128 255 
234 267 267 234 248 16 
235 46 93 235 20 187 
236 14 62 236 69 57 
237 279 274 237 257 261 
238 250 64 238 120 266 
239 217 110 239 31 92 
240 48 81 240 26 279 
241 76 149 241 253 135 
242 3 134 242 25 63 
243 234 117 243 174 232 
244 138 60 244 156 183 
245 54 49 245 178 223 
246 166 72 246 160 29 
247 122 25 247 16 32 
248 59 279 248 30 208 
249 236 67 249 74 218 
250 119 169 250 278 99 
251 247 147 251 141 52 
252 230 181 252 263 161 
253 37 87 253 169 75 
254 18 109 254 229 109 
255 128 146 255 148 91 
256 272 78 256 242 78 
257 235 2 257 50 2 
258 276 88 258 87 112 
259 146 238 259 8 186 
260 21 130 260 56 195 
261 97 122 261 58 251 
262 214 116 262 103 18 
263 135 229 263 126 142 
264 229 128 264 45 35 
265 264 203 265 138 169 
266 68 264 266 214 103 
267 172 208 267 85 111 
268 270 26 268 177 231 
269 278 132 269 205 155 
270 232 190 270 200 129 
271 24 23 271 147 6 
272 50 162 272 203 90 
273 269 187 273 276 80 
274 16 82 274 133 113 
275 45 206 275 64 68 
276 198 127 276 262 198 
277 224 175 277 79 100 
278 207 204 278 46 55 
279 258 43 279 279 274 
