***********************************
Experiment parameters:
Experiment results:
Permutations:
I U RANK QCV rand PATH 
1 187 138 19 47 19 
2 173 42 21 186 21 
3 79 225 155 180 155 
4 121 254 206 273 31 
5 233 249 233 176 233 
6 50 227 31 14 38 
7 269 140 269 135 269 
8 210 41 210 167 210 
9 64 16 64 267 64 
10 9 230 9 142 9 
11 61 259 61 234 61 
12 164 123 164 72 164 
13 178 37 178 245 178 
14 112 112 112 57 112 
15 183 127 267 66 183 
16 246 23 246 125 246 
17 77 144 77 207 77 
18 19 153 173 254 39 
19 41 148 41 171 41 
20 21 206 38 104 42 
21 226 27 226 5 226 
22 39 38 39 93 49 
23 221 221 221 65 221 
24 129 129 129 76 129 
25 157 109 157 15 157 
26 274 1 274 52 274 
27 195 167 195 151 195 
28 267 180 183 42 267 
29 34 87 34 185 34 
30 249 40 249 159 249 
31 20 171 20 274 20 
32 40 247 40 265 40 
33 179 57 179 100 179 
34 38 168 42 48 68 
35 101 207 101 217 101 
36 222 134 222 188 222 
37 95 159 95 107 95 
38 172 9 172 13 172 
39 139 139 139 55 139 
40 87 231 87 213 87 
41 232 131 232 199 232 
42 160 165 160 123 160 
43 24 188 24 221 24 
44 155 73 79 191 79 
45 54 240 54 153 54 
46 159 90 159 124 159 
47 66 43 66 183 66 
48 147 147 147 233 147 
49 84 213 168 204 83 
50 261 151 261 215 261 
51 215 136 215 237 215 
52 27 187 27 212 27 
53 256 226 256 37 256 
54 271 250 271 109 271 
55 171 243 171 7 171 
56 262 262 262 249 262 
57 114 173 213 219 84 
58 250 261 250 277 250 
59 1 265 1 43 1 
60 145 5 145 88 145 
61 47 46 47 130 47 
62 99 150 99 252 99 
63 55 256 55 182 55 
64 167 266 167 211 167 
65 188 30 188 268 188 
66 108 103 108 146 108 
67 17 135 17 270 17 
68 15 67 15 114 15 
69 86 177 49 260 86 
70 25 211 25 192 25 
71 6 260 6 132 6 
72 270 183 270 226 270 
73 207 54 207 34 207 
74 211 248 211 129 211 
75 8 8 8 209 8 
76 37 58 37 102 37 
77 78 48 78 184 78 
78 247 146 247 6 247 
79 268 268 268 246 268 
80 276 169 276 33 276 
81 106 126 106 269 106 
82 31 93 133 210 93 
83 60 149 60 115 60 
84 209 11 209 122 209 
85 201 229 201 240 201 
86 62 197 62 143 62 
87 127 69 127 111 127 
88 13 104 13 117 13 
89 186 185 186 152 186 
90 218 233 218 3 218 
91 242 242 242 164 242 
92 219 278 219 63 219 
93 126 7 126 131 126 
94 107 119 107 231 107 
95 18 72 18 44 18 
96 225 216 225 51 225 
97 35 35 35 49 35 
98 3 189 3 189 3 
99 133 49 68 61 105 
100 257 154 257 73 257 
101 190 152 190 62 190 
102 116 79 28 2 28 
103 240 116 240 18 240 
104 191 120 191 106 191 
105 93 68 177 92 114 
106 132 132 132 1 132 
107 263 18 263 36 263 
108 42 105 254 250 121 
109 5 205 5 154 5 
110 45 143 45 29 45 
111 144 166 144 27 144 
112 165 214 165 83 165 
113 88 162 88 258 88 
114 26 106 131 12 131 
115 120 10 120 162 120 
116 43 22 43 181 43 
117 259 61 259 272 259 
118 110 89 110 243 110 
119 235 235 235 256 235 
120 11 179 11 41 11 
121 124 164 124 119 124 
122 131 232 26 179 26 
123 98 238 98 157 98 
124 258 125 258 97 220 
125 239 88 239 60 239 
126 57 198 57 247 57 
127 154 219 154 222 154 
128 89 209 89 145 89 
129 252 199 252 165 252 
130 28 270 116 89 116 
131 220 156 220 136 258 
132 58 251 58 196 58 
133 203 210 203 82 203 
134 71 172 71 224 71 
135 138 83 83 218 133 
136 69 32 69 168 69 
137 272 95 272 4 272 
138 115 71 115 230 115 
139 182 85 182 173 182 
140 14 36 14 170 14 
141 72 56 72 241 72 
142 245 91 245 275 245 
143 137 194 137 225 137 
144 2 161 2 197 2 
145 140 122 140 84 140 
146 228 223 228 94 228 
147 244 244 244 38 244 
148 94 94 94 81 94 
149 73 170 73 149 73 
150 231 34 231 194 231 
151 130 107 130 193 130 
152 150 258 150 150 150 
153 59 128 59 96 59 
154 48 113 48 105 48 
155 253 236 253 187 253 
156 275 96 275 251 275 
157 117 196 117 59 117 
158 229 253 229 195 229 
159 260 44 260 21 260 
160 248 20 248 139 248 
161 237 2 237 244 237 
162 192 158 192 208 192 
163 56 263 56 227 56 
164 74 102 74 175 74 
165 128 239 128 110 128 
166 7 202 7 24 7 
167 82 82 82 239 82 
168 273 273 273 54 273 
169 96 275 96 172 96 
170 162 192 162 140 162 
171 175 269 175 10 175 
172 251 217 251 22 251 
173 119 75 119 17 119 
174 196 17 196 238 196 
175 67 246 67 113 67 
176 177 31 84 202 138 
177 227 133 86 266 153 
178 194 78 194 78 194 
179 90 51 90 116 90 
180 161 228 161 190 161 
181 100 100 100 216 100 
182 223 237 223 70 223 
183 113 111 113 264 113 
184 198 193 198 23 198 
185 181 97 181 261 181 
186 265 33 265 259 265 
187 65 212 65 201 65 
188 169 74 169 137 169 
189 30 137 30 95 30 
190 156 220 156 108 156 
191 238 45 238 118 238 
192 10 191 10 9 10 
193 104 53 104 67 104 
194 199 257 199 121 199 
195 241 241 241 77 241 
196 149 108 149 163 149 
197 277 50 277 271 277 
198 125 267 125 28 125 
199 80 272 80 166 80 
200 142 184 142 75 142 
201 52 218 52 198 52 
202 51 80 51 127 51 
203 81 141 81 158 81 
204 49 160 214 86 214 
205 174 24 174 98 174 
206 266 25 266 90 266 
207 217 222 217 232 217 
208 163 130 163 71 163 
209 134 157 134 19 134 
210 85 182 85 101 85 
211 143 145 212 255 143 
212 33 4 33 144 33 
213 36 14 36 134 36 
214 208 208 208 223 208 
215 109 66 109 35 109 
216 166 55 166 80 166 
217 91 245 91 161 91 
218 200 200 200 220 200 
219 111 81 111 40 111 
220 83 255 202 112 202 
221 278 252 278 236 278 
222 29 201 29 11 29 
223 141 29 141 228 141 
224 32 47 32 39 32 
225 204 92 204 155 204 
226 68 19 93 91 168 
227 168 84 153 32 173 
228 152 52 152 99 152 
229 158 204 158 53 158 
230 193 264 193 206 193 
231 92 63 92 68 92 
232 170 155 170 235 170 
233 63 59 63 128 63 
234 202 195 187 248 50 
235 197 186 197 20 197 
236 136 60 136 69 136 
237 153 64 50 257 187 
238 123 115 123 120 123 
239 213 21 105 31 177 
240 102 276 102 26 102 
241 230 6 230 253 230 
242 254 114 114 25 206 
243 76 12 76 174 76 
244 255 26 255 156 255 
245 185 62 185 178 185 
246 105 121 279 160 213 
247 224 224 224 16 224 
248 16 277 16 30 16 
249 122 203 122 74 122 
250 205 65 205 278 205 
251 44 118 44 141 44 
252 180 99 180 263 180 
253 75 163 75 169 75 
254 236 174 236 229 236 
255 234 234 234 148 234 
256 135 117 135 242 135 
257 118 124 118 50 118 
258 264 110 264 87 264 
259 4 274 4 8 4 
260 214 39 121 56 227 
261 146 142 146 58 146 
262 176 176 176 103 176 
263 23 13 23 126 23 
264 46 101 46 45 46 
265 184 178 184 138 184 
266 70 70 70 214 70 
267 206 86 227 85 254 
268 12 76 12 177 12 
269 53 98 53 205 53 
270 151 271 151 200 151 
271 243 77 243 147 243 
272 216 28 216 203 216 
273 279 279 138 276 279 
274 22 181 22 133 22 
275 189 15 189 64 189 
276 212 3 143 262 212 
277 148 175 148 79 148 
278 97 190 97 46 97 
279 103 215 103 279 103 
