***********************************
Experiment parameters:
Experiment results:
Permutations:
I U RANK QCV rand PATH 
1 252 61 3 47 3 
2 73 96 14 186 14 
3 45 201 45 180 45 
4 159 3 22 273 22 
5 241 69 241 176 241 
6 61 252 222 14 38 
7 108 51 108 135 108 
8 135 261 135 167 135 
9 150 36 150 267 150 
10 112 99 112 142 112 
11 219 10 219 234 219 
12 109 103 109 72 109 
13 54 86 54 245 54 
14 180 107 180 57 180 
15 55 43 55 66 55 
16 49 49 49 125 49 
17 220 238 220 207 220 
18 14 159 38 254 56 
19 136 274 136 171 136 
20 38 186 196 104 57 
21 107 119 107 5 107 
22 56 222 252 93 61 
23 106 148 106 65 106 
24 39 102 39 76 39 
25 234 8 234 15 234 
26 245 245 245 52 245 
27 139 239 139 151 139 
28 259 259 259 42 259 
29 257 128 257 185 257 
30 50 110 50 159 50 
31 188 145 188 274 188 
32 127 20 127 265 127 
33 231 46 231 100 231 
34 105 113 266 48 75 
35 121 260 121 217 121 
36 110 28 110 188 110 
37 11 17 11 107 11 
38 255 210 255 13 255 
39 269 12 269 55 269 
40 59 162 59 213 59 
41 98 165 98 199 98 
42 182 268 182 123 182 
43 78 48 78 221 78 
44 260 62 260 191 260 
45 43 256 43 153 43 
46 200 206 200 124 200 
47 28 275 28 183 28 
48 81 81 81 233 81 
49 3 253 253 204 95 
50 32 174 32 215 32 
51 84 111 84 237 84 
52 209 262 209 212 209 
53 76 150 76 37 76 
54 174 91 174 109 174 
55 203 180 203 7 203 
56 199 199 199 249 199 
57 67 105 244 219 96 
58 91 24 91 277 91 
59 206 250 206 43 206 
60 214 60 214 88 214 
61 191 120 191 130 191 
62 41 216 41 252 41 
63 77 42 77 182 77 
64 82 209 82 211 82 
65 278 189 278 268 278 
66 217 234 217 146 217 
67 195 195 195 270 195 
68 228 101 228 114 228 
69 22 75 56 260 105 
70 227 109 227 192 227 
71 210 139 210 132 210 
72 177 45 177 226 177 
73 5 55 5 34 5 
74 279 220 279 129 279 
75 212 147 212 209 212 
76 86 217 86 102 86 
77 10 278 10 184 10 
78 126 254 126 6 126 
79 158 158 158 246 158 
80 143 213 143 33 143 
81 68 193 68 269 68 
82 57 95 57 210 113 
83 208 265 208 115 208 
84 197 80 197 122 197 
85 225 74 225 240 225 
86 90 151 90 143 90 
87 132 264 132 111 132 
88 274 156 274 117 274 
89 261 52 261 152 261 
90 35 1 35 3 35 
91 277 221 277 164 277 
92 173 133 173 63 173 
93 21 68 21 131 21 
94 118 204 118 231 118 
95 79 79 79 44 79 
96 120 121 120 51 120 
97 71 71 71 49 71 
98 60 194 60 189 60 
99 95 196 61 61 122 
100 230 271 230 73 230 
101 243 243 243 62 243 
102 256 273 256 2 170 
103 264 123 264 18 264 
104 16 92 16 106 16 
105 145 14 185 92 159 
106 236 236 236 1 236 
107 2 2 2 36 2 
108 113 56 75 250 160 
109 258 228 258 154 258 
110 124 242 124 29 124 
111 119 171 119 27 119 
112 18 258 18 83 18 
113 138 176 138 258 138 
114 24 31 100 12 100 
115 92 16 92 162 92 
116 1 181 1 181 1 
117 211 248 211 272 211 
118 271 230 271 243 271 
119 94 106 94 256 94 
120 115 115 115 41 115 
121 238 203 238 119 238 
122 100 21 24 179 24 
123 268 157 268 157 268 
124 142 132 142 97 33 
125 87 172 87 60 87 
126 133 153 133 247 133 
127 198 13 198 222 198 
128 46 149 46 145 46 
129 153 173 153 165 153 
130 170 142 170 89 256 
131 33 191 33 136 142 
132 263 50 263 196 263 
133 52 240 52 82 52 
134 239 89 239 224 239 
135 75 184 95 218 175 
136 123 41 123 168 123 
137 250 269 250 4 250 
138 162 63 162 230 162 
139 6 6 6 173 6 
140 72 251 72 170 72 
141 65 65 65 241 65 
142 53 53 53 275 53 
143 189 270 189 225 189 
144 149 25 149 197 149 
145 51 18 51 84 51 
146 276 197 276 94 276 
147 4 30 4 38 4 
148 179 179 179 81 179 
149 26 163 26 149 26 
150 103 67 103 194 103 
151 85 88 85 193 85 
152 23 272 23 150 23 
153 70 70 70 96 70 
154 248 94 248 105 248 
155 190 219 190 187 190 
156 134 154 134 251 134 
157 125 125 125 59 125 
158 148 235 148 195 148 
159 89 73 89 21 89 
160 42 76 42 139 42 
161 29 29 29 244 29 
162 161 118 161 208 161 
163 93 93 93 227 93 
164 19 200 19 175 19 
165 88 104 88 110 88 
166 165 98 165 24 165 
167 137 137 137 239 137 
168 215 215 215 54 215 
169 226 226 226 172 226 
170 247 247 247 140 247 
171 156 182 156 10 156 
172 7 84 7 22 7 
173 267 144 267 17 267 
174 249 168 249 238 249 
175 34 90 34 113 34 
176 185 57 96 202 184 
177 122 218 105 266 185 
178 235 246 235 78 235 
179 155 183 155 116 155 
180 80 198 80 190 80 
181 27 27 27 216 27 
182 13 202 13 70 13 
183 270 78 270 264 270 
184 25 39 25 23 25 
185 181 241 181 261 181 
186 97 232 97 259 97 
187 151 108 151 201 151 
188 232 129 232 137 232 
189 221 83 221 95 221 
190 201 23 201 108 201 
191 157 114 157 118 157 
192 104 64 104 9 104 
193 240 135 240 67 240 
194 205 224 205 121 205 
195 17 19 17 77 17 
196 8 263 8 163 8 
197 233 59 233 271 233 
198 163 33 163 28 163 
199 183 155 183 166 183 
200 164 54 164 75 164 
201 69 127 69 198 69 
202 101 11 192 127 192 
203 246 152 246 158 246 
204 66 136 101 86 101 
205 83 225 83 98 83 
206 36 77 36 90 36 
207 187 35 187 232 187 
208 144 267 144 71 144 
209 223 166 223 19 223 
210 141 229 141 101 141 
211 44 117 44 255 116 
212 213 143 213 144 213 
213 251 72 251 134 251 
214 154 134 154 223 154 
215 166 208 166 35 166 
216 171 188 171 80 171 
217 178 178 178 161 178 
218 30 4 30 220 30 
219 193 277 66 40 66 
220 192 32 193 112 193 
221 102 205 102 236 102 
222 152 190 152 11 152 
223 48 211 48 228 48 
224 216 26 216 39 216 
225 172 87 172 155 172 
226 175 38 218 91 186 
227 196 244 113 32 196 
228 275 164 275 99 275 
229 176 169 176 53 176 
230 202 231 202 206 202 
231 169 85 169 68 169 
232 272 177 272 235 272 
233 64 138 64 128 64 
234 218 207 73 248 73 
235 147 212 147 20 147 
236 265 223 265 69 265 
237 184 82 67 257 67 
238 160 255 145 120 145 
239 222 266 175 31 218 
240 129 97 129 26 129 
241 128 227 128 253 128 
242 253 22 160 25 222 
243 40 146 40 174 40 
244 58 58 58 156 58 
245 131 116 131 178 131 
246 186 160 122 160 244 
247 9 9 9 16 9 
248 262 233 262 30 262 
249 117 124 117 74 117 
250 114 130 114 278 114 
251 207 257 207 141 207 
252 62 167 62 263 62 
253 204 161 204 169 204 
254 74 66 74 229 74 
255 15 15 15 148 15 
256 168 249 168 242 168 
257 99 279 99 50 99 
258 224 276 224 87 224 
259 12 192 12 8 12 
260 96 185 184 56 252 
261 20 126 20 58 20 
262 229 141 229 103 229 
263 194 37 194 126 194 
264 167 170 167 45 167 
265 140 7 140 138 140 
266 63 237 63 214 63 
267 266 122 186 85 253 
268 146 40 146 177 146 
269 242 214 242 205 242 
270 31 100 31 200 31 
271 237 112 237 147 237 
272 273 5 273 203 273 
273 244 175 159 276 266 
274 47 140 47 133 47 
275 130 44 130 64 130 
276 116 131 116 262 44 
277 37 34 37 79 37 
278 254 187 254 46 254 
279 111 47 111 279 111 
