***********************************
Experiment parameters:
Experiment results:
Permutations:
I U RANK QCV rand PATH 
1 256 130 2 47 41 
2 218 2 218 186 201 
3 4 166 4 180 4 
4 118 82 177 273 65 
5 197 253 197 176 197 
6 141 136 208 14 270 
7 5 45 5 135 5 
8 67 73 67 167 67 
9 151 7 151 267 151 
10 2 27 38 142 38 
11 234 214 234 234 234 
12 19 165 249 72 249 
13 104 265 104 245 104 
14 38 106 134 57 134 
15 1 17 266 66 1 
16 98 9 98 125 98 
17 138 233 138 207 138 
18 8 250 219 254 68 
19 193 246 193 171 193 
20 30 101 30 104 87 
21 158 115 158 5 158 
22 41 219 41 93 279 
23 257 18 257 65 257 
24 20 53 20 76 20 
25 179 102 179 15 179 
26 264 278 264 52 264 
27 144 131 144 151 144 
28 266 25 1 42 266 
29 88 134 88 185 88 
30 148 104 148 159 148 
31 251 140 251 274 251 
32 69 170 69 265 69 
33 226 269 226 100 226 
34 70 107 247 48 83 
35 127 51 127 217 127 
36 239 174 239 188 239 
37 195 262 195 107 195 
38 140 118 140 13 140 
39 172 100 172 55 172 
40 27 222 27 213 27 
41 74 84 74 199 74 
42 9 126 9 123 9 
43 232 146 232 221 232 
44 273 237 273 191 273 
45 154 92 154 153 154 
46 43 3 43 124 43 
47 164 179 164 183 164 
48 176 176 176 233 176 
49 130 256 49 204 101 
50 94 42 94 215 94 
51 253 182 253 237 253 
52 216 141 216 212 216 
53 34 153 34 37 34 
54 89 279 89 109 89 
55 248 158 248 7 248 
56 40 40 40 249 40 
57 49 207 256 219 107 
58 35 89 35 277 35 
59 211 209 211 43 211 
60 188 47 188 88 188 
61 213 213 213 130 213 
62 258 14 258 252 258 
63 60 236 60 182 60 
64 7 238 7 211 7 
65 228 32 228 268 228 
66 135 277 135 146 135 
67 39 184 39 270 39 
68 29 48 29 114 29 
69 82 275 70 260 111 
70 59 249 59 192 59 
71 274 186 274 132 274 
72 90 231 90 226 90 
73 166 44 166 34 166 
74 233 251 233 129 233 
75 77 193 77 209 77 
76 200 128 200 102 200 
77 120 160 120 184 120 
78 97 192 97 6 97 
79 185 138 185 246 185 
80 117 195 117 33 117 
81 42 94 42 269 42 
82 107 30 223 210 130 
83 145 97 145 115 145 
84 143 221 143 122 143 
85 103 234 103 240 103 
86 64 227 64 143 64 
87 237 254 237 111 237 
88 86 183 86 117 86 
89 152 46 152 152 152 
90 155 263 155 3 155 
91 270 123 270 164 49 
92 87 57 87 63 82 
93 84 91 84 131 84 
94 96 198 96 231 96 
95 156 56 156 44 156 
96 114 258 114 51 114 
97 78 78 78 49 78 
98 191 64 191 189 191 
99 83 49 81 61 136 
100 269 226 269 73 269 
101 142 148 142 62 142 
102 124 202 85 2 85 
103 157 63 157 18 157 
104 173 190 173 106 173 
105 101 147 82 92 147 
106 242 242 242 1 242 
107 56 31 56 36 56 
108 81 111 83 250 175 
109 99 37 99 154 99 
110 169 255 169 29 169 
111 115 88 115 27 115 
112 255 261 255 83 255 
113 16 210 16 258 16 
114 68 35 279 12 81 
115 190 173 190 162 190 
116 174 155 174 181 174 
117 52 260 52 272 52 
118 10 245 10 243 10 
119 160 189 160 256 160 
120 11 139 11 41 11 
121 196 243 196 119 196 
122 279 74 68 179 70 
123 80 169 80 157 80 
124 267 273 44 97 44 
125 61 163 61 60 61 
126 221 143 221 247 221 
127 13 122 13 222 13 
128 93 272 93 145 93 
129 272 10 272 165 272 
130 85 85 124 89 124 
131 44 1 267 136 267 
132 170 197 170 196 170 
133 183 80 183 82 183 
134 238 248 238 224 238 
135 147 41 275 218 177 
136 14 90 14 168 14 
137 209 264 209 4 209 
138 236 274 236 230 236 
139 137 116 137 173 137 
140 24 132 24 170 24 
141 31 55 31 241 31 
142 65 50 65 275 30 
143 214 232 214 225 214 
144 122 87 122 197 122 
145 227 215 227 84 227 
146 53 11 53 94 53 
147 201 224 201 38 2 
148 54 54 54 81 54 
149 231 267 231 149 231 
150 153 28 153 194 153 
151 268 23 268 193 268 
152 25 4 25 150 25 
153 259 12 259 96 259 
154 110 79 110 105 110 
155 21 228 21 187 21 
156 271 230 271 251 271 
157 184 167 184 59 184 
158 123 252 123 195 123 
159 165 34 165 21 165 
160 106 38 106 139 106 
161 71 71 71 244 71 
162 12 180 12 208 12 
163 55 156 55 227 55 
164 112 172 112 175 112 
165 240 259 240 110 240 
166 129 129 129 24 129 
167 181 181 181 239 181 
168 116 109 116 54 116 
169 230 6 230 172 230 
170 210 240 210 140 210 
171 45 171 45 10 45 
172 33 75 33 22 33 
173 187 16 187 17 187 
174 113 39 113 238 113 
175 37 62 37 113 37 
176 111 175 101 202 207 
177 177 70 229 266 208 
178 252 257 252 78 252 
179 168 58 168 116 168 
180 139 93 139 190 139 
181 162 162 162 216 162 
182 276 13 276 70 276 
183 146 52 146 264 146 
184 108 20 108 23 108 
185 277 239 277 261 277 
186 278 205 278 259 278 
187 246 86 246 201 246 
188 205 168 205 137 205 
189 189 120 189 95 189 
190 202 266 202 108 202 
191 126 188 126 118 126 
192 119 96 119 9 119 
193 72 67 72 67 72 
194 245 150 245 121 245 
195 262 211 262 77 262 
196 265 95 265 163 265 
197 36 19 36 271 36 
198 17 114 17 28 17 
199 58 117 58 166 58 
200 149 142 149 75 149 
201 22 69 22 198 22 
202 79 43 3 127 3 
203 32 212 32 158 32 
204 134 98 171 86 171 
205 15 15 15 98 15 
206 186 144 186 90 186 
207 161 164 161 232 161 
208 23 268 23 71 23 
209 75 22 75 19 75 
210 109 137 109 101 109 
211 46 159 215 255 46 
212 204 112 204 144 204 
213 132 24 132 134 132 
214 6 271 6 223 6 
215 192 145 192 35 192 
216 243 151 243 80 243 
217 50 65 50 161 50 
218 224 105 224 220 224 
219 182 270 79 40 79 
220 3 8 8 112 8 
221 150 217 150 236 150 
222 260 103 260 11 260 
223 212 110 212 228 212 
224 121 121 121 39 121 
225 199 61 199 155 199 
226 136 223 107 91 218 
227 207 208 250 32 219 
228 263 149 263 99 263 
229 163 199 163 53 163 
230 217 108 217 206 217 
231 198 119 198 68 198 
232 51 127 51 235 51 
233 194 187 194 128 194 
234 229 36 118 248 118 
235 47 99 47 20 47 
236 249 135 182 69 182 
237 208 220 141 257 141 
238 28 59 19 120 19 
239 219 247 207 31 223 
240 100 203 100 26 100 
241 235 185 235 253 235 
242 247 81 111 25 229 
243 66 178 66 174 66 
244 241 241 241 156 241 
245 73 72 73 178 73 
246 254 83 147 160 247 
247 105 201 105 16 105 
248 222 235 222 30 222 
249 159 191 159 74 159 
250 225 77 225 278 225 
251 175 60 28 141 28 
252 63 124 63 263 63 
253 180 194 180 169 180 
254 18 21 18 229 18 
255 206 206 206 148 206 
256 167 113 167 242 167 
257 220 196 220 50 220 
258 57 276 57 87 57 
259 203 204 203 8 203 
260 223 229 130 56 250 
261 244 161 244 58 244 
262 125 125 125 103 125 
263 62 5 62 126 62 
264 92 154 92 45 92 
265 102 133 102 138 102 
266 131 216 131 214 131 
267 250 177 136 85 256 
268 178 66 178 177 178 
269 261 26 261 205 261 
270 91 68 91 200 91 
271 76 76 76 147 76 
272 171 157 254 203 254 
273 275 218 175 276 275 
274 95 33 95 133 95 
275 26 29 26 64 26 
276 215 152 46 262 215 
277 48 225 48 79 48 
278 133 200 133 46 133 
279 128 244 128 279 128 
