***********************************
Experiment parameters:
Experiment results:
Permutations:
I U RANK QCV rand PATH 
1 215 127 212 47 212 
2 12 255 172 186 172 
3 16 18 132 180 144 
4 109 63 200 273 123 
5 170 223 54 176 32 
6 186 272 46 14 100 
7 225 180 149 135 149 
8 137 73 159 167 159 
9 123 101 137 267 16 
10 125 157 161 142 161 
11 164 102 100 234 77 
12 108 80 135 72 135 
13 218 277 144 245 132 
14 135 194 221 57 221 
15 217 3 35 66 188 
16 259 98 45 125 45 
17 56 221 33 207 33 
18 127 22 86 254 244 
19 196 4 181 171 227 
20 184 67 72 104 114 
21 193 151 199 5 199 
22 227 5 123 93 54 
23 199 150 78 65 29 
24 69 6 203 76 203 
25 18 249 95 15 95 
26 264 85 21 52 118 
27 181 241 194 151 194 
28 213 198 188 42 151 
29 78 8 187 185 8 
30 7 187 198 159 198 
31 15 144 18 274 18 
32 33 123 239 265 239 
33 276 164 238 100 13 
34 245 81 63 48 176 
35 254 178 41 217 88 
36 200 52 32 188 44 
37 243 82 9 107 53 
38 17 76 11 13 11 
39 42 114 176 55 5 
40 145 146 76 213 76 
41 167 182 227 199 37 
42 64 236 139 123 139 
43 59 135 244 221 86 
44 257 7 251 191 251 
45 37 246 218 153 218 
46 60 12 184 124 3 
47 223 10 30 183 30 
48 265 251 22 233 22 
49 152 213 177 204 101 
50 62 233 185 215 185 
51 185 260 272 237 272 
52 249 200 4 212 266 
53 197 70 111 37 111 
54 149 105 248 109 48 
55 134 175 107 7 107 
56 97 20 237 249 237 
57 22 197 157 219 157 
58 21 205 165 277 165 
59 32 196 265 43 265 
60 114 168 64 88 64 
61 87 155 84 130 84 
62 100 199 90 252 72 
63 175 56 250 182 250 
64 75 13 156 211 78 
65 142 148 269 268 269 
66 136 79 42 146 42 
67 179 186 213 270 213 
68 262 201 58 114 204 
69 4 207 146 260 146 
70 139 271 73 192 73 
71 50 191 191 132 191 
72 115 112 87 226 87 
73 95 51 179 34 179 
74 278 179 219 129 219 
75 206 88 7 209 7 
76 132 133 267 102 267 
77 130 83 34 184 34 
78 6 75 201 6 238 
79 93 212 171 246 171 
80 260 125 88 33 67 
81 205 66 270 269 270 
82 187 11 174 210 174 
83 229 143 249 115 249 
84 28 16 228 122 27 
85 124 110 25 240 35 
86 195 68 99 143 257 
87 61 54 197 111 197 
88 79 162 266 117 75 
89 143 160 27 152 102 
90 101 172 26 3 26 
91 70 279 69 164 69 
92 111 185 229 63 229 
93 122 118 74 131 28 
94 80 263 152 231 152 
95 190 120 252 44 252 
96 20 170 271 51 271 
97 241 39 242 49 242 
98 63 17 119 189 68 
99 30 270 113 61 113 
100 219 259 82 73 82 
101 256 109 116 62 116 
102 46 215 85 2 200 
103 41 116 71 18 71 
104 275 69 153 106 153 
105 174 219 214 92 214 
106 148 232 190 1 190 
107 110 184 142 36 241 
108 266 243 14 250 14 
109 239 257 80 154 119 
110 150 15 2 29 2 
111 272 132 189 27 189 
112 270 209 186 83 186 
113 159 183 43 258 43 
114 216 276 231 12 231 
115 212 193 38 162 38 
116 88 171 246 181 246 
117 45 26 60 272 60 
118 121 21 180 243 25 
119 38 218 167 256 167 
120 208 87 39 41 39 
121 268 230 118 119 74 
122 116 274 50 179 50 
123 83 244 255 157 255 
124 36 99 243 97 21 
125 77 138 225 60 273 
126 52 181 56 247 56 
127 91 64 168 222 168 
128 209 124 209 145 209 
129 244 239 110 165 110 
130 92 217 75 89 223 
131 173 141 37 136 4 
132 140 130 52 196 52 
133 182 253 91 82 91 
134 171 214 65 224 65 
135 49 93 93 218 93 
136 210 231 276 168 276 
137 158 145 163 4 163 
138 211 45 158 230 158 
139 68 176 273 173 154 
140 86 242 112 170 112 
141 201 142 241 241 142 
142 112 165 205 275 205 
143 67 220 55 225 23 
144 277 62 20 197 20 
145 279 65 256 84 256 
146 10 92 12 94 31 
147 99 169 169 38 169 
148 203 19 196 81 196 
149 66 24 24 149 24 
150 113 147 208 194 208 
151 231 245 253 193 253 
152 71 208 147 150 147 
153 26 86 106 96 126 
154 221 273 210 105 210 
155 34 111 70 187 70 
156 29 117 278 251 278 
157 274 174 275 59 275 
158 82 140 140 195 140 
159 207 189 240 21 240 
160 89 61 61 139 61 
161 258 25 31 244 130 
162 81 71 178 208 156 
163 252 195 175 227 175 
164 120 72 204 175 120 
165 84 104 47 110 226 
166 178 202 220 24 109 
167 119 27 257 239 128 
168 27 28 124 54 124 
169 246 139 77 172 85 
170 236 128 62 140 232 
171 105 9 182 10 236 
172 160 266 261 22 90 
173 224 32 154 17 263 
174 8 228 126 238 81 
175 157 100 68 113 254 
176 253 40 40 202 40 
177 172 166 262 266 262 
178 154 192 102 78 235 
179 14 77 133 116 133 
180 230 33 5 190 137 
181 232 107 130 216 206 
182 237 161 223 70 97 
183 1 55 160 264 224 
184 96 29 13 23 80 
185 177 265 192 261 160 
186 226 36 193 259 103 
187 220 204 211 201 177 
188 48 34 83 137 83 
189 118 225 259 95 259 
190 58 97 183 108 182 
191 128 74 247 118 99 
192 104 252 101 9 136 
193 261 50 233 67 233 
194 3 43 226 121 261 
195 168 44 235 77 211 
196 204 31 234 163 125 
197 251 153 279 271 279 
198 169 30 10 28 10 
199 146 95 206 166 62 
200 129 126 232 75 106 
201 65 46 162 198 228 
202 263 48 48 127 264 
203 234 35 215 158 141 
204 131 37 120 86 243 
205 250 103 67 98 192 
206 144 41 16 90 173 
207 165 113 216 232 216 
208 214 106 263 71 181 
209 240 262 274 19 274 
210 11 121 121 101 121 
211 233 59 59 255 59 
212 72 47 81 144 47 
213 25 96 236 134 225 
214 161 173 17 223 178 
215 43 222 136 35 201 
216 53 53 217 80 187 
217 2 23 109 161 193 
218 23 203 3 220 180 
219 106 234 258 40 215 
220 51 247 254 112 217 
221 222 2 15 236 15 
222 44 248 23 11 220 
223 126 216 148 228 148 
224 271 275 170 39 170 
225 228 108 53 155 63 
226 54 177 164 91 164 
227 147 91 138 32 138 
228 85 134 134 99 134 
229 76 137 103 53 12 
230 31 152 264 206 183 
231 192 78 151 68 55 
232 5 58 28 235 41 
233 9 90 141 128 129 
234 247 156 173 248 222 
235 47 94 222 20 9 
236 35 264 105 69 105 
237 248 129 129 257 234 
238 180 258 92 120 247 
239 55 224 128 31 162 
240 176 38 79 26 46 
241 39 154 224 253 184 
242 153 235 114 25 17 
243 163 158 98 174 98 
244 183 256 143 156 143 
245 57 14 96 178 96 
246 138 119 29 160 248 
247 117 261 122 16 122 
248 133 136 97 30 258 
249 74 149 230 74 230 
250 156 227 6 278 6 
251 98 254 8 141 58 
252 73 210 36 263 36 
253 107 122 44 169 79 
254 273 237 66 229 66 
255 242 163 195 148 195 
256 13 229 166 242 166 
257 202 268 268 50 268 
258 40 89 89 87 89 
259 155 49 115 8 115 
260 255 238 131 56 131 
261 94 42 245 58 245 
262 151 60 150 103 150 
263 102 278 117 126 117 
264 267 131 127 45 127 
265 188 226 260 138 260 
266 103 84 155 214 155 
267 19 211 108 85 108 
268 269 1 145 177 145 
269 235 269 277 205 277 
270 166 159 207 200 207 
271 198 250 19 147 19 
272 141 167 104 203 104 
273 24 188 202 276 202 
274 191 206 51 133 51 
275 238 190 94 64 94 
276 189 57 57 262 57 
277 194 240 1 79 1 
278 90 115 49 46 49 
279 162 267 125 279 92 
