***********************************
Experiment parameters:
Experiment results:
Permutations:
I U RANK QCV rand PATH 
1 258 89 5 47 5 
2 226 226 22 186 22 
3 203 116 203 180 203 
4 140 96 235 273 33 
5 225 21 225 176 225 
6 38 37 204 14 37 
7 46 212 46 135 46 
8 197 269 197 167 197 
9 174 68 174 267 174 
10 12 189 1 142 1 
11 138 27 138 234 138 
12 115 218 115 72 115 
13 20 81 20 245 20 
14 158 237 158 57 158 
15 57 119 57 66 57 
16 270 17 270 125 270 
17 149 114 149 207 149 
18 37 5 33 254 38 
19 16 270 16 171 16 
20 5 33 37 104 61 
21 10 256 10 5 10 
22 61 222 199 93 89 
23 90 69 90 65 90 
24 254 223 254 76 254 
25 257 97 257 15 257 
26 260 259 260 52 260 
27 129 149 129 151 129 
28 242 142 242 42 242 
29 39 130 39 185 39 
30 135 135 135 159 135 
31 25 163 25 274 25 
32 241 63 241 265 241 
33 50 230 50 100 50 
34 33 38 258 48 96 
35 202 177 202 217 202 
36 113 11 113 188 113 
37 210 13 210 107 210 
38 237 87 237 13 237 
39 233 84 233 55 233 
40 189 129 189 213 189 
41 147 147 147 199 147 
42 268 46 268 123 268 
43 208 206 208 221 208 
44 207 178 207 191 207 
45 34 107 34 153 34 
46 167 18 167 124 167 
47 63 139 63 183 63 
48 14 14 14 233 14 
49 125 204 38 204 104 
50 105 148 105 215 105 
51 272 108 272 237 272 
52 120 174 120 212 120 
53 51 249 51 37 51 
54 76 264 76 109 76 
55 88 263 88 7 88 
56 59 59 59 249 59 
57 89 104 219 219 109 
58 264 105 264 277 264 
59 127 260 127 43 127 
60 278 92 278 88 278 
61 117 123 117 130 117 
62 145 19 145 252 145 
63 45 1 45 182 45 
64 130 273 130 211 130 
65 274 98 274 268 274 
66 9 184 9 146 9 
67 2 86 2 270 2 
68 151 172 151 114 151 
69 22 258 226 260 112 
70 70 115 70 192 70 
71 256 122 256 132 256 
72 164 24 164 226 164 
73 234 34 234 34 234 
74 3 70 3 129 3 
75 181 77 181 209 181 
76 75 113 75 102 75 
77 205 205 205 184 205 
78 97 257 97 6 97 
79 44 158 44 246 44 
80 103 214 103 33 103 
81 6 62 6 269 6 
82 143 131 61 210 125 
83 108 272 108 115 108 
84 251 254 251 122 251 
85 261 276 261 240 261 
86 92 162 92 143 92 
87 107 145 107 111 107 
88 136 165 136 117 136 
89 171 66 171 152 171 
90 32 179 32 3 32 
91 85 261 85 164 85 
92 223 15 223 63 223 
93 133 121 133 131 133 
94 73 23 73 231 73 
95 157 188 157 44 157 
96 275 164 275 51 275 
97 49 49 49 49 49 
98 159 155 159 189 159 
99 96 279 96 61 126 
100 193 246 193 73 193 
101 245 262 245 62 245 
102 1 12 12 2 12 
103 24 41 24 18 24 
104 150 132 150 106 150 
105 141 109 89 92 131 
106 152 152 152 1 152 
107 200 80 200 36 200 
108 104 199 104 250 141 
109 277 176 277 154 277 
110 180 268 180 29 180 
111 263 190 263 27 263 
112 176 180 176 83 176 
113 23 227 23 258 23 
114 121 76 121 12 121 
115 132 73 132 162 132 
116 271 20 271 181 271 
117 160 154 160 272 160 
118 15 8 15 243 15 
119 224 224 224 256 224 
120 94 48 94 41 94 
121 87 140 87 119 87 
122 148 6 148 179 148 
123 165 181 165 157 165 
124 177 57 119 97 119 
125 156 266 156 60 156 
126 8 83 8 247 8 
127 124 110 124 222 124 
128 64 94 64 145 64 
129 196 124 196 165 196 
130 178 67 178 89 178 
131 119 207 177 136 177 
132 252 245 252 196 252 
133 162 229 162 82 162 
134 72 72 72 224 72 
135 109 112 112 218 143 
136 111 275 111 168 111 
137 137 210 137 4 137 
138 114 3 114 230 114 
139 238 170 238 173 238 
140 253 175 253 170 253 
141 188 157 188 241 188 
142 106 106 106 275 106 
143 248 274 248 225 248 
144 54 4 54 197 54 
145 30 30 30 84 30 
146 43 64 43 94 43 
147 91 169 91 38 91 
148 228 228 228 81 228 
149 183 234 183 149 183 
150 68 10 68 194 68 
151 201 150 201 193 201 
152 211 211 211 150 211 
153 153 240 153 96 153 
154 47 160 47 105 47 
155 69 247 69 187 69 
156 58 35 58 251 58 
157 216 2 216 59 216 
158 276 248 276 195 276 
159 100 40 100 21 100 
160 249 99 249 139 249 
161 48 193 48 244 48 
162 227 156 227 208 227 
163 80 200 80 227 80 
164 18 95 18 175 18 
165 56 102 56 110 56 
166 187 194 187 24 187 
167 186 186 186 239 186 
168 166 213 166 54 166 
169 35 58 35 172 35 
170 192 231 192 140 192 
171 7 55 7 10 7 
172 31 52 31 22 31 
173 266 153 266 17 266 
174 74 28 74 238 74 
175 269 277 269 113 269 
176 131 125 109 202 168 
177 126 141 217 266 199 
178 71 267 71 78 71 
179 244 233 244 116 244 
180 110 54 110 190 110 
181 28 216 28 216 28 
182 93 93 93 70 93 
183 215 82 215 264 215 
184 230 196 230 23 230 
185 21 252 21 261 21 
186 84 137 84 259 84 
187 229 195 229 201 229 
188 146 146 146 137 146 
189 206 85 206 95 206 
190 116 236 116 108 116 
191 66 278 66 118 66 
192 42 101 42 9 42 
193 77 36 77 67 77 
194 79 79 79 121 79 
195 118 244 118 77 118 
196 11 271 11 163 11 
197 122 44 122 271 122 
198 19 242 19 28 19 
199 259 127 259 166 259 
200 262 241 262 75 262 
201 161 134 161 198 161 
202 60 103 214 127 214 
203 82 138 82 158 82 
204 123 159 29 86 29 
205 247 71 247 98 247 
206 99 100 99 90 99 
207 184 31 184 232 184 
208 102 201 102 71 102 
209 52 220 52 19 52 
210 170 238 170 101 170 
211 26 136 128 255 26 
212 265 265 265 144 265 
213 175 253 175 134 175 
214 78 78 78 223 78 
215 139 209 139 35 139 
216 198 25 198 80 198 
217 221 221 221 161 221 
218 144 91 144 220 144 
219 27 208 27 40 27 
220 29 185 185 112 185 
221 83 43 83 236 83 
222 267 47 267 11 267 
223 154 90 154 228 154 
224 41 111 41 39 41 
225 255 42 255 155 255 
226 185 61 222 91 204 
227 217 217 125 32 217 
228 65 32 65 99 65 
229 240 239 240 53 240 
230 246 50 246 206 246 
231 239 56 239 68 239 
232 67 202 67 235 67 
233 101 255 101 128 101 
234 214 120 232 248 232 
235 155 128 155 20 155 
236 134 225 134 69 134 
237 168 191 140 257 140 
238 112 45 60 120 60 
239 204 22 126 31 219 
240 13 167 13 26 13 
241 218 198 218 253 218 
242 219 235 279 25 222 
243 182 243 182 174 182 
244 194 133 194 156 194 
245 17 173 17 178 17 
246 199 143 143 160 226 
247 169 144 169 16 169 
248 40 232 40 30 40 
249 212 197 212 74 212 
250 173 7 173 278 173 
251 163 39 163 141 163 
252 142 117 142 263 142 
253 231 192 231 169 231 
254 98 215 98 229 98 
255 250 250 250 148 250 
256 86 74 86 242 86 
257 191 51 191 50 191 
258 4 251 4 87 4 
259 95 118 95 8 95 
260 232 219 141 56 235 
261 81 161 81 58 81 
262 213 166 213 103 213 
263 36 16 36 126 36 
264 236 183 236 45 236 
265 220 53 220 138 220 
266 190 88 190 214 190 
267 279 126 131 85 258 
268 243 182 243 177 243 
269 55 26 55 205 55 
270 62 187 62 200 62 
271 273 60 273 147 273 
272 222 203 123 203 123 
273 235 168 168 276 279 
274 209 65 209 133 209 
275 195 29 195 64 195 
276 128 151 26 262 128 
277 172 171 172 79 172 
278 53 9 53 46 53 
279 179 75 179 279 179 
