***********************************
Experiment parameters:
Experiment results:
Permutations:
I U RANK QCV rand PATH 
1 209 217 8 47 8 
2 217 198 11 186 11 
3 191 176 191 180 191 
4 123 245 13 273 13 
5 181 264 181 176 181 
6 44 38 210 14 17 
7 34 29 34 135 34 
8 262 265 262 167 262 
9 170 214 170 267 170 
10 12 226 12 142 12 
11 10 250 10 234 10 
12 13 107 39 72 39 
13 246 96 246 245 246 
14 148 187 148 57 148 
15 53 242 53 66 140 
16 23 21 23 125 23 
17 77 236 77 207 77 
18 11 249 17 254 25 
19 253 34 253 171 253 
20 8 209 25 104 26 
21 79 132 79 5 79 
22 193 68 26 93 28 
23 206 30 206 65 206 
24 67 19 67 76 67 
25 18 6 18 15 18 
26 91 152 91 52 91 
27 116 128 116 151 116 
28 140 113 140 42 53 
29 205 46 205 185 205 
30 264 33 264 159 264 
31 195 12 195 274 195 
32 222 141 222 265 222 
33 233 179 233 100 233 
34 25 8 28 48 38 
35 243 16 243 217 243 
36 108 104 108 188 108 
37 160 45 160 107 160 
38 3 79 3 13 3 
39 219 192 219 55 219 
40 138 100 138 213 138 
41 88 185 88 199 88 
42 149 47 149 123 149 
43 223 231 223 221 223 
44 242 165 242 191 242 
45 228 97 228 153 228 
46 266 274 266 124 266 
47 169 181 169 183 169 
48 119 119 119 233 119 
49 95 44 38 204 40 
50 72 121 72 215 72 
51 105 246 105 237 105 
52 218 138 218 212 218 
53 203 148 203 37 203 
54 190 81 190 109 190 
55 93 170 93 7 93 
56 52 52 52 249 52 
57 57 57 40 219 44 
58 227 227 227 277 227 
59 45 126 45 43 45 
60 9 84 9 88 9 
61 225 103 225 130 225 
62 89 53 89 252 89 
63 60 102 60 182 60 
64 226 194 226 211 226 
65 31 31 31 268 31 
66 70 105 70 146 70 
67 224 42 224 270 224 
68 84 87 84 114 84 
69 26 11 44 260 57 
70 194 93 194 192 194 
71 78 120 78 132 78 
72 55 144 55 226 55 
73 75 50 75 34 75 
74 46 1 46 129 46 
75 73 23 73 209 73 
76 33 256 33 102 33 
77 156 271 156 184 156 
78 189 112 189 6 189 
79 120 143 120 246 120 
80 139 139 139 33 139 
81 270 270 270 269 270 
82 76 95 259 210 68 
83 232 258 232 115 232 
84 83 49 83 122 83 
85 183 10 183 240 183 
86 133 24 133 143 133 
87 16 151 16 111 16 
88 134 73 134 117 134 
89 182 58 182 152 182 
90 98 18 98 3 98 
91 74 261 74 164 74 
92 171 260 171 63 171 
93 114 72 114 131 114 
94 92 117 92 231 92 
95 14 200 14 44 14 
96 144 173 144 51 144 
97 175 175 175 49 175 
98 268 182 268 189 268 
99 68 13 57 61 76 
100 252 41 252 73 252 
101 125 276 125 62 125 
102 165 75 103 2 103 
103 176 94 176 18 176 
104 66 101 66 106 66 
105 38 28 209 92 95 
106 71 71 71 1 71 
107 64 14 64 36 64 
108 40 210 68 250 109 
109 58 27 58 154 58 
110 220 253 220 29 220 
111 128 77 128 27 128 
112 21 254 21 83 21 
113 15 142 15 258 15 
114 81 88 81 12 81 
115 36 66 36 162 36 
116 141 169 141 181 141 
117 174 7 174 272 174 
118 61 235 61 243 61 
119 271 56 271 256 271 
120 213 69 213 41 213 
121 100 277 100 119 100 
122 185 162 185 179 185 
123 254 262 254 157 254 
124 50 99 99 97 50 
125 2 153 2 60 2 
126 41 67 41 247 41 
127 179 147 179 222 179 
128 157 83 157 145 157 
129 69 61 69 165 69 
130 103 225 165 89 165 
131 99 228 50 136 99 
132 215 267 215 196 215 
133 221 240 221 82 221 
134 132 3 132 224 132 
135 28 109 251 218 123 
136 173 59 173 168 173 
137 274 160 274 4 274 
138 143 203 143 230 143 
139 130 130 130 173 130 
140 279 247 279 170 279 
141 204 64 204 241 204 
142 129 35 129 275 129 
143 7 156 7 225 7 
144 145 4 145 197 145 
145 196 134 196 84 196 
146 19 207 19 94 19 
147 22 202 22 38 22 
148 178 178 178 81 178 
149 113 89 113 149 113 
150 115 39 115 194 115 
151 153 36 153 193 153 
152 20 20 20 150 20 
153 163 167 163 96 163 
154 231 118 231 105 231 
155 82 255 82 187 82 
156 184 172 184 251 184 
157 42 211 42 59 42 
158 237 263 237 195 237 
159 230 60 230 21 230 
160 214 164 214 139 214 
161 260 5 260 244 260 
162 127 15 127 208 127 
163 200 204 200 227 200 
164 192 48 192 175 192 
165 110 111 110 110 110 
166 257 190 257 24 257 
167 244 244 244 239 244 
168 65 180 65 54 65 
169 161 161 161 172 161 
170 142 201 142 140 142 
171 269 155 269 10 269 
172 6 98 6 22 6 
173 85 110 85 17 85 
174 273 86 273 238 273 
175 240 220 240 113 240 
176 124 17 217 202 124 
177 109 259 95 266 166 
178 255 74 255 78 255 
179 158 63 158 116 158 
180 235 157 235 190 235 
181 86 224 86 216 86 
182 147 233 147 70 147 
183 56 82 56 264 56 
184 4 171 4 23 4 
185 267 108 267 261 267 
186 152 158 152 259 152 
187 27 269 27 201 27 
188 126 216 126 137 126 
189 212 174 212 95 212 
190 151 136 151 108 151 
191 265 268 265 118 265 
192 101 92 101 9 101 
193 47 80 47 67 47 
194 239 145 239 121 239 
195 48 154 48 77 48 
196 241 122 241 163 241 
197 236 208 236 271 236 
198 136 140 136 28 136 
199 216 266 216 166 216 
200 238 70 238 75 238 
201 104 188 104 198 104 
202 30 219 159 127 159 
203 146 206 146 158 146 
204 80 149 80 86 80 
205 263 146 263 98 263 
206 107 78 107 90 107 
207 256 222 256 232 256 
208 135 127 135 71 135 
209 112 232 112 19 112 
210 197 197 197 101 197 
211 155 137 234 255 155 
212 54 54 54 144 54 
213 247 279 247 134 247 
214 172 184 172 223 172 
215 122 37 122 35 122 
216 187 218 187 80 187 
217 35 129 35 161 35 
218 202 22 202 220 202 
219 39 183 30 40 30 
220 17 150 162 112 162 
221 207 213 207 236 207 
222 261 223 261 11 261 
223 250 237 250 228 250 
224 94 191 94 39 94 
225 201 2 201 155 201 
226 208 40 76 91 198 
227 277 123 245 32 209 
228 62 51 62 99 62 
229 167 85 167 53 167 
230 5 239 5 206 5 
231 111 43 111 68 111 
232 97 55 97 235 97 
233 43 163 43 128 43 
234 198 177 277 248 277 
235 87 186 87 20 87 
236 96 189 96 69 96 
237 210 168 208 257 208 
238 159 230 177 120 177 
239 249 251 198 31 210 
240 63 91 63 26 63 
241 272 272 272 253 272 
242 251 166 109 25 217 
243 106 199 106 174 106 
244 150 114 150 156 150 
245 29 221 29 178 29 
246 162 124 123 160 245 
247 32 32 32 16 32 
248 168 195 168 30 168 
249 131 196 131 74 131 
250 229 9 229 278 229 
251 164 115 164 141 164 
252 59 243 59 263 59 
253 117 135 117 169 117 
254 118 212 118 229 118 
255 248 248 248 148 248 
256 211 273 211 242 211 
257 102 275 102 50 102 
258 49 252 49 87 49 
259 154 159 154 8 154 
260 177 76 124 56 249 
261 37 238 37 58 37 
262 180 65 180 103 180 
263 137 229 137 126 137 
264 278 193 278 45 278 
265 188 62 188 138 188 
266 275 116 275 214 275 
267 245 25 166 85 251 
268 199 106 199 177 199 
269 24 131 24 205 24 
270 121 257 121 200 121 
271 1 205 1 147 1 
272 166 278 193 203 193 
273 259 26 249 276 259 
274 258 125 258 133 258 
275 90 234 90 64 90 
276 234 133 155 262 234 
277 186 90 186 79 186 
278 51 241 51 46 51 
279 276 215 276 279 276 
