***********************************
Experiment parameters:
Experiment results:
Permutations:
I U RANK QCV rand PATH 
1 135 165 7 47 7 
2 219 39 14 186 91 
3 204 208 232 180 204 
4 173 178 15 273 140 
5 185 20 185 176 185 
6 40 116 22 14 22 
7 51 51 51 135 51 
8 235 254 235 167 235 
9 277 114 277 267 277 
10 14 192 114 142 114 
11 58 129 58 234 58 
12 7 241 135 72 135 
13 199 150 199 245 199 
14 114 252 248 57 248 
15 79 124 79 66 270 
16 38 176 38 125 38 
17 206 134 206 207 206 
18 49 145 215 254 39 
19 30 70 30 171 30 
20 39 272 39 104 40 
21 151 157 151 5 151 
22 34 7 40 93 43 
23 129 44 129 65 129 
24 237 86 237 76 237 
25 156 156 156 15 156 
26 198 136 198 52 198 
27 139 126 139 151 139 
28 270 246 270 42 79 
29 59 139 59 185 59 
30 276 160 276 159 276 
31 60 48 60 274 60 
32 234 73 234 265 234 
33 141 11 141 100 141 
34 43 63 43 48 49 
35 182 179 182 217 182 
36 3 102 3 188 3 
37 16 260 16 107 16 
38 264 161 264 13 264 
39 259 72 259 55 259 
40 241 173 241 213 241 
41 261 91 261 199 261 
42 200 162 200 123 200 
43 231 36 231 221 231 
44 232 32 204 191 232 
45 50 190 50 153 50 
46 130 146 130 124 130 
47 233 214 233 183 233 
48 1 1 1 233 1 
49 116 65 226 204 63 
50 122 263 122 215 122 
51 13 223 13 237 13 
52 126 189 126 212 126 
53 243 206 243 37 243 
54 184 184 184 109 184 
55 218 211 218 7 218 
56 267 267 267 249 267 
57 248 226 167 219 65 
58 220 244 220 277 220 
59 253 149 253 43 253 
60 123 87 123 88 123 
61 153 27 153 130 153 
62 194 180 194 252 194 
63 134 218 134 182 134 
64 47 271 47 211 47 
65 54 275 54 268 54 
66 113 89 113 146 113 
67 5 266 5 270 5 
68 222 24 222 114 222 
69 22 40 49 260 75 
70 120 243 120 192 120 
71 161 69 161 132 161 
72 180 182 180 226 180 
73 124 168 124 34 124 
74 23 128 23 129 23 
75 70 109 70 209 70 
76 20 108 20 102 20 
77 216 143 216 184 216 
78 89 107 89 6 89 
79 192 135 192 246 192 
80 136 130 136 33 136 
81 103 220 103 269 103 
82 76 75 178 210 76 
83 29 234 29 115 29 
84 98 212 98 122 98 
85 100 229 100 240 100 
86 138 115 138 143 138 
87 236 21 236 111 236 
88 202 35 202 117 202 
89 245 175 245 152 245 
90 150 6 150 3 150 
91 250 231 250 164 250 
92 133 46 133 63 133 
93 62 122 62 131 62 
94 186 105 186 231 186 
95 169 177 169 44 169 
96 159 45 159 51 159 
97 106 106 106 49 106 
98 115 84 115 189 115 
99 75 49 63 61 77 
100 71 52 71 73 71 
101 4 276 4 62 4 
102 193 232 265 2 193 
103 179 256 179 18 179 
104 255 99 255 106 255 
105 65 14 65 92 88 
106 110 110 110 1 110 
107 164 164 164 36 164 
108 63 15 75 250 116 
109 147 38 147 154 147 
110 175 230 175 29 175 
111 42 18 42 27 42 
112 228 235 228 83 228 
113 191 186 191 258 191 
114 91 56 140 12 14 
115 74 255 74 162 74 
116 66 13 66 181 66 
117 44 58 44 272 44 
118 81 55 81 243 81 
119 242 54 242 256 242 
120 55 93 55 41 55 
121 18 264 18 119 18 
122 140 62 91 179 15 
123 35 245 35 157 35 
124 208 57 208 97 112 
125 25 191 25 60 25 
126 212 71 212 247 212 
127 86 98 86 222 86 
128 171 81 171 145 171 
129 195 171 195 165 195 
130 265 79 193 89 265 
131 112 194 112 136 208 
132 73 209 73 196 73 
133 24 228 24 82 24 
134 189 34 189 224 189 
135 15 43 76 218 137 
136 256 153 256 168 256 
137 72 198 72 4 72 
138 211 41 211 230 211 
139 78 78 78 173 78 
140 96 174 96 170 96 
141 177 169 177 241 177 
142 258 33 258 275 258 
143 61 127 61 225 61 
144 273 117 273 197 273 
145 217 200 217 84 217 
146 2 133 2 94 2 
147 247 247 247 38 247 
148 205 205 205 81 205 
149 168 265 168 149 168 
150 83 42 83 194 83 
151 80 25 80 193 80 
152 21 236 21 150 21 
153 132 132 132 96 132 
154 196 61 196 105 196 
155 172 216 172 187 172 
156 111 111 111 251 111 
157 266 5 266 59 266 
158 95 242 95 195 95 
159 271 47 271 21 271 
160 8 9 8 139 8 
161 125 141 125 244 125 
162 207 118 207 208 207 
163 210 210 210 227 210 
164 149 121 149 175 149 
165 181 166 181 110 181 
166 221 221 221 24 221 
167 238 238 238 239 238 
168 82 82 82 54 82 
169 170 68 170 172 170 
170 251 181 251 140 251 
171 176 202 176 10 176 
172 148 233 148 22 148 
173 249 207 249 17 249 
174 201 94 201 238 201 
175 31 268 31 113 31 
176 152 187 77 202 145 
177 88 76 187 266 152 
178 127 64 127 78 127 
179 260 262 260 116 260 
180 11 125 11 190 11 
181 269 269 269 216 269 
182 46 2 46 70 46 
183 97 95 97 264 97 
184 52 195 52 23 52 
185 26 113 26 261 26 
186 121 28 121 259 121 
187 67 67 67 201 67 
188 28 253 28 137 28 
189 143 250 143 95 143 
190 57 159 57 108 57 
191 90 257 90 118 90 
192 166 85 166 9 166 
193 162 158 162 67 162 
194 117 225 117 121 117 
195 104 37 104 77 104 
196 102 239 102 163 102 
197 69 12 69 271 69 
198 45 279 45 28 45 
199 37 104 37 166 37 
200 6 197 6 75 6 
201 223 29 223 198 223 
202 12 259 146 127 146 
203 213 196 213 158 213 
204 227 163 227 86 227 
205 64 19 64 98 64 
206 48 59 48 90 48 
207 17 66 17 232 17 
208 118 251 118 71 118 
209 209 199 209 19 209 
210 278 278 278 101 278 
211 163 155 163 255 257 
212 10 10 10 144 10 
213 174 96 174 134 174 
214 68 170 68 223 68 
215 160 148 160 35 160 
216 128 60 128 80 128 
217 33 258 33 161 33 
218 101 101 101 220 101 
219 229 97 229 40 229 
220 27 103 263 112 263 
221 203 237 203 236 203 
222 275 172 275 11 275 
223 36 213 36 228 36 
224 190 270 190 39 190 
225 105 80 105 155 105 
226 137 219 88 91 165 
227 145 215 272 32 167 
228 107 185 107 99 107 
229 85 188 85 53 85 
230 93 203 93 206 93 
231 99 74 99 68 99 
232 32 112 32 235 32 
233 144 249 144 128 144 
234 167 23 34 248 34 
235 87 217 87 20 87 
236 142 17 142 69 142 
237 178 8 240 257 240 
238 263 248 173 120 173 
239 226 152 116 31 178 
240 92 92 92 26 92 
241 252 83 252 253 252 
242 215 22 219 25 187 
243 131 183 131 174 131 
244 56 140 56 156 56 
245 230 123 230 178 230 
246 77 77 165 160 215 
247 154 154 154 16 154 
248 157 119 157 30 157 
249 254 147 254 74 254 
250 268 30 268 278 268 
251 146 277 12 141 12 
252 279 50 279 263 279 
253 188 144 188 169 188 
254 19 100 19 229 19 
255 53 53 53 148 53 
256 94 201 94 242 94 
257 119 240 119 50 119 
258 225 273 225 87 225 
259 262 16 262 8 262 
260 187 88 137 56 219 
261 274 26 274 58 274 
262 224 224 224 103 224 
263 155 31 155 126 155 
264 246 193 246 45 246 
265 239 274 239 138 239 
266 41 120 41 214 41 
267 272 167 145 85 226 
268 183 131 183 177 183 
269 109 222 109 205 109 
270 244 261 244 200 244 
271 9 151 9 147 9 
272 165 204 27 203 27 
273 240 137 152 276 272 
274 108 3 108 133 108 
275 158 227 158 64 158 
276 257 138 257 262 163 
277 84 90 84 79 84 
278 197 142 197 46 197 
279 214 4 214 279 214 
