***********************************
Experiment parameters:
Experiment results:
Permutations:
I U RANK QCV rand PATH 
1 269 126 1 47 234 
2 14 121 2 186 15 
3 4 64 3 180 256 
4 58 94 4 273 38 
5 26 195 5 176 137 
6 59 14 6 14 22 
7 257 166 7 135 158 
8 164 245 8 167 124 
9 7 271 9 267 88 
10 120 227 10 142 211 
11 179 146 11 234 114 
12 168 82 12 72 203 
13 49 243 13 245 171 
14 62 197 14 57 78 
15 125 5 15 66 52 
16 249 152 16 125 189 
17 84 193 17 207 31 
18 36 21 18 254 39 
19 15 6 19 171 217 
20 74 218 20 104 69 
21 31 145 21 5 29 
22 163 7 22 93 72 
23 46 68 23 65 89 
24 56 8 24 76 102 
25 226 175 25 15 247 
26 77 165 26 52 269 
27 67 147 27 151 41 
28 152 92 28 42 77 
29 37 2 29 185 271 
30 259 24 30 159 155 
31 40 67 31 274 161 
32 203 127 32 265 23 
33 266 182 33 100 265 
34 72 83 34 48 144 
35 166 3 35 217 96 
36 180 139 36 188 238 
37 140 140 37 107 222 
38 192 85 38 13 16 
39 254 12 39 55 91 
40 196 125 40 213 125 
41 17 13 41 199 132 
42 201 233 42 123 183 
43 255 138 43 221 44 
44 63 212 44 191 136 
45 217 225 45 153 120 
46 223 10 46 124 116 
47 106 161 47 183 64 
48 126 62 48 233 57 
49 24 255 49 204 242 
50 154 205 50 215 251 
51 216 154 51 237 35 
52 206 186 52 212 115 
53 162 1 53 37 259 
54 97 102 54 109 174 
55 153 63 55 7 229 
56 3 49 56 249 68 
57 57 216 57 219 248 
58 47 105 58 277 54 
59 103 176 59 43 103 
60 29 98 60 88 84 
61 68 219 61 130 100 
62 174 214 62 252 18 
63 252 66 63 182 63 
64 144 11 64 211 43 
65 243 264 65 268 204 
66 76 262 66 146 246 
67 157 173 67 270 32 
68 209 187 68 114 3 
69 53 178 69 260 50 
70 114 131 70 192 230 
71 133 256 71 132 67 
72 194 259 72 226 195 
73 90 270 73 34 263 
74 43 148 74 129 270 
75 105 260 75 209 212 
76 277 163 76 102 62 
77 262 73 77 184 45 
78 235 196 78 6 13 
79 271 234 79 246 176 
80 272 109 80 33 260 
81 159 274 81 269 129 
82 213 16 82 210 85 
83 171 58 83 115 4 
84 276 117 84 122 95 
85 38 111 85 240 207 
86 205 69 86 143 34 
87 250 55 87 111 1 
88 227 70 88 117 184 
89 89 194 89 152 79 
90 27 279 90 3 113 
91 127 190 91 164 213 
92 132 56 92 63 205 
93 160 275 93 131 237 
94 118 47 94 231 145 
95 100 115 95 44 76 
96 207 230 96 51 164 
97 215 273 97 49 157 
98 143 206 98 189 193 
99 211 124 99 61 53 
100 199 18 100 73 147 
101 270 237 101 62 47 
102 112 220 102 2 173 
103 102 119 103 18 11 
104 25 213 104 106 257 
105 92 4 105 92 148 
106 96 217 106 1 82 
107 234 174 107 36 70 
108 237 22 108 250 90 
109 185 120 109 154 107 
110 5 278 110 29 278 
111 87 171 111 27 46 
112 183 89 112 83 42 
113 158 169 113 258 81 
114 214 27 114 12 249 
115 161 236 115 162 134 
116 204 159 116 181 275 
117 70 113 117 272 8 
118 18 23 118 243 60 
119 32 241 119 256 17 
120 123 157 120 41 87 
121 8 226 121 119 94 
122 222 123 122 179 56 
123 190 39 123 157 170 
124 184 79 124 97 146 
125 268 170 125 60 51 
126 20 181 126 247 40 
127 219 84 127 222 98 
128 241 128 128 145 227 
129 81 248 129 165 139 
130 6 168 130 89 118 
131 244 228 131 136 126 
132 238 183 132 196 149 
133 232 246 133 82 219 
134 131 108 134 224 201 
135 119 9 135 218 9 
136 181 249 136 168 27 
137 75 201 137 4 86 
138 129 129 138 230 152 
139 12 19 139 173 36 
140 195 266 140 170 167 
141 260 185 141 241 185 
142 230 61 142 275 105 
143 233 244 143 225 226 
144 134 191 144 197 108 
145 108 231 145 84 243 
146 101 252 146 94 12 
147 246 93 147 38 93 
148 148 211 148 81 216 
149 169 20 149 149 20 
150 279 257 150 194 97 
151 239 134 151 193 141 
152 224 162 152 150 33 
153 79 265 153 96 92 
154 178 254 154 105 119 
155 137 167 155 187 266 
156 61 200 156 251 180 
157 149 164 157 59 74 
158 116 179 158 195 131 
159 172 57 159 21 58 
160 45 160 160 139 160 
161 30 103 161 244 279 
162 253 72 162 208 10 
163 231 229 163 227 181 
164 242 222 164 175 117 
165 175 122 165 110 151 
166 258 207 166 24 75 
167 21 29 167 239 220 
168 121 30 168 54 253 
169 2 153 169 172 104 
170 274 155 170 140 150 
171 99 31 171 10 48 
172 111 116 172 22 186 
173 188 32 173 17 128 
174 48 90 174 238 99 
175 65 99 175 113 65 
176 64 224 176 202 224 
177 229 177 177 266 135 
178 248 235 178 78 272 
179 33 17 179 116 163 
180 187 118 180 190 276 
181 110 86 181 216 73 
182 13 35 182 70 6 
183 91 242 183 264 268 
184 1 26 184 23 154 
185 142 88 185 261 142 
186 82 36 186 259 172 
187 202 37 187 201 241 
188 107 239 188 137 192 
189 104 38 189 95 233 
190 141 210 190 108 37 
191 145 75 191 118 252 
192 130 40 192 9 198 
193 44 251 193 67 177 
194 39 41 194 121 232 
195 128 42 195 77 159 
196 80 34 196 163 194 
197 115 97 197 271 190 
198 19 101 198 28 101 
199 35 45 199 166 274 
200 212 43 200 75 83 
201 98 44 201 198 214 
202 124 149 202 127 225 
203 22 133 203 158 122 
204 28 258 204 86 208 
205 176 48 205 98 165 
206 256 95 206 90 66 
207 23 263 207 232 202 
208 263 158 208 71 197 
209 73 135 209 19 123 
210 42 54 210 101 61 
211 275 240 211 255 240 
212 225 261 212 144 169 
213 173 96 213 134 24 
214 198 52 214 223 258 
215 151 104 215 35 112 
216 150 107 216 80 143 
217 122 76 217 161 210 
218 51 78 218 220 218 
219 165 267 219 40 235 
220 117 77 220 112 14 
221 146 199 221 236 71 
222 191 114 222 11 215 
223 265 33 223 228 162 
224 273 50 224 39 245 
225 9 150 225 155 130 
226 78 272 226 91 254 
227 52 208 227 32 121 
228 210 156 228 99 156 
229 139 132 229 53 168 
230 264 144 230 206 182 
231 182 80 231 68 187 
232 218 60 232 235 228 
233 251 277 233 128 2 
234 220 59 234 248 127 
235 83 91 235 20 5 
236 236 198 236 69 59 
237 94 268 237 257 244 
238 197 143 238 120 153 
239 193 110 239 31 133 
240 69 87 240 26 30 
241 109 276 241 253 277 
242 85 130 242 25 80 
243 86 53 243 174 49 
244 221 192 244 156 239 
245 54 238 245 178 55 
246 11 65 246 160 261 
247 228 28 247 16 236 
248 170 269 248 30 206 
249 156 151 249 74 255 
250 261 81 250 278 267 
251 55 112 251 141 26 
252 247 188 252 263 196 
253 208 172 253 169 28 
254 189 202 254 229 191 
255 93 221 255 148 221 
256 200 209 256 242 209 
257 240 25 257 50 25 
258 50 250 258 87 250 
259 177 71 259 8 106 
260 135 137 260 56 138 
261 34 100 261 58 262 
262 66 15 262 103 21 
263 113 180 263 126 200 
264 245 51 264 45 188 
265 138 232 265 138 19 
266 60 141 266 214 273 
267 95 215 267 85 110 
268 186 46 268 177 223 
269 155 204 269 205 264 
270 136 189 270 200 178 
271 88 253 271 147 7 
272 41 142 272 203 140 
273 167 184 273 276 166 
274 10 247 274 133 175 
275 71 203 275 64 111 
276 278 74 276 262 179 
277 16 223 277 79 231 
278 147 106 278 46 199 
279 267 136 279 279 109 
