***********************************
Experiment parameters:
Experiment results:
Permutations:
I U RANK QCV rand PATH 
1 268 154 16 47 52 
2 239 211 24 186 8 
3 107 65 107 180 234 
4 104 115 208 273 191 
5 10 91 10 176 10 
6 24 104 268 14 145 
7 263 81 263 135 263 
8 82 82 82 167 82 
9 260 57 260 267 260 
10 20 123 44 142 44 
11 78 163 78 234 78 
12 240 205 240 72 240 
13 228 230 228 245 228 
14 205 277 205 57 205 
15 75 60 75 66 244 
16 34 125 34 125 34 
17 48 86 48 207 48 
18 156 120 203 254 40 
19 159 279 159 171 159 
20 55 180 253 104 47 
21 170 149 170 5 170 
22 16 203 211 93 223 
23 202 202 202 65 202 
24 22 56 22 76 22 
25 91 236 91 15 91 
26 171 248 171 52 171 
27 53 183 53 151 53 
28 244 31 244 42 75 
29 257 173 257 185 257 
30 254 6 254 159 254 
31 61 88 61 274 61 
32 97 64 97 265 97 
33 109 223 109 100 109 
34 57 70 235 48 115 
35 58 73 58 217 58 
36 227 10 227 188 227 
37 199 94 199 107 199 
38 162 204 162 13 162 
39 182 41 182 55 182 
40 86 201 86 213 86 
41 101 80 101 199 101 
42 245 93 245 123 245 
43 18 62 18 221 18 
44 234 67 234 191 107 
45 264 137 264 153 264 
46 35 251 35 124 35 
47 219 219 219 183 219 
48 21 21 21 233 21 
49 120 147 52 204 120 
50 192 266 192 215 192 
51 33 249 33 237 33 
52 123 240 123 212 123 
53 169 13 169 37 169 
54 188 40 188 109 188 
55 88 247 88 7 88 
56 214 214 214 249 214 
57 160 274 55 219 129 
58 226 47 226 277 226 
59 215 182 215 43 215 
60 267 181 267 88 267 
61 31 138 31 130 31 
62 103 122 103 252 103 
63 2 95 2 182 2 
64 149 257 149 211 149 
65 272 89 272 268 272 
66 7 227 7 146 7 
67 152 152 152 270 152 
68 130 200 130 114 130 
69 52 206 172 260 147 
70 209 170 209 192 209 
71 13 140 13 132 13 
72 221 242 221 226 221 
73 60 244 60 34 60 
74 173 209 173 129 173 
75 174 130 174 209 174 
76 243 87 243 102 243 
77 246 167 246 184 246 
78 45 128 45 6 45 
79 213 143 213 246 213 
80 248 178 248 33 248 
81 269 226 269 269 269 
82 211 160 207 210 154 
83 28 254 28 115 28 
84 69 238 69 122 69 
85 113 78 113 240 113 
86 262 34 262 143 262 
87 138 20 138 111 138 
88 118 23 118 117 118 
89 144 119 144 152 144 
90 25 7 25 3 25 
91 145 210 145 164 55 
92 223 19 223 63 70 
93 42 101 42 131 42 
94 98 117 98 231 98 
95 276 271 276 44 276 
96 122 264 122 51 122 
97 195 195 195 49 195 
98 225 267 225 189 225 
99 229 235 70 61 160 
100 56 66 56 73 56 
101 6 232 6 62 6 
102 67 234 73 2 67 
103 165 49 165 18 165 
104 100 142 100 106 100 
105 115 71 206 92 172 
106 151 151 151 1 151 
107 179 1 179 36 179 
108 102 239 71 250 180 
109 181 79 181 154 181 
110 125 144 125 29 125 
111 143 148 143 27 143 
112 3 263 3 83 3 
113 136 135 136 258 136 
114 40 42 40 12 71 
115 142 4 142 162 142 
116 236 275 236 181 236 
117 164 246 164 272 164 
118 12 278 12 243 12 
119 89 272 89 256 89 
120 17 90 17 41 17 
121 110 162 110 119 110 
122 47 192 47 179 104 
123 112 270 112 157 112 
124 74 46 72 97 72 
125 92 186 92 60 92 
126 217 190 217 247 217 
127 231 69 231 222 231 
128 278 96 278 145 278 
129 252 109 252 165 252 
130 73 103 67 89 73 
131 72 155 74 136 74 
132 265 228 265 196 265 
133 198 262 198 82 198 
134 26 84 26 224 26 
135 71 16 239 218 203 
136 46 150 46 168 46 
137 251 111 251 4 251 
138 255 15 255 230 255 
139 194 194 194 173 194 
140 9 59 9 170 9 
141 271 179 271 241 271 
142 191 191 191 275 24 
143 27 121 27 225 27 
144 90 12 90 197 90 
145 222 245 222 84 222 
146 66 141 66 94 66 
147 8 76 8 38 16 
148 37 37 37 81 37 
149 108 75 108 149 108 
150 204 26 204 194 204 
151 29 100 29 193 29 
152 150 72 150 150 150 
153 38 92 38 96 38 
154 185 105 185 105 185 
155 163 27 163 187 163 
156 177 99 177 251 177 
157 233 176 233 59 233 
158 158 113 158 195 158 
159 32 32 32 21 32 
160 201 258 201 139 201 
161 237 17 237 244 237 
162 117 98 117 208 117 
163 1 276 1 227 1 
164 5 199 5 175 5 
165 85 85 85 110 85 
166 266 188 266 24 266 
167 124 124 124 239 124 
168 43 43 43 54 43 
169 99 177 99 172 99 
170 51 212 51 140 51 
171 116 256 116 10 116 
172 196 97 196 22 196 
173 212 133 212 17 212 
174 39 216 39 238 39 
175 83 83 83 113 83 
176 147 273 273 202 206 
177 180 268 274 266 207 
178 132 126 132 78 132 
179 41 146 41 116 41 
180 141 217 141 190 141 
181 176 233 176 216 176 
182 218 231 218 70 218 
183 62 158 62 264 62 
184 238 237 238 23 238 
185 77 241 77 261 77 
186 259 215 259 259 259 
187 270 116 270 201 270 
188 153 68 153 137 153 
189 106 145 106 95 106 
190 65 74 65 108 65 
191 23 102 23 118 23 
192 50 50 50 9 50 
193 189 198 189 67 189 
194 220 220 220 121 220 
195 146 5 146 77 146 
196 87 243 87 163 87 
197 183 44 183 271 183 
198 242 58 242 28 242 
199 68 35 68 166 68 
200 230 11 230 75 230 
201 161 77 161 198 161 
202 15 153 156 127 156 
203 167 18 167 158 167 
204 44 112 102 86 102 
205 126 106 126 98 126 
206 258 48 258 90 258 
207 249 196 249 232 249 
208 261 157 261 71 261 
209 168 168 168 19 168 
210 63 114 63 101 63 
211 79 166 200 255 79 
212 111 171 111 144 111 
213 59 9 59 134 59 
214 127 127 127 223 127 
215 232 25 232 35 232 
216 84 53 84 80 84 
217 197 197 197 161 197 
218 54 8 54 220 54 
219 134 185 134 40 134 
220 30 269 30 112 30 
221 96 218 96 236 96 
222 210 132 210 11 210 
223 121 164 121 228 121 
224 137 165 137 39 137 
225 4 51 4 155 4 
226 206 172 104 91 208 
227 277 129 147 32 211 
228 193 193 193 99 193 
229 135 136 135 53 135 
230 190 252 190 206 190 
231 157 29 157 68 157 
232 36 221 36 235 36 
233 133 38 133 128 133 
234 208 61 15 248 277 
235 119 174 119 20 119 
236 241 33 241 69 241 
237 207 213 277 257 15 
238 70 255 57 120 57 
239 235 52 115 31 235 
240 94 156 94 26 94 
241 131 110 131 253 131 
242 253 55 154 25 239 
243 224 14 224 174 224 
244 80 30 80 156 80 
245 184 184 184 178 184 
246 129 24 120 160 253 
247 76 54 76 16 76 
248 148 169 148 30 148 
249 256 222 256 74 256 
250 279 225 279 278 279 
251 172 229 229 141 229 
252 49 36 49 263 49 
253 186 261 186 169 186 
254 105 134 105 229 105 
255 175 175 175 148 175 
256 216 39 216 242 216 
257 247 260 247 50 247 
258 19 22 19 87 19 
259 178 259 178 8 178 
260 154 207 129 56 268 
261 128 265 128 58 128 
262 114 63 114 103 114 
263 81 187 81 126 81 
264 155 108 155 45 155 
265 275 28 275 138 275 
266 140 2 140 214 140 
267 274 253 180 85 273 
268 14 224 14 177 14 
269 166 189 166 205 166 
270 250 250 250 200 250 
271 95 131 95 147 95 
272 203 107 20 203 20 
273 273 208 160 276 274 
274 64 161 64 133 64 
275 93 3 93 64 93 
276 200 159 79 262 200 
277 187 118 187 79 187 
278 11 45 11 46 11 
279 139 139 139 279 139 
