***********************************
Experiment parameters:
Experiment results:
Permutations:
I U RANK QCV rand PATH 
1 86 130 1 47 26 
2 44 61 2 186 3 
3 100 212 3 180 220 
4 99 94 4 273 94 
5 148 200 5 176 136 
6 167 12 6 14 223 
7 117 175 7 135 52 
8 160 63 8 167 97 
9 263 230 9 267 74 
10 3 257 10 142 259 
11 230 4 11 234 244 
12 4 124 12 72 139 
13 16 47 13 245 242 
14 217 207 14 57 166 
15 109 5 15 66 115 
16 203 88 16 125 195 
17 45 216 17 207 140 
18 48 98 18 254 216 
19 66 197 19 171 210 
20 83 68 20 104 161 
21 38 144 21 5 130 
22 128 7 22 93 275 
23 79 27 23 65 187 
24 141 8 24 76 81 
25 103 264 25 15 217 
26 54 87 26 52 28 
27 14 153 27 151 76 
28 50 9 28 42 198 
29 132 1 29 185 50 
30 111 188 30 159 148 
31 256 25 31 274 174 
32 118 126 32 265 61 
33 210 190 33 100 27 
34 157 129 34 48 163 
35 130 3 35 217 111 
36 260 140 36 188 33 
37 162 66 37 107 39 
38 28 274 38 13 212 
39 245 117 39 55 73 
40 57 148 40 213 228 
41 232 11 41 199 66 
42 261 245 42 123 137 
43 252 272 43 221 181 
44 75 233 44 191 8 
45 26 246 45 153 241 
46 238 158 46 124 113 
47 253 115 47 183 40 
48 131 277 48 233 47 
49 96 214 49 204 134 
50 31 90 50 215 256 
51 93 163 51 237 151 
52 91 225 52 212 69 
53 6 221 53 37 239 
54 200 172 54 109 53 
55 187 107 55 7 182 
56 47 95 56 249 30 
57 185 203 57 219 222 
58 74 146 58 277 245 
59 262 253 59 43 267 
60 10 96 60 88 232 
61 112 6 61 130 118 
62 243 195 62 252 132 
63 175 278 63 182 236 
64 271 100 64 211 192 
65 123 184 65 268 41 
66 163 179 66 146 90 
67 268 165 67 270 197 
68 264 69 68 114 80 
69 39 174 69 260 254 
70 278 161 70 192 57 
71 147 265 71 132 19 
72 140 108 72 226 121 
73 135 193 73 34 103 
74 179 262 74 129 138 
75 84 220 75 209 263 
76 133 131 76 102 70 
77 158 120 77 184 268 
78 134 167 78 6 156 
79 233 244 79 246 45 
80 19 182 80 33 183 
81 92 22 81 269 128 
82 206 40 82 210 157 
83 212 250 83 115 208 
84 136 171 84 122 250 
85 9 123 85 240 23 
86 146 261 86 143 68 
87 265 56 87 111 43 
88 234 273 88 117 101 
89 279 18 89 152 159 
90 183 235 90 3 116 
91 165 10 91 164 99 
92 221 189 92 63 141 
93 275 113 93 131 38 
94 155 46 94 231 63 
95 180 122 95 44 16 
96 121 224 96 51 34 
97 62 67 97 49 108 
98 244 17 98 189 11 
99 127 268 99 61 211 
100 188 271 100 73 85 
101 55 110 101 62 176 
102 63 83 102 2 93 
103 258 127 103 18 25 
104 211 254 104 106 248 
105 226 103 105 92 213 
106 218 227 106 1 2 
107 150 196 107 36 31 
108 152 51 108 250 15 
109 220 72 109 154 55 
110 215 173 110 29 100 
111 227 45 111 27 191 
112 174 91 112 83 12 
113 120 178 113 258 46 
114 254 247 114 12 131 
115 97 42 115 162 171 
116 164 248 116 181 262 
117 223 198 117 272 227 
118 250 276 118 243 160 
119 277 236 119 256 277 
120 205 149 120 41 224 
121 216 238 121 119 273 
122 52 211 122 179 252 
123 259 256 123 157 21 
124 199 181 124 97 189 
125 145 2 125 60 164 
126 246 187 126 247 207 
127 224 128 127 222 62 
128 15 170 128 145 274 
129 11 213 129 165 44 
130 106 134 130 89 109 
131 124 89 131 136 258 
132 116 135 132 196 110 
133 34 111 133 82 71 
134 193 77 134 224 185 
135 41 269 135 218 247 
136 219 242 136 168 177 
137 59 209 137 4 107 
138 35 97 138 230 251 
139 81 185 139 173 1 
140 70 240 140 170 124 
141 67 252 141 241 201 
142 64 119 142 275 78 
143 8 183 143 225 152 
144 113 93 144 197 95 
145 88 125 145 84 184 
146 29 24 146 94 168 
147 189 116 147 38 266 
148 194 23 148 81 9 
149 80 84 149 149 54 
150 207 70 150 194 72 
151 229 223 151 193 35 
152 182 82 152 150 155 
153 23 157 153 96 18 
154 32 15 154 105 230 
155 196 86 155 187 219 
156 208 258 156 251 51 
157 114 208 157 59 122 
158 214 74 158 195 48 
159 240 251 159 21 79 
160 191 241 160 139 158 
161 225 152 161 244 7 
162 192 155 162 208 203 
163 156 64 163 227 214 
164 105 176 164 175 233 
165 89 102 165 110 133 
166 222 237 166 24 238 
167 122 206 167 239 92 
168 228 28 168 54 154 
169 242 192 169 172 96 
170 143 164 170 140 88 
171 17 266 171 10 104 
172 87 114 172 22 112 
173 77 31 173 17 143 
174 173 92 174 238 269 
175 53 16 175 113 194 
176 267 219 176 202 102 
177 149 112 177 266 126 
178 153 105 178 78 89 
179 177 71 179 116 271 
180 249 33 180 190 147 
181 12 65 181 216 209 
182 137 34 182 70 255 
183 197 263 183 264 58 
184 21 30 184 23 237 
185 236 232 185 261 172 
186 170 35 186 259 114 
187 72 36 187 201 82 
188 204 73 188 137 278 
189 43 37 189 95 135 
190 168 38 190 108 59 
191 270 76 191 118 105 
192 184 39 192 9 206 
193 251 279 193 67 49 
194 46 166 194 121 180 
195 159 41 195 77 153 
196 201 32 196 163 170 
197 198 50 197 271 106 
198 76 228 198 28 20 
199 102 142 199 166 249 
200 40 259 200 75 162 
201 274 43 201 198 190 
202 257 44 202 127 231 
203 1 99 203 158 146 
204 65 201 204 86 142 
205 213 147 205 98 253 
206 68 202 206 90 10 
207 20 19 207 232 215 
208 119 118 208 71 178 
209 94 141 209 19 264 
210 272 75 210 101 83 
211 266 229 211 255 24 
212 49 222 212 144 279 
213 108 150 213 134 145 
214 176 151 214 223 75 
215 231 53 215 35 67 
216 172 54 216 80 193 
217 142 156 217 161 169 
218 139 78 218 220 144 
219 24 234 219 40 270 
220 27 239 220 112 200 
221 69 85 221 236 87 
222 202 57 222 11 265 
223 235 168 223 228 257 
224 154 226 224 39 261 
225 73 58 225 155 173 
226 115 133 226 91 149 
227 51 121 227 32 56 
228 138 14 228 99 14 
229 101 136 229 53 167 
230 37 143 230 206 229 
231 5 80 231 68 127 
232 151 260 232 235 119 
233 241 60 233 128 175 
234 181 132 234 248 64 
235 30 139 235 20 260 
236 78 154 236 69 240 
237 2 62 237 257 235 
238 239 249 238 120 218 
239 22 267 239 31 276 
240 82 186 240 26 205 
241 276 162 241 253 272 
242 247 159 242 25 91 
243 269 169 243 174 202 
244 98 104 244 156 179 
245 178 255 245 178 32 
246 25 145 246 160 226 
247 195 21 247 16 42 
248 60 275 248 30 129 
249 71 218 249 74 186 
250 171 194 250 278 150 
251 190 106 251 141 22 
252 255 48 252 263 199 
253 7 59 253 169 221 
254 13 243 254 229 234 
255 104 101 255 148 120 
256 56 29 256 242 29 
257 126 49 257 50 98 
258 36 79 258 87 84 
259 209 180 259 8 246 
260 33 199 260 56 17 
261 61 26 261 58 196 
262 237 215 262 103 125 
263 58 52 263 126 123 
264 125 137 264 45 204 
265 95 204 265 138 5 
266 90 138 266 214 243 
267 161 55 267 85 188 
268 129 13 268 177 37 
269 169 270 269 205 77 
270 144 109 270 200 225 
271 107 20 271 147 4 
272 18 160 272 203 165 
273 186 191 273 276 86 
274 273 177 274 133 117 
275 110 217 275 64 65 
276 85 210 276 262 36 
277 42 205 277 79 6 
278 166 231 278 46 60 
279 248 81 279 279 13 
