***********************************
Experiment parameters:
Experiment results:
Permutations:
I U RANK QCV rand PATH 
1 271 131 181 47 27 
2 45 68 96 186 104 
3 138 270 16 180 16 
4 194 109 106 273 85 
5 174 192 179 176 117 
6 215 13 104 14 181 
7 148 172 234 135 190 
8 8 212 66 167 66 
9 82 269 23 267 23 
10 251 1 172 142 172 
11 15 156 101 234 87 
12 141 267 197 72 22 
13 30 238 248 245 248 
14 225 206 206 57 206 
15 86 3 22 66 236 
16 140 145 231 125 231 
17 53 196 3 207 3 
18 115 60 27 254 96 
19 97 236 216 171 234 
20 256 195 190 104 127 
21 38 22 56 5 77 
22 186 5 132 93 13 
23 4 182 12 65 46 
24 68 7 232 76 232 
25 124 146 166 15 166 
26 189 121 87 52 95 
27 132 100 269 151 269 
28 239 272 236 42 124 
29 63 6 261 185 6 
30 199 186 173 159 173 
31 112 16 270 274 270 
32 3 140 33 265 33 
33 154 265 243 100 25 
34 47 81 85 48 111 
35 190 10 84 217 192 
36 156 148 274 188 216 
37 9 158 97 107 97 
38 243 147 235 13 235 
39 10 179 223 55 187 
40 90 235 175 213 175 
41 131 203 118 199 131 
42 44 245 75 123 75 
43 233 190 76 221 76 
44 33 251 93 191 93 
45 158 234 70 153 70 
46 253 165 79 124 126 
47 35 246 246 183 246 
48 217 260 217 233 217 
49 102 19 242 204 242 
50 230 193 222 215 222 
51 241 233 21 237 21 
52 218 258 117 212 51 
53 170 220 4 37 4 
54 223 263 215 109 101 
55 252 176 62 7 62 
56 145 231 145 249 145 
57 144 232 7 219 7 
58 255 15 49 277 49 
59 149 204 169 43 169 
60 177 116 161 88 161 
61 32 141 149 130 149 
62 238 225 265 252 265 
63 181 259 176 182 176 
64 83 144 237 211 5 
65 73 185 11 268 11 
66 254 96 72 146 72 
67 262 183 110 270 110 
68 137 261 271 114 34 
69 198 202 147 260 147 
70 135 66 202 192 202 
71 58 138 138 132 138 
72 274 4 220 226 220 
73 54 264 63 34 63 
74 206 135 264 129 264 
75 113 12 182 209 182 
76 41 217 78 102 78 
77 121 64 88 184 88 
78 42 126 134 6 137 
79 46 224 196 246 196 
80 201 170 260 33 260 
81 66 151 159 269 159 
82 200 255 255 210 255 
83 106 254 178 115 178 
84 72 105 165 122 118 
85 70 128 177 240 177 
86 151 69 48 143 223 
87 191 65 241 111 241 
88 21 70 13 117 134 
89 258 18 50 152 273 
90 265 164 170 3 170 
91 95 67 86 164 86 
92 269 222 17 63 17 
93 85 119 258 131 39 
94 7 256 102 231 102 
95 261 124 154 44 154 
96 17 175 54 51 54 
97 29 143 155 49 155 
98 279 187 6 189 121 
99 211 201 151 61 151 
100 268 277 240 73 240 
101 12 114 19 62 19 
102 2 271 46 2 183 
103 232 130 208 18 156 
104 93 86 213 106 52 
105 101 28 135 92 135 
106 195 249 163 1 163 
107 270 184 98 36 98 
108 91 23 109 250 109 
109 51 71 226 154 272 
110 155 57 29 29 29 
111 57 92 250 27 250 
112 207 173 233 83 233 
113 110 181 32 258 32 
114 257 113 43 12 43 
115 55 209 52 162 213 
116 94 162 53 181 53 
117 92 210 164 272 164 
118 107 160 130 243 130 
119 210 242 218 256 218 
120 234 155 214 41 214 
121 264 240 26 119 171 
122 96 17 239 179 239 
123 147 37 68 157 68 
124 100 194 10 97 112 
125 220 72 273 60 37 
126 36 180 160 247 160 
127 213 161 116 222 116 
128 62 132 180 145 180 
129 260 241 152 165 152 
130 118 205 211 89 219 
131 126 208 205 136 189 
132 108 136 74 196 74 
133 231 80 99 82 99 
134 277 2 28 224 28 
135 64 108 108 218 108 
136 183 43 113 168 113 
137 164 62 89 4 89 
138 176 247 262 230 262 
139 127 177 275 173 275 
140 103 95 257 170 257 
141 84 84 81 241 84 
142 235 252 15 275 15 
143 150 24 121 225 251 
144 244 58 244 197 244 
145 197 82 2 84 2 
146 81 211 228 94 266 
147 16 90 90 38 90 
148 49 25 36 81 36 
149 119 8 8 149 8 
150 61 123 253 194 253 
151 175 137 268 193 268 
152 24 253 123 150 123 
153 134 87 47 96 47 
154 250 223 277 105 277 
155 247 14 200 187 200 
156 168 257 94 251 197 
157 34 199 120 59 120 
158 117 278 278 195 278 
159 74 178 254 21 254 
160 214 40 40 139 40 
161 129 26 125 244 125 
162 114 266 227 208 167 
163 20 97 263 227 263 
164 5 112 119 175 119 
165 157 102 221 110 221 
166 78 27 1 24 1 
167 142 157 142 239 142 
168 275 275 203 54 203 
169 69 150 272 172 69 
170 125 273 91 140 91 
171 266 30 224 10 224 
172 203 110 249 22 249 
173 136 31 229 17 229 
174 249 279 184 238 184 
175 162 98 276 113 276 
176 19 191 191 202 191 
177 52 207 61 266 61 
178 184 74 38 78 38 
179 161 78 60 116 60 
180 26 32 83 190 26 
181 172 174 174 216 174 
182 242 33 195 70 195 
183 273 106 100 264 100 
184 116 34 139 23 12 
185 221 171 256 261 256 
186 104 35 156 259 30 
187 219 36 171 201 162 
188 109 63 64 137 64 
189 14 215 69 95 10 
190 159 38 189 108 94 
191 27 75 71 118 71 
192 39 39 111 9 42 
193 196 239 207 67 207 
194 228 85 5 121 179 
195 28 42 157 77 157 
196 71 41 126 163 132 
197 216 52 67 271 67 
198 65 188 188 28 188 
199 75 88 129 166 129 
200 56 101 136 75 136 
201 22 47 131 198 144 
202 229 45 25 127 274 
203 205 46 51 158 194 
204 237 226 24 86 211 
205 6 48 77 98 258 
206 98 167 167 90 226 
207 122 262 58 232 58 
208 185 51 39 71 56 
209 193 61 193 19 193 
210 146 49 252 101 252 
211 178 168 168 255 168 
212 13 50 112 144 48 
213 23 94 30 134 105 
214 60 115 55 223 227 
215 163 227 153 35 228 
216 187 169 183 80 115 
217 169 76 37 161 81 
218 88 77 162 220 79 
219 192 55 105 40 237 
220 111 228 115 112 225 
221 188 107 57 236 57 
222 50 83 194 11 153 
223 202 11 185 228 185 
224 240 54 199 39 199 
225 165 153 225 155 55 
226 48 243 114 91 114 
227 128 99 80 32 80 
228 246 103 103 99 103 
229 152 219 42 53 83 
230 79 154 192 206 106 
231 267 216 266 68 139 
232 43 59 198 235 208 
233 209 218 219 128 165 
234 226 111 187 248 261 
235 25 91 31 20 31 
236 139 56 150 69 279 
237 227 127 127 257 271 
238 80 134 34 120 243 
239 1 117 45 31 45 
240 212 214 95 26 24 
241 59 152 148 253 148 
242 263 142 124 25 41 
243 87 244 247 174 247 
244 153 159 44 156 44 
245 171 276 140 178 140 
246 31 237 41 160 50 
247 18 213 209 16 209 
248 180 139 144 30 65 
249 67 125 279 74 198 
250 208 79 65 278 150 
251 276 118 35 141 35 
252 89 53 128 263 128 
253 37 200 137 169 215 
254 99 44 201 229 201 
255 248 89 146 148 146 
256 160 73 73 242 73 
257 204 133 133 50 133 
258 173 9 9 87 9 
259 278 29 230 8 230 
260 166 274 59 56 59 
261 143 268 143 58 143 
262 224 104 210 103 210 
263 182 197 14 126 14 
264 123 122 122 45 122 
265 259 229 18 138 18 
266 130 149 141 214 141 
267 179 198 158 85 158 
268 133 250 92 177 92 
269 120 129 238 205 238 
270 76 120 212 200 212 
271 236 21 186 147 186 
272 272 163 267 203 267 
273 77 189 245 276 245 
274 40 166 259 133 259 
275 245 221 204 64 204 
276 222 20 20 262 20 
277 105 248 82 79 82 
278 11 230 107 46 107 
279 167 93 251 279 205 
