***********************************
Experiment parameters:
Experiment results:
Permutations:
I U RANK QCV rand PATH 
1 256 125 25 47 25 
2 249 160 10 186 86 
3 155 62 34 180 34 
4 192 91 228 273 196 
5 131 229 270 176 119 
6 278 14 99 14 99 
7 160 251 223 135 228 
8 147 202 18 167 18 
9 10 146 58 267 58 
10 23 1 79 142 79 
11 136 101 145 234 208 
12 26 79 111 72 109 
13 72 98 90 245 90 
14 52 196 116 57 116 
15 43 3 96 66 100 
16 229 70 124 125 124 
17 265 200 110 207 110 
18 93 56 263 254 263 
19 117 4 264 171 51 
20 149 219 123 104 123 
21 161 145 103 5 103 
22 170 95 95 93 95 
23 252 274 83 65 66 
24 34 8 242 76 242 
25 214 252 23 15 23 
26 157 83 219 52 210 
27 134 96 91 151 91 
28 198 9 100 42 207 
29 14 5 157 185 7 
30 219 183 236 159 236 
31 135 78 198 274 198 
32 177 228 48 265 48 
33 108 52 275 100 136 
34 220 80 156 48 171 
35 111 7 231 217 182 
36 212 176 108 188 108 
37 17 81 40 107 28 
38 231 186 76 13 76 
39 103 10 102 55 166 
40 24 76 226 213 226 
41 232 63 215 199 179 
42 264 249 63 123 63 
43 268 139 179 221 193 
44 250 265 11 191 11 
45 277 241 220 153 220 
46 37 172 277 124 3 
47 35 260 211 183 211 
48 94 263 143 233 143 
49 241 264 279 204 279 
50 112 224 54 215 54 
51 206 147 115 237 115 
52 175 210 42 212 170 
53 148 178 185 37 185 
54 32 102 1 109 259 
55 15 107 254 7 254 
56 21 225 21 249 21 
57 51 235 122 219 174 
58 61 213 133 277 133 
59 62 188 84 43 84 
60 218 33 203 88 203 
61 41 237 140 130 140 
62 262 218 137 252 188 
63 243 65 227 182 227 
64 85 207 256 211 80 
65 89 154 37 268 37 
66 45 177 269 146 269 
67 158 272 94 270 94 
68 227 214 182 114 137 
69 126 164 184 260 184 
70 150 117 45 192 45 
71 128 198 78 132 78 
72 233 155 178 226 178 
73 129 82 150 34 150 
74 183 276 82 129 82 
75 55 11 274 209 274 
76 159 143 159 102 159 
77 18 239 204 184 204 
78 80 89 195 6 146 
79 164 257 181 246 181 
80 244 72 144 33 144 
81 65 158 70 269 70 
82 48 226 186 210 186 
83 140 97 243 115 243 
84 217 130 261 122 275 
85 116 119 257 240 176 
86 110 68 180 143 20 
87 20 64 135 111 135 
88 246 103 258 117 230 
89 194 173 68 152 89 
90 79 144 134 3 134 
91 138 75 75 164 75 
92 83 54 29 63 29 
93 213 187 249 131 183 
94 167 220 41 231 41 
95 49 118 35 44 35 
96 46 45 117 51 117 
97 64 67 152 49 152 
98 2 17 64 189 64 
99 120 150 158 61 158 
100 9 279 24 73 24 
101 225 110 101 62 101 
102 47 179 7 2 83 
103 38 127 125 18 195 
104 29 121 268 106 268 
105 70 245 276 92 276 
106 240 258 44 1 44 
107 73 181 74 36 74 
108 178 255 272 250 272 
109 39 208 247 154 215 
110 57 73 165 29 165 
111 215 204 239 27 239 
112 216 236 189 83 189 
113 163 55 262 258 262 
114 238 2 273 12 273 
115 179 43 19 162 19 
116 273 123 9 181 9 
117 127 134 201 272 201 
118 153 109 176 243 4 
119 132 259 127 256 127 
120 260 152 155 41 155 
121 74 238 31 119 240 
122 142 12 233 179 233 
123 162 86 105 157 105 
124 266 217 217 97 157 
125 118 105 237 60 27 
126 115 182 163 247 163 
127 8 203 33 222 33 
128 31 122 65 145 65 
129 269 242 8 165 8 
130 5 148 17 89 231 
131 166 222 71 136 248 
132 224 137 39 196 39 
133 22 59 244 82 244 
134 133 199 245 224 245 
135 274 250 250 218 250 
136 156 273 2 168 2 
137 204 243 225 4 225 
138 245 38 57 230 57 
139 104 167 209 173 197 
140 234 270 49 170 49 
141 33 151 151 241 151 
142 210 205 213 275 213 
143 1 271 190 225 42 
144 203 90 98 197 98 
145 152 77 199 84 199 
146 50 223 92 94 145 
147 114 168 168 38 168 
148 69 275 120 81 120 
149 191 34 62 149 62 
150 75 112 112 194 112 
151 165 19 175 193 175 
152 257 87 234 150 234 
153 4 84 4 96 5 
154 146 13 55 105 55 
155 267 60 160 187 160 
156 189 185 216 251 216 
157 16 212 212 59 212 
158 176 162 69 195 69 
159 226 124 97 21 97 
160 168 206 206 139 206 
161 53 25 22 244 167 
162 13 71 129 208 148 
163 188 149 238 227 238 
164 71 231 166 175 22 
165 82 100 161 110 161 
166 271 26 28 24 36 
167 151 27 271 239 235 
168 154 28 131 54 10 
169 3 161 53 172 46 
170 193 169 66 140 255 
171 27 240 222 10 241 
172 109 197 136 22 219 
173 86 99 174 17 251 
174 123 88 192 238 13 
175 143 24 214 113 53 
176 237 15 15 202 15 
177 239 232 138 266 138 
178 137 94 200 78 191 
179 259 201 265 116 265 
180 242 31 183 190 222 
181 77 113 170 216 131 
182 56 120 235 70 217 
183 235 163 171 264 125 
184 174 129 193 23 40 
185 197 85 240 261 257 
186 263 135 139 259 249 
187 171 35 259 201 68 
188 186 23 252 137 252 
189 121 114 14 95 187 
190 172 22 146 108 237 
191 279 74 88 118 139 
192 91 39 266 9 192 
193 66 233 12 67 12 
194 68 40 167 121 270 
195 99 41 3 77 88 
196 84 36 172 163 71 
197 141 268 121 271 121 
198 113 211 260 28 260 
199 275 194 16 166 16 
200 207 42 210 75 81 
201 96 266 5 198 129 
202 44 44 109 127 122 
203 25 166 13 158 31 
204 222 46 81 86 72 
205 78 47 27 98 1 
206 6 230 20 90 85 
207 102 57 142 232 142 
208 19 215 80 71 266 
209 125 138 224 19 224 
210 90 133 205 101 205 
211 101 32 32 255 32 
212 255 180 208 144 209 
213 95 93 197 134 200 
214 106 51 93 223 96 
215 139 246 85 35 102 
216 36 53 118 80 130 
217 251 108 191 161 111 
218 88 48 187 220 223 
219 223 92 36 40 118 
220 180 247 130 112 258 
221 107 6 6 236 6 
222 236 190 230 11 277 
223 276 37 154 228 154 
224 196 18 164 39 164 
225 81 116 241 155 92 
226 208 170 267 91 267 
227 87 244 59 32 59 
228 144 126 126 99 126 
229 270 193 255 53 17 
230 247 20 119 206 264 
231 187 156 246 68 180 
232 200 58 148 235 214 
233 209 278 251 128 190 
234 190 195 207 248 247 
235 253 262 196 20 156 
236 182 61 173 69 173 
237 195 106 46 257 253 
238 230 253 89 120 256 
239 272 104 253 31 93 
240 202 49 86 26 14 
241 7 171 149 253 149 
242 42 248 248 25 106 
243 205 16 38 174 38 
244 63 142 141 156 141 
245 122 277 229 178 229 
246 58 256 106 160 261 
247 254 50 43 16 43 
248 97 261 51 30 271 
249 185 66 188 74 246 
250 261 209 26 278 26 
251 105 111 114 141 114 
252 248 192 218 263 218 
253 11 175 50 169 50 
254 124 21 194 229 194 
255 211 131 113 148 113 
256 184 29 232 242 232 
257 221 153 153 50 153 
258 119 221 221 87 221 
259 30 165 73 8 73 
260 100 128 147 56 147 
261 92 269 177 58 177 
262 40 159 56 103 56 
263 258 216 60 126 60 
264 173 115 47 45 47 
265 59 227 278 138 278 
266 67 140 67 214 67 
267 130 191 104 85 104 
268 199 141 132 177 132 
269 98 234 87 205 87 
270 76 184 202 200 202 
271 228 267 128 147 128 
272 169 157 169 203 169 
273 145 174 61 276 61 
274 181 254 107 133 107 
275 201 189 52 64 52 
276 54 69 162 262 162 
277 28 132 77 79 77 
278 60 30 30 46 30 
279 12 136 72 279 172 
