***********************************
Experiment parameters:
Experiment results:
Permutations:
I U RANK QCV rand PATH 
1 260 219 3 47 3 
2 242 117 10 186 216 
3 38 222 90 180 38 
4 197 3 11 273 233 
5 221 224 221 176 221 
6 54 205 264 14 53 
7 134 97 134 135 134 
8 61 104 61 167 61 
9 49 227 49 267 49 
10 227 144 227 142 227 
11 16 157 16 234 16 
12 51 232 51 72 51 
13 271 271 271 245 271 
14 152 245 152 57 152 
15 154 165 154 66 154 
16 265 193 265 125 265 
17 26 146 26 207 26 
18 3 125 219 254 54 
19 250 182 250 171 250 
20 53 197 225 104 57 
21 40 178 40 5 40 
22 11 264 53 93 64 
23 46 261 46 65 46 
24 30 59 30 76 30 
25 88 215 88 15 88 
26 99 209 99 52 99 
27 22 188 22 151 22 
28 184 101 184 42 184 
29 144 56 144 185 144 
30 275 31 275 159 275 
31 56 121 56 274 56 
32 256 276 256 265 256 
33 179 55 179 100 179 
34 60 74 54 48 74 
35 93 90 93 217 93 
36 120 275 120 188 120 
37 28 111 28 107 28 
38 244 110 244 13 244 
39 111 1 111 55 111 
40 181 136 181 213 181 
41 198 81 198 199 198 
42 73 47 73 123 73 
43 157 208 157 221 157 
44 90 184 38 191 90 
45 222 200 222 153 222 
46 17 17 17 124 17 
47 276 120 276 183 276 
48 214 214 214 233 214 
49 74 225 57 204 84 
50 248 190 248 215 248 
51 236 221 236 237 236 
52 189 181 189 212 189 
53 245 196 245 37 245 
54 119 119 119 109 119 
55 91 206 91 7 91 
56 19 19 19 249 19 
57 139 10 278 219 117 
58 238 198 238 277 238 
59 1 272 1 43 1 
60 183 61 183 88 183 
61 176 243 176 130 176 
62 101 258 101 252 101 
63 121 230 121 182 121 
64 95 95 95 211 95 
65 116 24 116 268 116 
66 8 236 8 146 8 
67 106 127 106 270 106 
68 27 15 27 114 27 
69 47 11 64 260 125 
70 146 129 146 192 146 
71 162 162 162 132 162 
72 200 269 200 226 200 
73 65 93 65 34 65 
74 196 51 196 129 196 
75 193 71 193 209 193 
76 130 107 130 102 130 
77 251 36 251 184 251 
78 215 223 215 6 215 
79 129 172 129 246 129 
80 209 35 209 33 209 
81 180 180 180 269 180 
82 117 84 74 210 139 
83 31 241 31 115 31 
84 237 277 237 122 237 
85 149 251 149 240 149 
86 32 32 32 143 32 
87 269 176 269 111 269 
88 231 73 231 117 231 
89 15 6 15 152 15 
90 69 247 69 3 69 
91 100 255 100 164 100 
92 168 86 168 63 168 
93 257 216 257 131 257 
94 102 171 102 231 102 
95 192 192 192 44 192 
96 270 113 270 51 270 
97 108 108 108 49 108 
98 170 203 170 189 170 
99 57 173 242 61 169 
100 239 132 239 73 239 
101 34 88 34 62 34 
102 217 150 217 2 52 
103 165 270 165 18 165 
104 212 142 212 106 212 
105 125 169 84 92 173 
106 89 89 89 1 89 
107 85 68 85 36 85 
108 218 53 260 250 191 
109 42 45 42 154 42 
110 203 259 203 29 203 
111 25 91 25 27 25 
112 249 263 249 83 249 
113 18 18 18 258 18 
114 216 2 233 12 10 
115 234 102 234 162 234 
116 114 254 114 181 114 
117 161 131 161 272 161 
118 86 135 86 243 86 
119 208 16 208 256 208 
120 155 155 155 41 155 
121 163 60 163 119 163 
122 233 80 216 179 11 
123 118 265 118 157 118 
124 243 14 113 97 113 
125 128 185 128 60 128 
126 166 168 166 247 166 
127 148 179 148 222 148 
128 194 160 194 145 194 
129 143 143 143 165 143 
130 52 154 52 89 217 
131 113 94 243 136 243 
132 254 87 254 196 254 
133 21 250 21 82 21 
134 279 63 279 224 279 
135 84 202 205 218 197 
136 147 167 147 168 147 
137 35 151 35 4 35 
138 230 25 230 230 230 
139 195 109 195 173 195 
140 103 58 103 170 103 
141 68 85 68 241 68 
142 77 77 77 275 77 
143 153 44 153 225 153 
144 187 30 187 197 187 
145 235 249 235 84 235 
146 55 156 55 94 55 
147 133 133 133 38 133 
148 105 105 105 81 105 
149 62 38 62 149 62 
150 206 26 206 194 206 
151 220 212 220 193 220 
152 94 39 94 150 94 
153 79 164 79 96 79 
154 124 137 124 105 124 
155 70 228 70 187 70 
156 37 140 37 251 37 
157 96 96 96 59 96 
158 72 46 72 195 72 
159 63 189 63 21 63 
160 172 244 172 139 172 
161 266 187 266 244 266 
162 48 12 48 208 48 
163 253 253 253 227 253 
164 151 28 151 175 151 
165 50 48 50 110 50 
166 190 248 190 24 190 
167 174 174 174 239 174 
168 83 83 83 54 83 
169 140 20 140 172 140 
170 7 29 7 140 7 
171 6 170 6 10 6 
172 223 92 223 22 223 
173 29 268 29 17 29 
174 186 186 186 238 186 
175 211 235 211 113 211 
176 169 278 117 202 202 
177 64 273 125 266 205 
178 262 72 262 78 262 
179 75 67 75 116 75 
180 277 148 277 190 277 
181 145 106 145 216 145 
182 177 166 177 70 177 
183 261 100 261 264 261 
184 59 177 59 23 59 
185 274 274 274 261 274 
186 41 75 41 259 41 
187 259 183 259 201 259 
188 267 201 267 137 267 
189 44 116 44 95 44 
190 14 217 14 108 14 
191 66 158 66 118 66 
192 142 7 142 9 142 
193 213 42 213 67 213 
194 160 194 160 121 160 
195 78 99 78 77 78 
196 107 98 107 163 107 
197 232 218 232 271 232 
198 167 65 167 28 167 
199 67 78 67 166 67 
200 138 123 138 75 138 
201 247 130 247 198 247 
202 43 33 43 127 43 
203 228 124 228 158 228 
204 10 118 47 86 47 
205 24 70 24 98 24 
206 9 279 9 90 9 
207 4 69 4 232 4 
208 268 220 268 71 268 
209 246 4 246 19 246 
210 13 195 13 101 13 
211 45 134 182 255 45 
212 272 41 272 144 272 
213 58 103 58 134 58 
214 20 37 20 223 20 
215 87 82 87 35 87 
216 199 40 199 80 199 
217 159 159 159 161 159 
218 115 115 115 220 115 
219 255 149 255 40 255 
220 2 238 2 112 2 
221 135 239 135 236 135 
222 36 161 36 11 36 
223 131 262 131 228 131 
224 150 122 150 39 150 
225 171 128 171 155 171 
226 191 57 202 91 219 
227 173 191 273 32 225 
228 82 240 82 99 82 
229 164 234 164 53 164 
230 156 266 156 206 156 
231 185 50 185 68 185 
232 39 147 39 235 39 
233 175 79 175 128 175 
234 219 49 210 248 210 
235 97 211 97 20 97 
236 98 256 98 69 98 
237 210 204 188 257 188 
238 122 152 60 120 60 
239 264 54 191 31 242 
240 33 43 33 26 33 
241 136 199 136 253 136 
242 252 242 139 25 252 
243 76 226 76 174 76 
244 80 233 80 156 80 
245 263 213 263 178 263 
246 188 139 169 160 260 
247 126 126 126 16 126 
248 110 163 110 30 110 
249 229 229 229 74 229 
250 5 21 5 278 5 
251 205 207 218 141 218 
252 141 141 141 263 141 
253 12 175 12 169 12 
254 137 153 137 229 137 
255 112 112 112 148 112 
256 127 145 127 242 127 
257 178 9 178 50 178 
258 132 237 132 87 132 
259 201 267 201 8 201 
260 225 64 252 56 264 
261 224 114 224 58 224 
262 109 13 109 103 109 
263 23 23 23 126 23 
264 258 52 258 45 258 
265 92 34 92 138 92 
266 207 210 207 214 207 
267 278 252 197 85 273 
268 226 76 226 177 226 
269 158 27 158 205 158 
270 81 257 81 200 81 
271 204 22 204 147 204 
272 202 62 122 203 122 
273 273 260 173 276 278 
274 123 246 123 133 123 
275 104 66 104 64 104 
276 182 5 45 262 182 
277 71 231 71 79 71 
278 241 8 241 46 241 
279 240 138 240 279 240 
