***********************************
Experiment parameters:
Experiment results:
Permutations:
I U RANK QCV rand PATH 
1 279 124 1 47 133 
2 124 82 2 186 118 
3 95 147 3 180 143 
4 77 92 4 273 162 
5 60 199 5 176 227 
6 44 255 6 14 36 
7 137 141 7 135 134 
8 193 63 8 167 6 
9 24 99 9 267 31 
10 117 1 10 142 127 
11 116 2 11 234 97 
12 207 80 12 72 246 
13 90 278 13 245 85 
14 118 217 14 57 105 
15 78 3 15 66 163 
16 231 158 16 125 220 
17 183 204 17 207 42 
18 21 54 18 254 171 
19 72 237 19 171 116 
20 170 67 20 104 95 
21 199 143 21 5 252 
22 230 5 22 93 113 
23 228 186 23 65 96 
24 96 144 24 76 223 
25 46 206 25 15 44 
26 49 179 26 52 70 
27 179 97 27 151 228 
28 247 172 28 42 1 
29 177 112 29 185 230 
30 58 175 30 159 82 
31 83 145 31 274 77 
32 252 132 32 265 200 
33 81 48 33 100 175 
34 25 164 34 48 54 
35 1 161 35 217 123 
36 135 174 36 188 28 
37 220 50 37 107 236 
38 248 13 38 13 84 
39 5 18 39 55 157 
40 62 163 40 213 272 
41 85 11 41 199 89 
42 154 246 42 123 142 
43 257 139 43 221 130 
44 224 203 44 191 156 
45 133 245 45 153 69 
46 122 177 46 124 209 
47 258 45 47 183 173 
48 186 74 48 233 226 
49 181 19 49 204 238 
50 187 249 50 215 35 
51 150 148 51 237 60 
52 241 239 52 212 65 
53 45 276 53 37 273 
54 264 15 54 109 136 
55 38 277 55 7 46 
56 158 6 56 249 112 
57 103 208 57 219 121 
58 129 223 58 277 11 
59 262 195 59 43 75 
60 70 119 60 88 168 
61 134 230 61 130 33 
62 140 228 62 252 279 
63 32 60 63 182 202 
64 130 121 64 211 43 
65 263 234 65 268 211 
66 22 171 66 146 126 
67 63 183 67 270 10 
68 166 127 68 114 83 
69 138 236 69 260 139 
70 168 226 70 192 166 
71 169 47 71 132 177 
72 7 22 72 226 93 
73 28 262 73 34 216 
74 190 10 74 129 128 
75 157 242 75 209 229 
76 48 135 76 102 131 
77 276 241 77 184 179 
78 192 178 78 6 275 
79 273 250 79 246 219 
80 260 222 80 33 184 
81 215 193 81 269 256 
82 267 46 82 210 203 
83 159 81 83 115 40 
84 238 184 84 122 242 
85 47 107 85 240 17 
86 74 101 86 143 243 
87 259 55 87 111 217 
88 65 212 88 117 73 
89 125 17 89 152 144 
90 30 166 90 3 225 
91 29 138 91 164 189 
92 82 151 92 63 190 
93 105 110 93 131 178 
94 53 225 94 231 76 
95 52 115 95 44 68 
96 131 49 96 51 92 
97 185 111 97 49 222 
98 33 192 98 189 13 
99 64 270 99 61 147 
100 43 267 100 73 224 
101 195 20 101 62 47 
102 178 202 102 2 215 
103 69 114 103 18 239 
104 194 7 104 106 48 
105 176 58 105 92 244 
106 161 205 106 1 159 
107 42 201 107 36 78 
108 14 16 108 250 101 
109 200 70 109 154 180 
110 275 68 110 29 51 
111 123 8 111 27 32 
112 211 89 112 83 262 
113 23 189 113 258 207 
114 160 154 114 12 137 
115 162 57 115 162 266 
116 39 170 116 181 57 
117 250 169 117 272 145 
118 106 118 118 243 107 
119 219 253 119 256 161 
120 229 197 120 41 251 
121 132 231 121 119 45 
122 6 24 122 179 278 
123 15 43 123 157 235 
124 136 207 124 97 165 
125 107 191 125 60 125 
126 270 51 126 247 254 
127 242 105 127 222 186 
128 67 126 128 145 20 
129 120 243 129 165 90 
130 35 21 130 89 155 
131 227 136 131 136 150 
132 209 252 132 196 49 
133 155 66 133 82 195 
134 251 247 134 224 160 
135 11 215 135 218 72 
136 9 73 136 168 194 
137 56 102 137 4 19 
138 147 275 138 230 86 
139 8 257 139 173 122 
140 115 256 140 170 253 
141 152 152 141 241 103 
142 213 251 142 275 192 
143 206 214 143 225 231 
144 225 25 144 197 58 
145 204 224 145 84 119 
146 112 94 146 94 237 
147 19 235 147 38 153 
148 175 273 148 81 259 
149 233 4 149 149 64 
150 249 159 150 194 183 
151 172 150 151 193 99 
152 71 72 152 150 59 
153 40 87 153 96 29 
154 10 260 154 105 265 
155 149 122 155 187 117 
156 163 220 156 251 114 
157 223 96 157 59 245 
158 88 221 158 195 104 
159 99 30 159 21 277 
160 84 27 160 139 23 
161 208 146 161 244 261 
162 4 71 162 208 255 
163 111 56 163 227 213 
164 34 117 164 175 22 
165 17 272 165 110 56 
166 214 26 166 24 176 
167 68 196 167 239 115 
168 98 28 168 54 185 
169 180 269 169 172 268 
170 272 167 170 140 201 
171 37 156 171 10 158 
172 243 232 172 22 260 
173 148 157 173 17 204 
174 245 90 174 238 233 
175 20 98 175 113 109 
176 254 32 176 202 21 
177 235 210 177 266 169 
178 18 104 178 78 182 
179 86 216 179 116 141 
180 265 31 180 190 14 
181 201 194 181 216 267 
182 26 95 182 70 50 
183 51 83 183 264 193 
184 108 33 184 23 249 
185 76 219 185 261 129 
186 203 34 186 259 258 
187 121 36 187 201 181 
188 198 29 188 137 61 
189 100 38 189 95 250 
190 141 40 190 108 206 
191 144 12 191 118 24 
192 50 41 192 9 241 
193 221 211 193 67 140 
194 217 42 194 121 234 
195 89 209 195 77 25 
196 139 35 196 163 108 
197 16 140 197 271 38 
198 212 190 198 28 148 
199 182 113 199 166 74 
200 114 44 200 75 187 
201 119 116 201 198 199 
202 278 176 202 127 240 
203 156 37 203 158 276 
204 54 39 204 86 110 
205 240 160 205 98 91 
206 145 218 206 90 149 
207 36 162 207 232 188 
208 255 181 208 71 232 
209 143 64 209 19 5 
210 151 62 210 101 138 
211 188 187 211 255 81 
212 237 238 212 144 100 
213 75 93 213 134 124 
214 92 265 214 223 62 
215 126 266 215 35 27 
216 113 53 216 80 152 
217 226 75 217 161 154 
218 239 76 218 220 172 
219 3 153 219 40 52 
220 205 268 220 112 198 
221 271 125 221 236 264 
222 41 274 222 11 26 
223 110 106 223 228 263 
224 142 14 224 39 197 
225 222 263 225 155 80 
226 61 123 226 91 87 
227 55 185 227 32 3 
228 91 100 228 99 111 
229 94 133 229 53 55 
230 127 142 230 206 191 
231 232 77 231 68 41 
232 2 52 232 235 18 
233 146 59 233 128 15 
234 266 279 234 248 247 
235 153 91 235 20 66 
236 13 61 236 69 67 
237 268 78 237 257 34 
238 274 130 238 120 132 
239 244 109 239 31 8 
240 167 129 240 26 106 
241 59 168 241 253 174 
242 269 134 242 25 4 
243 164 128 243 174 71 
244 234 254 244 156 170 
245 79 258 245 178 218 
246 104 103 246 160 120 
247 189 155 247 16 212 
248 236 65 248 30 16 
249 12 9 249 74 248 
250 202 79 250 278 221 
251 66 120 251 141 94 
252 256 198 252 263 88 
253 196 108 253 169 12 
254 171 149 254 229 146 
255 216 248 255 148 257 
256 197 229 256 242 53 
257 173 173 257 50 210 
258 27 84 258 87 151 
259 80 200 259 8 37 
260 73 137 260 56 102 
261 109 131 261 58 270 
262 128 69 262 103 63 
263 87 182 263 126 30 
264 97 23 264 45 196 
265 57 233 265 138 135 
266 31 240 266 214 214 
267 253 227 267 85 208 
268 261 188 268 177 79 
269 101 259 269 205 271 
270 102 86 270 200 205 
271 174 264 271 147 9 
272 246 165 272 203 167 
273 210 180 273 276 164 
274 218 271 274 133 269 
275 277 244 275 64 2 
276 93 213 276 262 274 
277 165 261 277 79 98 
278 191 85 278 46 39 
279 184 88 279 279 7 
