***********************************
Experiment parameters:
Experiment results:
Permutations:
I U RANK QCV rand PATH 
1 240 78 5 47 20 
2 253 99 219 186 42 
3 117 239 192 180 117 
4 165 58 181 273 77 
5 150 45 150 176 150 
6 83 219 20 14 122 
7 74 79 74 135 74 
8 241 80 241 167 241 
9 256 151 256 267 256 
10 5 2 215 142 215 
11 267 1 267 234 267 
12 139 259 139 72 139 
13 27 60 27 245 27 
14 215 167 171 57 171 
15 49 15 211 66 49 
16 233 16 233 125 233 
17 259 154 259 207 259 
18 32 5 25 254 275 
19 80 137 80 171 80 
20 38 181 276 104 55 
21 114 92 114 5 114 
22 25 38 38 93 56 
23 9 3 9 65 9 
24 156 63 156 76 156 
25 155 150 155 15 155 
26 199 88 199 52 199 
27 17 47 17 151 17 
28 211 35 49 42 211 
29 50 50 50 185 50 
30 143 238 143 159 143 
31 247 247 247 274 247 
32 274 76 274 265 274 
33 270 257 270 100 270 
34 58 123 240 48 99 
35 203 49 203 217 203 
36 54 27 54 188 54 
37 234 11 234 107 234 
38 173 195 173 13 173 
39 22 10 22 55 22 
40 158 139 158 213 158 
41 265 236 265 199 265 
42 231 84 231 123 231 
43 202 53 202 221 202 
44 192 194 117 191 192 
45 61 206 61 153 61 
46 11 75 11 124 11 
47 121 218 121 183 121 
48 28 28 28 233 28 
49 99 141 271 204 123 
50 112 71 112 215 112 
51 177 252 177 237 177 
52 268 201 268 212 268 
53 67 215 67 37 67 
54 144 56 144 109 144 
55 251 245 251 7 251 
56 39 39 39 249 39 
57 164 153 58 219 129 
58 24 144 24 277 24 
59 242 103 242 43 242 
60 137 100 137 88 137 
61 269 192 269 130 269 
62 205 248 205 252 205 
63 195 251 195 182 195 
64 2 264 2 211 2 
65 53 87 53 268 53 
66 64 261 64 146 64 
67 18 174 18 270 18 
68 197 142 197 114 197 
69 47 213 249 260 135 
70 91 180 91 192 91 
71 30 268 30 132 30 
72 176 203 176 226 176 
73 225 176 225 34 225 
74 180 207 180 129 180 
75 33 106 33 209 33 
76 101 54 101 102 101 
77 185 9 185 184 185 
78 134 51 134 6 134 
79 272 253 272 246 272 
80 65 48 65 33 65 
81 236 265 236 269 236 
82 151 279 83 210 141 
83 31 274 31 115 31 
84 19 46 19 122 19 
85 198 136 198 240 198 
86 98 161 98 143 98 
87 102 205 102 111 102 
88 82 190 82 117 82 
89 79 98 79 152 79 
90 62 12 62 3 62 
91 122 66 122 164 38 
92 275 270 275 63 58 
93 105 105 105 131 105 
94 260 179 260 231 260 
95 40 125 40 44 40 
96 248 61 248 51 248 
97 204 204 204 49 204 
98 232 89 232 189 232 
99 141 276 78 61 153 
100 26 26 26 73 26 
101 118 93 118 62 118 
102 172 182 206 2 206 
103 15 269 15 18 15 
104 7 68 7 106 7 
105 135 249 99 92 164 
106 254 254 254 1 254 
107 133 21 133 36 133 
108 78 212 213 250 165 
109 100 74 100 154 100 
110 243 193 243 29 243 
111 147 158 147 27 147 
112 244 233 244 83 244 
113 23 186 23 258 23 
114 55 112 56 12 83 
115 191 7 191 162 191 
116 96 62 96 181 96 
117 1 81 1 272 1 
118 104 13 104 243 104 
119 86 214 86 256 86 
120 109 132 109 41 109 
121 44 173 44 119 44 
122 56 107 55 179 78 
123 161 241 161 157 161 
124 35 222 162 97 162 
125 43 191 43 60 43 
126 255 145 255 247 255 
127 13 104 13 222 13 
128 52 160 52 145 52 
129 132 156 132 165 132 
130 206 69 172 89 172 
131 162 172 35 136 35 
132 252 96 252 196 252 
133 113 232 113 82 113 
134 14 59 14 224 14 
135 153 220 123 218 181 
136 69 162 69 168 69 
137 208 196 208 4 208 
138 264 67 264 230 264 
139 187 115 187 173 187 
140 130 273 130 170 130 
141 21 40 21 241 21 
142 77 77 77 275 25 
143 148 230 148 225 148 
144 4 159 4 197 4 
145 72 231 72 84 72 
146 160 111 160 94 160 
147 42 189 42 38 5 
148 41 41 41 81 41 
149 182 266 182 149 182 
150 154 73 154 194 154 
151 152 34 152 193 152 
152 266 146 266 150 266 
153 168 23 168 96 168 
154 87 86 87 105 87 
155 136 202 136 187 136 
156 235 235 235 251 235 
157 277 18 277 59 277 
158 230 217 230 195 230 
159 92 91 92 21 92 
160 201 30 201 139 201 
161 257 216 257 244 257 
162 179 168 179 208 179 
163 125 133 125 227 125 
164 75 199 75 175 75 
165 163 260 163 110 163 
166 90 90 90 24 90 
167 262 262 262 239 262 
168 115 187 115 54 115 
169 263 263 263 172 263 
170 183 258 183 140 183 
171 193 244 193 10 193 
172 261 97 261 22 261 
173 258 163 258 17 258 
174 227 149 227 238 227 
175 37 243 37 113 37 
176 123 271 220 202 212 
177 170 164 279 266 213 
178 81 223 81 78 81 
179 138 234 138 116 138 
180 226 4 226 190 226 
181 149 277 149 216 149 
182 63 226 63 70 63 
183 94 94 94 264 94 
184 46 109 46 23 46 
185 93 101 93 261 93 
186 48 131 48 259 48 
187 228 197 228 201 228 
188 103 242 103 137 103 
189 3 122 3 95 3 
190 85 225 85 108 85 
191 229 210 229 118 229 
192 70 57 70 9 70 
193 210 237 210 67 210 
194 145 19 145 121 145 
195 36 22 36 77 36 
196 140 278 140 163 140 
197 73 147 73 271 73 
198 194 175 194 28 194 
199 196 29 196 166 196 
200 116 169 116 75 116 
201 45 118 45 198 45 
202 20 208 29 127 29 
203 66 185 66 158 66 
204 71 128 170 86 170 
205 214 267 214 98 214 
206 178 221 178 90 178 
207 76 116 76 232 76 
208 34 152 34 71 34 
209 60 121 60 19 60 
210 188 188 188 101 188 
211 16 33 16 255 84 
212 131 36 131 144 131 
213 273 130 273 134 273 
214 246 246 246 223 246 
215 157 64 157 35 157 
216 207 178 207 80 207 
217 200 200 200 161 200 
218 189 42 189 220 189 
219 184 198 184 40 184 
220 29 95 71 112 71 
221 159 255 159 236 159 
222 166 166 166 11 166 
223 217 148 217 228 217 
224 6 211 6 39 6 
225 57 8 57 155 57 
226 219 83 224 91 219 
227 213 20 129 32 220 
228 169 177 169 99 169 
229 186 250 186 53 186 
230 216 52 216 206 216 
231 68 43 68 68 68 
232 175 117 175 235 175 
233 8 70 8 128 8 
234 224 32 151 248 151 
235 142 82 142 20 142 
236 238 134 238 69 238 
237 181 44 47 257 47 
238 129 14 253 120 253 
239 249 224 135 31 224 
240 88 65 88 26 88 
241 167 17 167 253 167 
242 271 165 141 25 240 
243 120 209 120 174 120 
244 95 24 95 156 95 
245 89 170 89 178 89 
246 220 129 165 160 249 
247 108 108 108 16 108 
248 59 256 59 30 59 
249 128 37 128 74 128 
250 190 228 190 278 190 
251 171 272 32 141 32 
252 222 85 222 263 222 
253 250 183 250 169 250 
254 223 184 223 229 223 
255 126 126 126 148 126 
256 174 227 174 242 174 
257 119 119 119 50 119 
258 111 275 111 87 111 
259 10 138 10 8 10 
260 212 135 153 56 271 
261 12 31 12 58 12 
262 124 124 124 103 124 
263 106 72 106 126 106 
264 146 102 146 45 146 
265 278 143 278 138 278 
266 245 114 245 214 245 
267 279 25 164 85 276 
268 209 120 209 177 209 
269 127 113 127 205 127 
270 107 55 107 200 107 
271 221 171 221 147 221 
272 239 6 239 203 239 
273 276 240 212 276 279 
274 51 155 51 133 51 
275 237 229 237 64 237 
276 84 127 84 262 16 
277 110 110 110 79 110 
278 218 157 218 46 218 
279 97 140 97 279 97 
