***********************************
Experiment parameters:
Experiment results:
Permutations:
I U RANK QCV rand PATH 
1 267 247 1 47 82 
2 66 200 2 186 119 
3 60 252 3 180 149 
4 260 100 4 273 74 
5 223 211 5 176 235 
6 273 16 6 14 228 
7 153 185 7 135 98 
8 41 184 8 167 172 
9 173 99 9 267 25 
10 238 1 10 142 108 
11 147 3 11 234 128 
12 214 256 12 72 190 
13 169 109 13 245 81 
14 1 218 14 57 194 
15 31 5 15 66 204 
16 218 141 16 125 109 
17 102 214 17 207 47 
18 36 238 18 254 210 
19 56 6 19 171 234 
20 181 111 20 104 257 
21 58 167 21 5 146 
22 21 7 22 93 107 
23 164 165 23 65 171 
24 217 8 24 76 45 
25 114 11 25 15 114 
26 192 271 26 52 85 
27 81 107 27 151 121 
28 254 10 28 42 43 
29 165 2 29 185 230 
30 183 189 30 159 203 
31 232 217 31 274 166 
32 24 228 32 265 24 
33 205 177 33 100 14 
34 105 84 34 48 255 
35 168 4 35 217 208 
36 185 156 36 188 44 
37 130 85 37 107 63 
38 28 182 38 13 57 
39 242 212 39 55 216 
40 180 57 40 213 254 
41 83 140 41 199 68 
42 143 257 42 123 231 
43 277 151 43 221 100 
44 70 250 44 191 130 
45 240 259 45 153 269 
46 37 13 46 124 155 
47 140 241 47 183 17 
48 206 171 48 233 206 
49 167 231 49 204 258 
50 45 139 50 215 28 
51 135 155 51 237 185 
52 101 266 52 212 37 
53 25 89 53 37 201 
54 259 251 54 109 176 
55 69 170 55 7 11 
56 229 31 56 249 229 
57 13 62 57 219 276 
58 150 76 58 277 124 
59 239 197 59 43 95 
60 96 46 60 88 12 
61 35 242 61 130 54 
62 266 224 62 252 162 
63 210 178 63 182 170 
64 108 14 64 211 157 
65 22 195 65 268 186 
66 76 113 66 146 15 
67 231 193 67 270 265 
68 149 102 68 114 34 
69 49 18 69 260 91 
70 109 91 70 192 184 
71 17 142 71 132 142 
72 119 42 72 226 150 
73 75 221 73 34 106 
74 11 152 74 129 221 
75 90 130 75 209 77 
76 44 206 76 102 183 
77 177 80 77 184 253 
78 39 137 78 6 256 
79 89 260 79 246 233 
80 115 77 80 33 226 
81 203 229 81 269 31 
82 200 38 82 210 38 
83 221 160 83 115 117 
84 190 90 84 122 245 
85 61 118 85 240 188 
86 54 71 86 143 193 
87 73 65 87 111 3 
88 47 72 88 117 105 
89 145 56 89 152 36 
90 278 183 90 3 238 
91 182 213 91 164 213 
92 18 28 92 63 268 
93 146 47 93 131 251 
94 244 274 94 231 53 
95 279 222 95 44 144 
96 117 254 96 51 227 
97 154 26 97 49 148 
98 51 173 98 189 259 
99 139 161 99 61 154 
100 80 278 100 73 211 
101 261 269 101 62 16 
102 15 98 102 2 35 
103 38 276 103 18 59 
104 151 132 104 106 93 
105 128 117 105 92 152 
106 158 255 106 1 212 
107 50 192 107 36 115 
108 249 264 108 250 143 
109 123 73 109 154 33 
110 163 103 110 29 50 
111 189 81 111 27 80 
112 265 122 112 83 129 
113 100 194 113 258 62 
114 20 223 114 12 70 
115 111 147 115 162 246 
116 184 181 116 181 163 
117 138 138 117 272 263 
118 82 129 118 243 174 
119 263 235 119 256 67 
120 207 83 120 41 26 
121 104 234 121 119 151 
122 7 268 122 179 125 
123 110 119 123 157 200 
124 216 196 124 97 240 
125 52 136 125 60 66 
126 211 191 126 247 156 
127 33 12 127 222 46 
128 243 128 128 145 266 
129 186 240 129 165 145 
130 42 22 130 89 249 
131 10 96 131 136 261 
132 241 146 132 196 270 
133 87 54 133 82 199 
134 235 106 134 224 207 
135 253 187 135 218 187 
136 59 70 136 168 223 
137 142 239 137 4 160 
138 172 60 138 230 141 
139 97 190 139 173 218 
140 162 279 140 170 110 
141 199 64 141 241 64 
142 152 127 142 275 76 
143 4 198 143 225 262 
144 264 27 144 197 205 
145 248 153 145 84 239 
146 5 216 146 94 271 
147 64 180 147 38 180 
148 127 273 148 81 7 
149 220 149 149 149 252 
150 107 243 150 194 132 
151 99 78 151 193 147 
152 250 30 152 150 219 
153 269 203 153 96 277 
154 27 25 154 105 177 
155 227 201 155 187 89 
156 160 110 156 251 83 
157 93 227 157 59 182 
158 132 134 158 195 123 
159 129 202 159 21 27 
160 178 61 160 139 61 
161 255 220 161 244 274 
162 122 74 162 208 159 
163 134 66 163 227 189 
164 276 175 164 175 118 
165 78 112 165 110 10 
166 275 143 166 24 96 
167 8 108 167 239 97 
168 67 116 168 54 237 
169 29 163 169 172 140 
170 126 176 170 140 13 
171 136 133 171 10 247 
172 195 115 172 22 279 
173 222 144 173 17 92 
174 157 270 174 238 51 
175 19 162 175 113 99 
176 268 40 176 202 40 
177 16 29 177 266 209 
178 258 230 178 78 73 
179 228 263 179 116 250 
180 63 32 180 190 21 
181 251 131 181 216 20 
182 34 33 182 70 173 
183 208 87 183 264 122 
184 98 34 184 23 22 
185 225 92 185 261 167 
186 237 36 186 259 192 
187 236 37 187 201 220 
188 193 23 188 137 104 
189 224 188 189 95 112 
190 120 169 190 108 116 
191 95 233 191 118 19 
192 6 67 192 9 215 
193 246 125 193 67 139 
194 170 225 194 121 113 
195 71 43 195 77 225 
196 247 35 196 163 273 
197 156 93 197 271 243 
198 55 17 198 28 241 
199 65 205 199 166 94 
200 274 44 200 75 236 
201 212 45 201 198 86 
202 191 159 202 127 71 
203 245 39 203 158 90 
204 2 245 204 86 158 
205 72 48 205 98 179 
206 30 75 206 90 8 
207 57 154 207 232 60 
208 252 51 208 71 6 
209 270 209 209 19 55 
210 94 124 210 101 127 
211 161 69 211 255 69 
212 3 68 212 144 120 
213 92 101 213 134 2 
214 196 249 214 223 32 
215 53 105 215 35 39 
216 79 179 216 80 58 
217 46 79 217 161 244 
218 48 164 218 220 75 
219 230 261 219 40 101 
220 131 97 220 112 111 
221 233 41 221 236 103 
222 43 58 222 11 267 
223 124 186 223 228 30 
224 77 166 224 39 217 
225 204 59 225 155 79 
226 271 21 226 91 175 
227 215 199 227 32 136 
228 166 52 228 99 52 
229 118 53 229 53 4 
230 74 158 230 206 181 
231 12 258 231 68 196 
232 9 157 232 235 87 
233 133 88 233 128 102 
234 198 262 234 248 272 
235 234 237 235 20 169 
236 194 63 236 69 56 
237 26 86 237 257 165 
238 262 267 238 120 191 
239 197 121 239 31 214 
240 68 246 240 26 48 
241 175 174 241 253 72 
242 171 24 242 25 133 
243 14 114 243 174 202 
244 62 104 244 156 23 
245 209 265 245 178 65 
246 88 272 246 160 275 
247 121 168 247 16 135 
248 201 275 248 30 222 
249 116 95 249 74 224 
250 272 82 250 278 5 
251 256 120 251 141 198 
252 257 208 252 263 197 
253 40 148 253 169 242 
254 155 94 254 229 161 
255 219 253 255 148 178 
256 202 55 256 242 29 
257 176 49 257 50 49 
258 187 9 258 87 9 
259 174 50 259 8 126 
260 103 145 260 56 88 
261 159 135 261 58 78 
262 125 210 262 103 138 
263 112 150 263 126 42 
264 23 19 264 45 260 
265 141 236 265 138 264 
266 91 15 266 214 168 
267 32 204 267 85 1 
268 148 207 268 177 248 
269 85 219 269 205 195 
270 213 172 270 200 18 
271 84 277 271 147 278 
272 137 244 272 203 84 
273 179 232 273 276 232 
274 106 20 274 133 131 
275 113 215 275 64 164 
276 226 123 276 262 134 
277 188 248 277 79 153 
278 144 126 278 46 41 
279 86 226 279 279 137 
