***********************************
Experiment parameters:
Experiment results:
Permutations:
I U RANK QCV rand PATH 
1 248 210 12 47 12 
2 167 46 175 186 38 
3 22 275 22 180 42 
4 147 147 214 273 46 
5 232 203 232 176 232 
6 75 151 216 14 55 
7 231 266 231 135 231 
8 127 160 127 167 127 
9 255 8 255 267 255 
10 222 123 222 142 222 
11 76 187 76 234 76 
12 61 245 61 72 61 
13 113 100 113 245 113 
14 230 199 230 57 230 
15 66 48 128 66 66 
16 223 16 223 125 223 
17 79 137 79 207 79 
18 38 87 38 254 73 
19 74 67 74 171 74 
20 55 73 169 104 75 
21 123 271 123 5 123 
22 46 140 234 93 87 
23 95 26 95 65 95 
24 134 261 134 76 134 
25 235 108 235 15 235 
26 129 109 129 52 129 
27 271 86 271 151 271 
28 128 4 66 42 128 
29 23 17 23 185 23 
30 57 270 57 159 57 
31 162 115 162 274 162 
32 270 113 270 265 270 
33 174 164 174 100 174 
34 12 216 46 48 101 
35 163 39 163 217 163 
36 156 278 156 188 156 
37 3 129 3 107 3 
38 86 107 86 13 86 
39 182 21 182 55 182 
40 251 143 251 213 251 
41 195 58 195 199 195 
42 205 74 205 123 205 
43 211 183 211 221 211 
44 42 213 42 191 22 
45 221 263 221 153 221 
46 7 146 7 124 7 
47 108 232 108 183 108 
48 184 184 184 233 184 
49 87 38 228 204 140 
50 227 105 227 215 227 
51 31 142 31 237 31 
52 29 170 29 212 29 
53 143 93 143 37 143 
54 53 274 53 109 53 
55 32 196 32 7 32 
56 62 62 62 249 62 
57 93 228 55 219 147 
58 33 195 33 277 33 
59 30 7 30 43 30 
60 268 85 268 88 268 
61 144 22 144 130 144 
62 275 212 275 252 275 
63 199 217 199 182 199 
64 196 219 196 211 196 
65 88 40 88 268 88 
66 269 92 269 146 269 
67 122 47 122 270 122 
68 35 2 35 114 35 
69 73 214 210 260 151 
70 119 154 119 192 119 
71 170 162 170 132 170 
72 4 42 4 226 4 
73 94 241 94 34 94 
74 107 24 107 129 107 
75 188 35 188 209 188 
76 104 253 104 102 104 
77 40 207 40 184 40 
78 153 19 153 6 153 
79 258 79 258 246 258 
80 80 80 80 33 80 
81 150 60 150 269 150 
82 228 12 73 210 155 
83 96 96 96 115 96 
84 6 249 6 122 6 
85 207 65 207 240 207 
86 83 116 83 143 83 
87 263 56 263 111 263 
88 2 158 2 117 2 
89 138 81 138 152 138 
90 45 28 45 3 45 
91 84 226 84 164 84 
92 157 174 157 63 157 
93 105 197 105 131 105 
94 233 215 233 231 233 
95 149 139 149 44 149 
96 56 257 56 51 56 
97 252 252 252 49 252 
98 16 138 16 189 16 
99 101 75 87 61 159 
100 177 209 177 73 177 
101 253 99 253 62 253 
102 212 66 39 2 39 
103 112 168 112 18 112 
104 244 189 244 106 244 
105 169 198 259 92 161 
106 43 43 43 1 43 
107 132 125 132 36 132 
108 109 169 75 250 166 
109 85 52 85 154 85 
110 121 243 121 29 121 
111 24 23 24 27 24 
112 118 264 118 83 118 
113 215 220 215 258 215 
114 265 33 274 12 274 
115 267 244 267 162 267 
116 100 206 100 181 100 
117 180 76 180 272 180 
118 261 177 261 243 261 
119 179 145 179 256 179 
120 54 27 54 41 54 
121 245 29 245 119 245 
122 274 11 265 179 265 
123 102 268 102 157 102 
124 48 171 70 97 48 
125 165 98 165 60 165 
126 204 117 204 247 204 
127 176 111 176 222 176 
128 9 44 9 145 9 
129 89 54 89 165 89 
130 39 70 212 89 212 
131 70 94 48 136 70 
132 203 250 203 196 203 
133 133 237 133 82 133 
134 154 32 154 224 154 
135 161 175 247 218 169 
136 241 36 241 168 241 
137 49 173 49 4 49 
138 8 61 8 230 8 
139 172 200 172 173 172 
140 181 152 181 170 181 
141 139 132 139 241 139 
142 279 136 279 275 279 
143 145 211 145 225 145 
144 117 89 117 197 117 
145 160 231 160 84 160 
146 27 130 27 94 27 
147 239 254 239 38 239 
148 69 69 69 81 69 
149 51 97 51 149 51 
150 137 68 137 194 137 
151 63 186 63 193 63 
152 97 221 97 150 97 
153 141 124 141 96 141 
154 242 84 242 105 242 
155 238 238 238 187 238 
156 18 208 18 251 18 
157 47 50 47 59 47 
158 72 72 72 195 72 
159 256 260 256 21 256 
160 68 224 68 139 68 
161 111 134 111 244 111 
162 98 194 98 208 98 
163 125 149 125 227 125 
164 41 272 41 175 41 
165 220 236 220 110 220 
166 60 227 60 24 60 
167 225 225 225 239 225 
168 246 190 246 54 246 
169 1 1 1 172 1 
170 236 141 236 140 236 
171 81 133 81 10 81 
172 37 269 37 22 37 
173 124 233 124 17 124 
174 50 202 50 238 50 
175 15 118 15 113 15 
176 198 101 101 202 175 
177 151 248 248 266 198 
178 226 88 226 78 226 
179 91 91 91 116 91 
180 249 6 249 190 249 
181 202 131 202 216 202 
182 20 9 20 70 20 
183 183 106 183 264 183 
184 25 20 25 23 25 
185 34 104 34 261 34 
186 146 49 146 259 146 
187 201 59 201 201 201 
188 82 182 82 137 82 
189 276 78 276 95 276 
190 168 112 168 108 168 
191 266 188 266 118 266 
192 64 165 64 9 64 
193 243 102 243 67 243 
194 130 157 130 121 130 
195 21 30 21 77 21 
196 28 273 28 163 28 
197 224 10 224 271 224 
198 36 167 36 28 36 
199 277 41 277 166 277 
200 142 262 142 75 142 
201 206 31 206 198 206 
202 78 3 109 127 109 
203 26 95 26 158 26 
204 135 83 237 86 237 
205 65 148 65 98 65 
206 17 5 17 90 17 
207 19 185 19 232 19 
208 194 191 194 71 194 
209 126 120 126 19 126 
210 190 246 190 101 190 
211 14 127 240 255 240 
212 114 82 114 144 114 
213 152 181 152 134 152 
214 208 18 208 223 208 
215 120 34 120 35 120 
216 217 192 217 80 217 
217 136 279 136 161 136 
218 254 90 254 220 254 
219 237 242 78 40 78 
220 197 150 197 112 197 
221 44 25 44 236 44 
222 106 180 106 11 106 
223 148 276 148 228 148 
224 103 163 103 39 103 
225 189 63 189 155 189 
226 214 259 140 91 210 
227 219 161 198 32 214 
228 250 37 250 99 250 
229 218 267 218 53 218 
230 209 204 209 206 209 
231 191 64 191 68 191 
232 171 51 171 235 171 
233 186 71 186 128 186 
234 216 258 93 248 93 
235 158 201 158 20 158 
236 262 235 262 69 262 
237 192 119 192 257 192 
238 140 222 219 120 219 
239 210 55 147 31 216 
240 272 114 272 26 272 
241 10 135 10 253 10 
242 259 155 151 25 228 
243 77 193 77 174 77 
244 58 53 58 156 58 
245 52 205 52 178 52 
246 159 234 155 160 234 
247 90 239 90 16 90 
248 115 229 115 30 115 
249 178 178 178 74 178 
250 116 14 116 278 116 
251 175 230 135 141 135 
252 213 103 213 263 213 
253 71 218 71 169 71 
254 187 179 187 229 187 
255 13 13 13 148 13 
256 131 122 131 242 131 
257 229 251 229 50 229 
258 164 176 164 87 164 
259 173 277 173 8 173 
260 166 247 159 56 247 
261 185 45 185 58 185 
262 200 172 200 103 200 
263 110 15 110 126 110 
264 257 128 257 45 257 
265 273 126 273 138 273 
266 5 256 5 214 5 
267 247 166 161 85 248 
268 193 77 193 177 193 
269 264 223 264 205 264 
270 11 265 11 200 11 
271 260 255 260 147 260 
272 155 144 167 203 167 
273 234 159 166 276 259 
274 99 57 99 133 99 
275 67 110 67 64 67 
276 240 121 14 262 14 
277 59 240 59 79 59 
278 92 153 92 46 92 
279 278 156 278 279 278 
