***********************************
Experiment parameters:
Experiment results:
Permutations:
I U RANK QCV rand PATH 
1 195 69 194 47 22 
2 191 161 7 186 219 
3 21 223 142 180 21 
4 103 53 161 273 136 
5 43 43 43 176 43 
6 38 197 19 14 156 
7 79 239 79 135 79 
8 231 189 231 167 231 
9 217 247 217 267 217 
10 19 240 76 142 76 
11 203 222 203 234 203 
12 22 267 37 72 37 
13 207 212 207 245 207 
14 76 264 191 57 191 
15 173 127 173 66 173 
16 111 32 111 125 111 
17 51 241 51 207 51 
18 4 60 22 254 232 
19 137 153 137 171 137 
20 54 242 234 104 48 
21 94 129 94 5 94 
22 7 7 23 93 53 
23 158 177 158 65 158 
24 18 70 18 76 18 
25 159 183 159 15 159 
26 17 116 17 52 17 
27 114 77 114 151 114 
28 251 21 251 42 251 
29 264 31 264 185 264 
30 12 134 12 159 12 
31 90 188 90 274 90 
32 193 61 193 265 193 
33 97 254 97 100 97 
34 86 132 38 48 60 
35 223 160 223 217 223 
36 71 104 71 188 71 
37 27 145 27 107 27 
38 265 37 265 13 265 
39 25 25 25 55 25 
40 26 196 26 213 26 
41 164 1 164 199 164 
42 275 80 275 123 275 
43 20 6 20 221 20 
44 142 54 21 191 142 
45 224 63 224 153 224 
46 230 27 230 124 230 
47 61 73 61 183 61 
48 126 126 126 233 126 
49 69 48 242 204 69 
50 118 269 118 215 118 
51 175 110 175 237 175 
52 95 235 95 212 95 
53 83 261 83 37 83 
54 107 164 107 109 107 
55 188 273 188 7 188 
56 139 139 139 249 139 
57 132 195 48 219 78 
58 149 14 149 277 149 
59 116 162 116 43 116 
60 112 30 112 88 112 
61 270 270 270 130 270 
62 50 271 50 252 50 
63 147 26 147 182 147 
64 273 51 273 211 273 
65 262 11 262 268 262 
66 10 204 10 146 10 
67 13 186 13 270 13 
68 135 112 135 114 135 
69 53 256 53 260 86 
70 241 58 241 192 241 
71 227 66 227 132 227 
72 148 50 148 226 148 
73 192 142 192 34 192 
74 77 265 77 129 77 
75 200 135 200 209 200 
76 81 207 81 102 81 
77 243 20 243 184 243 
78 134 41 134 6 134 
79 255 68 255 246 255 
80 259 36 259 33 259 
81 253 149 253 269 253 
82 129 102 256 210 92 
83 183 87 183 115 183 
84 42 237 42 122 42 
85 11 250 11 240 11 
86 152 45 152 143 152 
87 122 148 122 111 122 
88 278 171 278 117 278 
89 279 100 279 152 279 
90 87 179 87 3 87 
91 156 34 156 164 23 
92 232 244 232 63 38 
93 172 172 172 131 172 
94 157 141 157 231 157 
95 15 233 15 44 15 
96 8 167 8 51 8 
97 199 199 199 49 199 
98 239 170 239 189 239 
99 92 202 60 61 102 
100 216 62 216 73 216 
101 73 131 73 62 73 
102 167 64 167 2 64 
103 160 251 160 18 160 
104 182 187 182 106 182 
105 60 92 195 92 103 
106 91 91 91 1 91 
107 16 15 16 36 16 
108 102 103 202 250 132 
109 153 55 153 154 153 
110 24 249 24 29 24 
111 247 95 247 27 247 
112 100 257 100 83 100 
113 128 229 128 258 128 
114 1 107 115 12 115 
115 124 123 124 162 124 
116 204 12 204 181 204 
117 130 156 130 272 130 
118 70 49 70 243 70 
119 250 205 250 256 250 
120 237 109 237 41 237 
121 93 146 93 119 93 
122 115 208 1 179 1 
123 74 275 74 157 74 
124 271 105 263 97 271 
125 52 266 52 60 52 
126 184 119 184 247 184 
127 46 216 46 222 46 
128 49 97 49 145 49 
129 244 151 244 165 244 
130 64 122 64 89 167 
131 263 173 271 136 263 
132 110 44 110 196 110 
133 2 210 2 82 2 
134 240 147 240 224 240 
135 78 194 69 218 143 
136 168 82 168 168 168 
137 145 3 145 4 145 
138 31 191 31 230 31 
139 113 140 113 173 113 
140 166 138 166 170 166 
141 274 16 274 241 274 
142 136 136 136 275 19 
143 225 163 225 225 225 
144 254 18 254 197 254 
145 228 231 228 84 228 
146 151 184 151 94 151 
147 219 272 219 38 7 
148 9 9 9 81 9 
149 105 224 105 149 105 
150 68 76 68 194 68 
151 187 182 187 193 187 
152 98 8 98 150 98 
153 65 157 65 96 65 
154 246 243 246 105 246 
155 209 225 209 187 209 
156 96 206 96 251 96 
157 268 268 268 59 268 
158 177 246 177 195 177 
159 133 4 133 21 133 
160 66 114 66 139 66 
161 62 99 62 244 62 
162 5 181 5 208 5 
163 233 274 233 227 233 
164 84 259 84 175 84 
165 120 128 120 110 120 
166 208 253 208 24 208 
167 236 236 236 239 236 
168 140 113 140 54 140 
169 206 75 206 172 206 
170 252 56 252 140 252 
171 189 137 189 10 189 
172 276 101 276 22 276 
173 56 252 56 17 56 
174 186 29 186 238 186 
175 201 211 201 113 201 
176 48 214 197 202 155 
177 143 155 78 266 161 
178 47 39 47 78 47 
179 35 121 35 116 35 
180 260 185 260 190 260 
181 238 13 238 216 238 
182 106 232 106 70 106 
183 34 57 34 264 34 
184 99 106 99 23 99 
185 28 108 28 261 28 
186 33 17 33 259 33 
187 210 74 210 201 210 
188 125 277 125 137 125 
189 163 130 163 95 163 
190 82 178 82 108 82 
191 211 278 211 118 211 
192 248 124 248 9 248 
193 59 279 59 67 59 
194 119 218 119 121 119 
195 121 213 121 77 121 
196 165 258 165 163 165 
197 58 255 58 271 58 
198 127 168 127 28 127 
199 3 84 3 166 3 
200 258 276 258 75 258 
201 131 28 131 198 131 
202 23 230 213 127 213 
203 39 154 39 158 39 
204 37 79 30 86 30 
205 222 47 222 98 222 
206 261 90 261 90 261 
207 72 71 72 232 72 
208 141 245 141 71 141 
209 67 175 67 19 67 
210 40 190 40 101 40 
211 32 2 32 255 80 
212 277 33 277 144 277 
213 138 166 138 134 138 
214 75 96 75 223 75 
215 212 10 212 35 212 
216 117 93 117 80 117 
217 176 176 176 161 176 
218 221 219 221 220 221 
219 205 158 205 40 205 
220 30 118 269 112 269 
221 218 46 218 236 218 
222 57 262 57 11 57 
223 154 203 154 228 154 
224 88 89 88 39 88 
225 245 52 245 155 245 
226 197 19 86 91 194 
227 194 78 214 32 195 
228 44 67 44 99 44 
229 181 248 181 53 181 
230 109 260 109 206 109 
231 123 120 123 68 123 
232 63 98 63 235 63 
233 229 65 229 128 229 
234 202 94 267 248 267 
235 257 152 257 20 257 
236 179 72 179 69 179 
237 161 133 129 257 129 
238 155 117 4 120 4 
239 267 143 103 31 197 
240 162 125 162 26 162 
241 150 83 150 253 150 
242 234 22 92 25 202 
243 144 226 144 174 144 
244 14 174 14 156 14 
245 220 24 220 178 220 
246 213 23 132 160 214 
247 272 221 272 16 272 
248 169 198 169 30 169 
249 249 215 249 74 249 
250 171 200 171 278 171 
251 269 150 146 141 146 
252 178 192 178 263 178 
253 266 5 266 169 266 
254 6 209 6 229 6 
255 85 85 85 148 85 
256 29 238 29 242 29 
257 198 217 198 50 198 
258 185 42 185 87 185 
259 36 35 36 8 36 
260 214 234 102 56 234 
261 41 165 41 58 41 
262 190 40 190 103 190 
263 55 220 55 126 55 
264 89 88 89 45 89 
265 104 193 104 138 104 
266 235 227 235 214 235 
267 242 38 143 85 242 
268 226 144 226 177 226 
269 170 201 170 205 170 
270 174 115 174 200 174 
271 196 169 196 147 196 
272 146 263 54 203 54 
273 256 86 155 276 256 
274 108 159 108 133 108 
275 45 228 45 64 45 
276 80 111 80 262 32 
277 215 59 215 79 215 
278 180 180 180 46 180 
279 101 81 101 279 101 
