***********************************
Experiment parameters:
Experiment results:
Permutations:
I U RANK QCV rand PATH 
1 173 24 127 47 127 
2 12 236 186 186 186 
3 114 119 233 180 233 
4 74 92 37 273 37 
5 122 239 71 176 67 
6 109 9 36 14 270 
7 9 172 200 135 200 
8 277 221 20 167 20 
9 214 120 120 267 120 
10 21 1 279 142 279 
11 62 51 211 234 211 
12 219 80 252 72 252 
13 266 274 128 245 128 
14 36 234 79 57 79 
15 154 3 193 66 193 
16 73 131 274 125 274 
17 192 214 224 207 224 
18 222 11 272 254 272 
19 80 261 181 171 71 
20 171 68 255 104 141 
21 161 143 80 5 80 
22 156 160 43 93 43 
23 140 164 213 65 213 
24 189 105 77 76 77 
25 103 129 44 15 44 
26 60 12 194 52 194 
27 27 259 258 151 258 
28 253 7 47 42 47 
29 65 173 145 185 24 
30 164 184 231 159 231 
31 269 233 119 274 119 
32 163 60 203 265 203 
33 229 50 254 100 254 
34 130 81 105 48 105 
35 187 177 83 217 165 
36 199 144 168 188 168 
37 261 96 136 107 136 
38 59 54 54 13 54 
39 137 247 132 55 52 
40 221 192 221 213 221 
41 197 216 49 199 137 
42 242 257 216 123 216 
43 33 138 202 221 202 
44 202 228 273 191 273 
45 211 245 85 153 85 
46 243 180 158 124 158 
47 233 100 100 183 100 
48 11 18 11 233 11 
49 107 21 169 204 169 
50 144 6 150 215 150 
51 44 275 96 237 96 
52 231 241 106 212 106 
53 102 276 117 37 117 
54 129 102 50 109 56 
55 72 8 66 7 66 
56 32 265 32 249 32 
57 75 238 38 219 38 
58 125 39 269 277 269 
59 162 185 124 43 124 
60 259 209 220 88 220 
61 209 148 86 130 86 
62 191 200 3 252 3 
63 63 237 162 182 162 
64 19 139 92 211 195 
65 244 22 178 268 178 
66 4 278 249 146 249 
67 41 168 29 270 29 
68 225 181 91 114 90 
69 185 135 154 260 154 
70 108 191 135 192 135 
71 194 113 113 132 113 
72 146 117 276 226 276 
73 43 2 46 34 46 
74 97 84 147 129 147 
75 153 273 164 209 164 
76 120 243 13 102 13 
77 85 5 175 184 175 
78 177 95 219 6 49 
79 1 208 102 246 102 
80 92 98 108 33 108 
81 58 25 25 269 25 
82 236 153 153 210 153 
83 198 156 253 115 253 
84 56 90 9 122 205 
85 105 111 27 240 27 
86 267 104 171 143 171 
87 273 52 187 111 187 
88 25 91 214 117 78 
89 53 17 141 152 94 
90 116 40 118 3 118 
91 252 182 87 164 87 
92 136 114 174 63 174 
93 237 115 170 131 170 
94 254 23 183 231 183 
95 34 124 34 44 34 
96 54 64 191 51 191 
97 110 161 198 49 198 
98 13 145 259 189 214 
99 132 44 244 61 244 
100 18 279 45 73 45 
101 251 126 271 62 271 
102 235 158 266 2 181 
103 26 121 62 18 62 
104 271 4 4 106 4 
105 175 147 84 92 84 
106 81 251 76 1 76 
107 29 193 157 36 157 
108 276 14 103 250 103 
109 123 71 88 154 172 
110 272 53 101 29 101 
111 35 15 42 27 42 
112 168 110 245 83 245 
113 45 188 41 258 41 
114 147 122 197 12 197 
115 8 130 223 162 223 
116 115 169 7 181 7 
117 40 118 40 272 40 
118 3 127 14 243 14 
119 239 262 239 256 239 
120 117 213 19 41 19 
121 157 252 185 119 185 
122 131 267 114 179 114 
123 87 10 236 157 236 
124 206 116 67 97 173 
125 234 86 159 60 159 
126 20 194 63 247 63 
127 101 220 209 222 209 
128 42 132 144 145 144 
129 210 258 251 165 251 
130 57 195 205 89 69 
131 23 67 165 136 207 
132 112 141 277 196 277 
133 48 134 217 82 217 
134 7 212 5 224 5 
135 228 196 196 218 196 
136 230 197 122 168 122 
137 270 42 15 4 15 
138 208 189 31 230 31 
139 118 186 23 173 23 
140 174 73 161 170 161 
141 5 69 90 241 28 
142 66 269 39 275 39 
143 17 205 172 225 9 
144 265 260 265 197 265 
145 119 163 163 84 163 
146 133 207 173 94 215 
147 249 70 70 38 70 
148 46 65 60 81 60 
149 142 16 16 149 16 
150 182 87 182 194 182 
151 89 217 130 193 130 
152 176 58 123 150 123 
153 138 85 250 96 250 
154 184 45 275 105 275 
155 275 19 226 187 226 
156 39 59 73 251 73 
157 100 176 192 59 192 
158 260 246 225 195 225 
159 111 253 156 21 156 
160 55 240 240 139 240 
161 240 146 261 244 261 
162 134 224 78 208 50 
163 16 63 8 227 8 
164 78 271 48 175 48 
165 37 103 12 110 12 
166 255 199 268 24 268 
167 121 27 121 239 121 
168 232 29 232 54 232 
169 218 157 115 172 115 
170 93 183 126 140 126 
171 256 125 107 10 107 
172 181 277 256 22 256 
173 247 149 10 17 10 
174 47 88 167 238 167 
175 169 99 139 113 83 
176 50 82 82 202 82 
177 257 174 72 266 72 
178 241 74 208 78 208 
179 79 13 228 116 228 
180 139 33 241 190 241 
181 258 242 237 216 237 
182 274 34 75 70 75 
183 51 83 234 264 234 
184 90 28 248 23 132 
185 170 48 68 261 68 
186 166 35 99 259 99 
187 152 36 111 201 111 
188 88 26 129 137 129 
189 160 37 17 95 17 
190 178 38 24 108 30 
191 96 75 94 118 81 
192 167 106 206 9 206 
193 226 150 267 67 267 
194 49 211 257 121 257 
195 216 41 74 77 74 
196 83 30 56 163 218 
197 77 97 97 271 97 
198 127 112 112 28 112 
199 155 32 131 166 131 
200 126 155 69 75 263 
201 38 43 263 198 139 
202 250 159 81 127 104 
203 180 215 51 158 51 
204 205 109 28 86 219 
205 24 47 142 98 142 
206 278 218 30 90 235 
207 213 46 189 232 189 
208 135 49 57 71 57 
209 15 72 6 19 6 
210 106 227 227 101 227 
211 69 151 151 255 151 
212 10 219 199 144 199 
213 113 256 278 134 278 
214 145 235 195 223 259 
215 76 248 61 35 248 
216 148 167 207 80 109 
217 124 76 146 161 146 
218 61 77 166 220 91 
219 215 137 52 40 35 
220 195 165 89 112 255 
221 22 179 179 236 179 
222 190 56 35 11 264 
223 84 178 22 228 22 
224 149 20 64 39 64 
225 263 57 149 155 149 
226 201 171 262 91 262 
227 159 93 134 32 134 
228 70 190 190 99 190 
229 31 187 188 53 188 
230 143 152 21 206 21 
231 95 78 264 68 89 
232 248 170 109 235 166 
233 30 254 95 128 92 
234 94 255 177 248 88 
235 141 89 18 20 18 
236 262 62 116 69 116 
237 67 61 137 257 177 
238 207 264 104 120 266 
239 200 268 65 31 65 
240 6 270 270 26 180 
241 98 162 184 253 184 
242 28 142 215 25 61 
243 227 31 260 174 260 
244 223 210 26 156 26 
245 14 263 160 178 160 
246 238 94 235 160 36 
247 68 223 55 16 55 
248 172 266 218 30 145 
249 52 222 222 74 222 
250 264 79 180 278 95 
251 128 107 247 141 247 
252 196 231 33 263 33 
253 165 55 155 169 155 
254 183 244 210 229 210 
255 151 175 242 148 242 
256 246 201 201 242 201 
257 82 204 204 50 204 
258 71 140 140 87 140 
259 179 101 53 8 53 
260 186 136 125 56 125 
261 99 198 148 58 148 
262 104 272 243 103 243 
263 268 226 59 126 59 
264 245 133 138 45 138 
265 217 202 238 138 238 
266 224 249 93 214 93 
267 64 206 143 85 143 
268 212 229 212 177 212 
269 188 123 58 205 58 
270 203 154 176 200 176 
271 193 232 1 147 1 
272 91 166 133 203 133 
273 86 203 152 276 152 
274 150 66 2 133 2 
275 220 250 110 64 110 
276 158 225 246 262 246 
277 279 128 229 79 229 
278 204 230 230 46 230 
279 2 108 98 279 98 
