***********************************
Experiment parameters:
Experiment results:
Permutations:
I U RANK QCV rand PATH 
1 270 125 182 47 182 
2 216 167 119 186 119 
3 107 279 39 180 39 
4 109 97 101 273 101 
5 108 226 162 176 243 
6 234 15 59 14 236 
7 124 141 21 135 21 
8 242 237 84 167 84 
9 27 103 121 267 103 
10 25 260 31 142 104 
11 52 2 77 234 107 
12 89 81 15 72 15 
13 113 161 19 245 19 
14 194 208 97 57 97 
15 4 3 12 66 176 
16 273 22 277 125 277 
17 97 198 221 207 221 
18 24 223 208 254 249 
19 188 4 268 171 263 
20 265 68 152 104 152 
21 118 145 263 5 106 
22 131 139 73 93 224 
23 269 148 3 65 89 
24 71 6 50 76 50 
25 179 72 203 15 203 
26 183 153 122 52 272 
27 275 101 49 151 49 
28 254 251 238 42 154 
29 61 123 48 185 250 
30 48 165 4 159 4 
31 232 184 66 274 66 
32 66 122 205 265 205 
33 198 180 13 100 32 
34 23 82 145 48 48 
35 190 149 96 217 208 
36 237 173 156 188 65 
37 274 83 179 107 98 
38 217 84 86 13 86 
39 88 171 190 55 183 
40 105 11 160 213 160 
41 178 12 154 199 100 
42 221 249 164 123 164 
43 248 136 139 221 47 
44 55 23 79 191 79 
45 181 238 155 153 155 
46 239 10 224 124 92 
47 104 215 215 183 215 
48 148 241 148 233 148 
49 180 18 33 204 251 
50 13 199 264 215 264 
51 152 142 133 237 133 
52 79 236 103 212 83 
53 207 213 259 37 259 
54 186 106 83 109 145 
55 63 36 240 7 240 
56 62 248 62 249 62 
57 22 242 102 219 37 
58 106 230 41 277 41 
59 196 188 172 43 172 
60 243 35 134 88 134 
61 70 90 105 130 105 
62 154 211 120 252 222 
63 208 65 129 182 129 
64 238 154 117 211 125 
65 31 138 261 268 261 
66 215 119 233 146 233 
67 164 182 8 270 8 
68 10 157 107 114 157 
69 83 197 245 260 245 
70 112 95 197 192 197 
71 226 5 5 132 5 
72 116 259 274 226 274 
73 256 113 110 34 110 
74 85 71 113 129 113 
75 247 79 151 209 151 
76 20 151 163 102 163 
77 12 220 266 184 266 
78 65 183 157 6 256 
79 94 262 136 246 136 
80 81 174 241 33 241 
81 259 114 111 269 111 
82 40 166 11 210 11 
83 168 219 88 115 88 
84 59 185 212 122 271 
85 39 155 131 240 131 
86 95 46 141 143 139 
87 26 55 210 111 210 
88 235 70 270 117 123 
89 224 17 276 152 75 
90 15 200 80 3 80 
91 49 252 218 164 218 
92 220 257 254 63 254 
93 76 243 47 131 175 
94 182 255 253 231 253 
95 223 162 14 44 14 
96 175 86 166 51 166 
97 255 246 1 49 1 
98 125 190 100 189 269 
99 192 128 114 61 114 
100 160 21 67 73 67 
101 128 256 158 62 158 
102 73 94 93 2 44 
103 144 276 222 18 211 
104 130 177 177 106 177 
105 86 277 71 92 71 
106 123 250 16 1 16 
107 2 202 2 36 2 
108 222 272 55 250 55 
109 28 152 109 154 141 
110 99 247 189 29 189 
111 173 99 40 27 40 
112 141 93 45 83 45 
113 21 175 91 258 91 
114 57 118 24 12 24 
115 200 1 115 162 115 
116 197 172 82 181 82 
117 193 80 193 272 193 
118 102 121 63 243 63 
119 202 263 202 256 202 
120 33 274 57 41 57 
121 231 244 175 119 28 
122 56 254 257 179 257 
123 156 33 167 157 167 
124 32 75 10 97 179 
125 233 38 176 60 135 
126 166 179 165 247 165 
127 96 134 35 222 35 
128 139 8 68 145 68 
129 263 234 46 165 46 
130 60 201 104 89 168 
131 29 92 185 136 93 
132 165 130 260 196 260 
133 115 227 246 82 246 
134 266 231 228 224 228 
135 169 20 20 218 20 
136 92 24 118 168 118 
137 82 240 112 4 112 
138 241 111 116 230 116 
139 150 176 236 173 29 
140 7 273 69 170 69 
141 91 31 232 241 31 
142 228 52 230 275 230 
143 137 104 229 225 109 
144 267 19 267 197 267 
145 158 228 231 84 231 
146 9 85 85 94 232 
147 53 225 225 38 225 
148 126 53 188 81 188 
149 272 39 279 149 279 
150 67 76 169 194 169 
151 46 156 144 193 144 
152 184 169 76 150 76 
153 133 47 106 96 130 
154 145 224 143 105 143 
155 146 265 213 187 213 
156 276 69 278 251 278 
157 278 160 6 59 95 
158 103 132 64 195 64 
159 159 88 99 21 99 
160 41 26 26 139 26 
161 162 25 65 244 77 
162 36 214 149 208 201 
163 72 63 244 227 244 
164 16 206 44 175 258 
165 122 9 200 110 200 
166 258 178 242 24 146 
167 127 27 81 239 235 
168 227 28 42 54 42 
169 1 168 130 172 87 
170 206 129 194 140 85 
171 114 30 153 10 81 
172 6 109 271 22 142 
173 170 107 180 17 13 
174 17 191 37 238 276 
175 120 102 209 113 242 
176 98 204 204 202 204 
177 204 192 147 266 147 
178 279 74 249 78 207 
179 54 163 23 116 23 
180 42 32 30 190 73 
181 38 266 220 216 220 
182 277 207 211 70 185 
183 171 158 207 264 51 
184 257 29 60 23 181 
185 249 91 251 261 33 
186 44 140 74 259 96 
187 80 210 75 201 58 
188 47 112 126 137 126 
189 151 37 78 95 6 
190 111 271 142 108 121 
191 195 120 256 118 53 
192 240 42 272 9 153 
193 218 264 192 67 192 
194 205 150 171 121 171 
195 251 108 273 77 162 
196 37 209 201 163 78 
197 225 218 252 271 252 
198 213 170 170 28 170 
199 30 216 9 166 217 
200 136 43 32 75 194 
201 35 44 56 198 94 
202 172 45 217 127 17 
203 185 212 43 158 43 
204 51 232 181 86 120 
205 191 49 243 98 180 
206 93 48 89 90 12 
207 100 116 216 232 216 
208 110 50 28 71 30 
209 64 147 199 19 199 
210 271 41 52 101 52 
211 261 239 239 255 239 
212 69 51 135 144 9 
213 245 98 27 134 3 
214 87 87 125 223 229 
215 84 235 123 35 178 
216 117 54 178 80 149 
217 8 77 150 161 150 
218 250 78 196 220 59 
219 201 258 29 40 268 
220 157 268 168 112 270 
221 18 189 186 236 186 
222 264 117 258 11 10 
223 253 62 248 228 248 
224 101 66 184 39 184 
225 155 58 275 155 122 
226 214 135 206 91 206 
227 74 124 227 32 227 
228 14 159 159 99 159 
229 189 133 18 53 102 
230 5 143 95 206 196 
231 43 13 53 68 117 
232 129 59 269 235 190 
233 167 61 235 128 212 
234 209 60 51 248 273 
235 135 96 250 20 18 
236 134 146 226 69 238 
237 212 269 92 257 56 
238 268 89 183 120 234 
239 199 14 108 31 108 
240 230 57 146 26 27 
241 149 253 262 253 262 
242 50 164 17 25 60 
243 203 267 128 174 128 
244 246 126 219 156 219 
245 140 275 255 178 255 
246 163 270 87 160 74 
247 142 115 38 16 38 
248 132 100 94 30 226 
249 68 67 98 74 209 
250 174 221 234 278 275 
251 211 229 70 141 70 
252 11 222 61 263 61 
253 147 144 58 169 156 
254 229 217 22 229 22 
255 45 203 72 148 72 
256 119 195 195 242 195 
257 34 34 34 50 34 
258 187 187 187 87 187 
259 77 7 247 8 247 
260 58 137 140 56 140 
261 19 233 90 58 90 
262 121 193 223 103 223 
263 138 278 265 126 265 
264 143 131 198 45 198 
265 153 205 137 138 137 
266 262 105 124 214 124 
267 78 181 54 85 54 
268 3 40 127 177 127 
269 176 261 138 205 138 
270 244 245 237 200 237 
271 161 16 214 147 214 
272 90 194 191 203 191 
273 260 196 25 276 25 
274 236 110 36 133 36 
275 252 56 173 64 173 
276 177 64 132 262 132 
277 210 127 161 79 161 
278 219 186 7 46 7 
279 75 73 174 279 174 
