***********************************
Experiment parameters:
Experiment results:
Permutations:
I U RANK QCV rand PATH 
1 245 222 8 47 8 
2 246 89 222 186 19 
3 187 13 223 180 223 
4 153 169 19 273 40 
5 149 158 149 176 149 
6 40 104 227 14 45 
7 4 210 4 135 4 
8 243 27 243 167 243 
9 85 150 85 267 85 
10 5 213 181 142 181 
11 229 221 229 234 229 
12 19 101 256 72 256 
13 224 155 224 245 224 
14 101 125 101 57 101 
15 72 266 228 66 72 
16 10 141 10 125 10 
17 54 164 54 207 54 
18 11 239 40 254 55 
19 171 248 171 171 171 
20 55 264 45 104 63 
21 125 152 125 5 125 
22 36 183 55 93 89 
23 29 30 29 65 29 
24 53 123 53 76 53 
25 247 109 247 15 247 
26 87 66 87 52 87 
27 52 167 52 151 52 
28 228 26 72 42 228 
29 151 180 151 185 151 
30 15 14 15 159 15 
31 192 110 192 274 192 
32 178 259 178 265 178 
33 186 17 186 100 186 
34 99 8 251 48 99 
35 100 187 100 217 100 
36 147 162 147 188 147 
37 82 41 82 107 82 
38 49 192 49 13 49 
39 237 185 237 55 237 
40 122 85 122 213 122 
41 157 271 157 199 157 
42 190 255 190 123 190 
43 216 161 216 221 216 
44 223 194 187 191 187 
45 262 262 262 153 262 
46 193 238 193 124 193 
47 201 116 201 183 201 
48 50 50 50 233 50 
49 183 40 232 204 104 
50 131 131 131 215 131 
51 252 178 252 237 252 
52 150 206 150 212 150 
53 35 205 35 37 35 
54 241 38 241 109 241 
55 206 2 206 7 206 
56 211 211 211 249 211 
57 118 118 245 219 118 
58 31 207 31 277 31 
59 218 269 218 43 218 
60 248 79 248 88 248 
61 94 121 94 130 94 
62 148 202 148 252 148 
63 110 5 110 182 110 
64 18 242 18 211 18 
65 220 209 220 268 220 
66 67 224 67 146 67 
67 128 117 128 270 128 
68 79 129 79 114 79 
69 8 240 89 260 137 
70 164 244 164 192 164 
71 2 256 2 132 2 
72 62 34 62 226 62 
73 277 177 277 34 277 
74 205 153 205 129 205 
75 16 171 16 209 16 
76 14 106 14 102 14 
77 221 216 221 184 221 
78 1 105 1 6 1 
79 57 151 57 246 57 
80 75 75 75 33 75 
81 195 36 195 269 195 
82 89 251 63 210 169 
83 184 247 184 115 184 
84 132 272 132 122 132 
85 209 74 209 240 209 
86 166 12 166 143 166 
87 203 203 203 111 203 
88 170 179 170 117 170 
89 77 73 77 152 77 
90 24 146 24 3 24 
91 135 230 135 164 135 
92 140 43 140 63 140 
93 59 78 59 131 59 
94 163 114 163 231 163 
95 69 250 69 44 69 
96 13 62 13 51 13 
97 76 76 76 49 76 
98 210 191 210 189 210 
99 137 188 240 61 183 
100 43 270 43 73 43 
101 138 252 138 62 138 
102 177 68 61 2 61 
103 91 253 91 18 91 
104 278 107 278 106 278 
105 63 227 99 92 188 
106 267 267 267 1 267 
107 268 47 268 36 268 
108 45 63 246 250 199 
109 129 215 129 154 129 
110 198 145 198 29 198 
111 244 175 244 27 244 
112 27 261 27 83 27 
113 88 168 88 258 88 
114 38 59 78 12 78 
115 60 80 60 162 60 
116 155 149 155 181 155 
117 133 29 133 272 133 
118 70 276 70 243 70 
119 263 263 263 256 263 
120 272 93 272 41 272 
121 58 52 58 119 58 
122 78 56 38 179 38 
123 124 64 124 157 124 
124 68 204 202 97 68 
125 71 88 71 60 71 
126 276 53 276 247 276 
127 156 143 156 222 156 
128 235 132 235 145 235 
129 86 154 86 165 86 
130 61 148 177 89 177 
131 202 277 68 136 202 
132 32 201 32 196 32 
133 165 16 165 82 165 
134 189 54 189 224 189 
135 104 55 118 218 212 
136 219 72 219 168 219 
137 33 193 33 4 33 
138 208 57 208 230 208 
139 112 25 112 173 112 
140 98 28 98 170 98 
141 250 69 250 241 250 
142 126 46 126 275 126 
143 42 229 42 225 42 
144 93 156 93 197 93 
145 12 243 12 84 12 
146 17 70 17 94 17 
147 39 160 39 38 39 
148 176 176 176 81 176 
149 204 7 204 149 204 
150 213 58 213 194 213 
151 142 37 142 193 142 
152 7 228 7 150 7 
153 168 3 168 96 168 
154 90 133 90 105 90 
155 214 279 214 187 214 
156 249 249 249 251 249 
157 117 254 117 59 117 
158 279 274 279 195 279 
159 234 84 234 21 234 
160 175 49 175 139 175 
161 217 140 217 244 217 
162 273 113 273 208 273 
163 47 268 47 227 47 
164 119 134 119 175 119 
165 113 136 113 110 113 
166 271 241 271 24 271 
167 21 21 21 239 21 
168 231 48 231 54 231 
169 127 9 127 172 127 
170 173 95 173 140 173 
171 215 170 215 10 215 
172 257 81 257 22 257 
173 260 260 260 17 260 
174 275 128 275 238 275 
175 255 225 255 113 255 
176 169 45 137 202 222 
177 222 245 169 266 227 
178 115 103 115 78 115 
179 185 218 185 116 185 
180 51 86 51 190 51 
181 44 275 44 216 44 
182 270 235 270 70 270 
183 274 135 274 264 274 
184 265 172 265 23 265 
185 81 120 81 261 81 
186 258 33 258 259 258 
187 145 166 145 201 145 
188 238 87 238 137 238 
189 74 214 74 95 74 
190 266 223 266 108 266 
191 141 77 141 118 141 
192 136 60 136 9 136 
193 73 190 73 67 73 
194 172 186 172 121 172 
195 269 258 269 77 269 
196 120 138 120 163 120 
197 242 189 242 271 242 
198 194 61 194 28 194 
199 134 237 134 166 134 
200 105 197 105 75 105 
201 106 32 106 198 106 
202 41 119 41 127 41 
203 103 90 103 158 103 
204 256 83 65 86 65 
205 230 115 230 98 230 
206 84 11 84 90 84 
207 158 147 158 232 158 
208 80 273 80 71 80 
209 226 144 226 19 226 
210 48 112 48 101 48 
211 6 165 64 255 64 
212 102 82 102 144 102 
213 28 98 28 134 28 
214 9 127 9 223 9 
215 116 24 116 35 116 
216 236 181 236 80 236 
217 46 126 46 161 46 
218 22 22 22 220 22 
219 181 139 30 40 30 
220 30 195 36 112 36 
221 143 265 143 236 143 
222 139 159 139 11 139 
223 159 220 159 228 159 
224 121 219 121 39 121 
225 114 278 114 155 114 
226 188 19 183 91 232 
227 227 232 104 32 233 
228 162 257 162 99 162 
229 95 142 95 53 95 
230 123 217 123 206 123 
231 107 71 107 68 107 
232 34 94 34 235 34 
233 37 173 37 128 37 
234 212 196 5 248 5 
235 130 65 130 20 130 
236 146 67 146 69 146 
237 232 208 153 257 153 
238 65 23 11 120 11 
239 240 246 233 31 239 
240 182 102 182 26 182 
241 167 234 167 253 167 
242 251 137 188 25 240 
243 108 97 108 174 108 
244 56 157 56 156 56 
245 174 4 174 178 174 
246 199 99 264 160 245 
247 160 39 160 16 160 
248 196 96 196 30 196 
249 200 130 200 74 200 
250 179 198 179 278 179 
251 152 18 152 141 152 
252 26 91 26 263 26 
253 3 163 3 169 3 
254 161 42 161 229 161 
255 111 111 111 148 111 
256 254 44 254 242 254 
257 23 35 23 50 23 
258 154 51 154 87 154 
259 66 182 66 8 66 
260 233 233 199 56 246 
261 259 1 259 58 259 
262 25 231 25 103 25 
263 225 6 225 126 225 
264 92 92 92 45 92 
265 20 20 20 138 20 
266 96 236 96 214 96 
267 264 212 212 85 251 
268 97 108 97 177 97 
269 261 10 261 205 261 
270 207 31 207 200 207 
271 180 122 180 147 180 
272 253 100 253 203 253 
273 239 199 239 276 264 
274 109 184 109 133 109 
275 191 200 191 64 191 
276 64 124 6 262 6 
277 83 174 83 79 83 
278 197 15 197 46 197 
279 144 226 144 279 144 
