***********************************
Experiment parameters:
Experiment results:
Permutations:
I U RANK QCV rand PATH 
1 265 131 1 47 1 
2 110 112 2 186 256 
3 223 259 3 180 236 
4 39 93 4 273 191 
5 132 220 5 176 137 
6 70 13 6 14 136 
7 197 175 7 135 237 
8 31 56 8 167 157 
9 21 101 9 267 273 
10 210 1 10 142 32 
11 224 2 11 234 185 
12 91 232 12 72 8 
13 41 28 13 245 194 
14 239 191 14 57 205 
15 262 107 15 66 227 
16 213 126 16 125 143 
17 128 200 17 207 171 
18 221 127 18 254 204 
19 170 202 19 171 86 
20 103 67 20 104 220 
21 54 152 21 5 133 
22 78 5 22 93 233 
23 121 159 23 65 123 
24 219 228 24 76 57 
25 140 27 25 15 110 
26 244 86 26 52 113 
27 133 98 27 151 60 
28 57 7 28 42 30 
29 119 100 29 185 142 
30 71 179 30 159 193 
31 118 132 31 274 253 
32 220 137 32 265 219 
33 163 186 33 100 224 
34 108 81 34 48 90 
35 18 154 35 217 187 
36 46 145 36 188 216 
37 12 247 37 107 277 
38 277 66 38 13 202 
39 156 180 39 55 215 
40 172 278 40 213 38 
41 88 11 41 199 238 
42 64 241 42 123 189 
43 134 144 43 221 239 
44 76 95 44 191 118 
45 79 201 45 153 98 
46 80 82 46 124 180 
47 195 253 47 183 255 
48 260 50 48 233 39 
49 187 262 49 204 53 
50 193 178 50 215 175 
51 60 163 51 237 85 
52 214 223 52 212 265 
53 34 136 53 37 67 
54 208 105 54 109 245 
55 256 42 55 7 177 
56 203 120 56 249 127 
57 62 193 57 219 46 
58 113 3 58 277 10 
59 143 185 59 43 37 
60 75 84 60 88 14 
61 68 14 61 130 167 
62 167 219 62 252 252 
63 26 274 63 182 114 
64 218 170 64 211 249 
65 174 271 65 268 154 
66 129 4 66 146 71 
67 155 165 67 270 241 
68 29 128 68 114 247 
69 176 206 69 260 183 
70 7 244 70 192 6 
71 48 255 71 132 69 
72 215 181 72 226 138 
73 166 231 73 34 166 
74 209 21 74 129 18 
75 125 233 75 209 147 
76 144 184 76 102 264 
77 40 71 77 184 21 
78 182 197 78 6 251 
79 227 221 79 246 272 
80 147 264 80 33 22 
81 51 146 81 269 207 
82 168 8 82 210 206 
83 30 213 83 115 134 
84 52 199 84 122 203 
85 89 222 85 240 11 
86 24 68 86 143 226 
87 233 55 87 111 121 
88 44 69 88 117 146 
89 255 268 89 152 96 
90 20 20 90 3 88 
91 94 254 91 164 225 
92 13 34 92 63 210 
93 192 237 93 131 24 
94 45 266 94 231 279 
95 229 125 95 44 262 
96 231 177 96 51 179 
97 98 140 97 49 149 
98 184 111 98 189 40 
99 122 203 99 61 115 
100 161 33 100 73 228 
101 263 117 101 62 78 
102 61 218 102 2 72 
103 82 275 103 18 31 
104 206 267 104 106 17 
105 238 209 105 92 83 
106 127 242 106 1 248 
107 104 190 107 36 258 
108 159 9 108 250 168 
109 93 226 109 154 3 
110 157 246 110 29 165 
111 151 99 111 27 140 
112 107 89 112 83 221 
113 261 279 113 258 122 
114 124 234 114 12 275 
115 253 17 115 162 100 
116 198 164 116 181 201 
117 95 70 117 272 73 
118 212 45 118 243 36 
119 84 210 119 256 50 
120 205 161 120 41 164 
121 73 224 121 119 33 
122 56 212 122 179 84 
123 278 135 123 157 186 
124 138 182 124 97 209 
125 86 18 125 60 132 
126 191 176 126 247 93 
127 207 114 127 222 217 
128 10 51 128 145 188 
129 217 249 129 165 112 
130 47 83 130 89 178 
131 35 225 131 136 54 
132 150 141 132 196 13 
133 275 35 133 82 269 
134 181 207 134 224 28 
135 237 130 135 218 223 
136 153 195 136 168 101 
137 115 139 137 4 23 
138 177 157 138 230 27 
139 22 19 139 173 120 
140 136 270 140 170 103 
141 249 174 141 241 276 
142 196 243 142 275 257 
143 5 96 143 225 254 
144 149 87 144 197 126 
145 250 166 145 84 271 
146 116 106 146 94 77 
147 139 215 147 38 197 
148 173 269 148 81 109 
149 189 30 149 149 108 
150 15 188 150 194 82 
151 251 229 151 193 47 
152 267 260 152 150 55 
153 117 155 153 96 16 
154 232 273 154 105 144 
155 114 248 155 187 56 
156 96 118 156 251 148 
157 85 24 157 59 182 
158 11 78 158 195 199 
159 126 142 159 21 34 
160 234 129 160 139 235 
161 225 25 161 244 181 
162 6 258 162 208 130 
163 69 60 163 227 2 
164 53 72 164 175 150 
165 152 103 165 110 151 
166 276 122 166 24 214 
167 27 158 167 239 244 
168 50 156 168 54 79 
169 158 168 169 172 45 
170 180 48 170 140 170 
171 36 148 171 10 49 
172 81 119 172 22 25 
173 65 133 173 17 155 
174 202 90 174 238 52 
175 200 160 175 113 87 
176 188 80 176 202 94 
177 66 150 177 266 222 
178 201 73 178 78 278 
179 162 115 179 116 200 
180 9 31 180 190 246 
181 146 263 181 216 131 
182 266 32 182 70 234 
183 111 85 183 264 58 
184 269 235 184 23 211 
185 211 169 185 261 92 
186 145 236 186 259 268 
187 105 16 187 201 19 
188 246 23 188 137 192 
189 179 36 189 95 105 
190 272 37 190 108 198 
191 77 74 191 118 240 
192 120 52 192 9 176 
193 185 198 193 67 212 
194 240 102 194 121 260 
195 169 41 195 77 119 
196 2 39 196 163 208 
197 123 94 197 271 43 
198 87 134 198 28 117 
199 1 250 199 166 61 
200 226 205 200 75 153 
201 190 43 201 198 169 
202 247 113 202 127 231 
203 106 238 203 158 4 
204 42 46 204 86 26 
205 165 47 205 98 5 
206 230 239 206 90 66 
207 137 217 207 232 111 
208 112 211 208 71 190 
209 43 29 209 19 162 
210 242 167 210 101 116 
211 141 251 211 255 152 
212 171 116 212 144 125 
213 83 124 213 134 65 
214 228 245 214 223 99 
215 92 252 215 35 104 
216 135 54 216 80 68 
217 102 76 217 161 242 
218 271 77 218 220 270 
219 199 53 219 40 107 
220 186 257 220 112 7 
221 99 40 221 236 266 
222 154 92 222 11 213 
223 259 196 223 228 74 
224 194 10 224 39 76 
225 55 57 225 155 89 
226 67 173 226 91 156 
227 14 187 227 32 35 
228 74 65 228 99 41 
229 270 15 229 53 135 
230 175 153 230 206 15 
231 100 110 231 68 232 
232 32 58 232 235 195 
233 160 59 233 128 129 
234 235 265 234 248 172 
235 59 91 235 20 91 
236 16 63 236 69 44 
237 245 61 237 257 95 
238 257 62 238 120 174 
239 273 151 239 31 159 
240 279 109 240 26 184 
241 33 149 241 253 160 
242 25 240 242 25 243 
243 264 272 243 174 42 
244 216 261 244 156 128 
245 72 256 245 178 106 
246 131 276 246 160 229 
247 8 49 247 16 48 
248 28 75 248 30 158 
249 204 189 249 74 70 
250 252 277 250 278 29 
251 268 22 251 141 80 
252 23 208 252 263 9 
253 236 79 253 169 173 
254 37 171 254 229 75 
255 97 192 255 148 62 
256 183 162 256 242 274 
257 258 230 257 50 259 
258 3 108 258 87 59 
259 58 104 259 8 81 
260 164 138 260 56 97 
261 101 123 261 58 161 
262 142 38 262 103 230 
263 248 121 263 126 263 
264 17 172 264 45 163 
265 63 204 265 138 102 
266 90 6 266 214 196 
267 109 194 267 85 124 
268 241 97 268 177 139 
269 274 26 269 205 12 
270 130 143 270 200 218 
271 148 216 271 147 145 
272 19 147 272 203 267 
273 38 64 273 276 63 
274 243 183 274 133 261 
275 49 214 275 64 64 
276 254 44 276 262 51 
277 222 12 277 79 250 
278 178 88 278 46 20 
279 4 227 279 279 141 
