***********************************
Experiment parameters:
Experiment results:
Permutations:
I U RANK QCV rand PATH 
1 223 129 1 47 237 
2 3 118 2 186 111 
3 133 161 3 180 105 
4 265 158 4 273 85 
5 273 228 5 176 31 
6 187 275 6 14 191 
7 116 181 7 135 186 
8 5 22 8 167 160 
9 65 98 9 267 197 
10 243 208 10 142 162 
11 241 3 11 234 129 
12 181 80 12 72 257 
13 74 37 13 245 263 
14 78 207 14 57 83 
15 267 149 15 66 44 
16 114 4 16 125 222 
17 166 232 17 207 151 
18 110 235 18 254 224 
19 214 271 19 171 205 
20 71 164 20 104 244 
21 232 261 21 5 170 
22 202 10 22 93 200 
23 19 153 23 65 16 
24 86 212 24 76 216 
25 248 133 25 15 49 
26 10 84 26 52 166 
27 35 95 27 151 155 
28 16 23 28 42 90 
29 89 1 29 185 5 
30 43 195 30 159 272 
31 7 190 31 274 161 
32 39 134 32 265 75 
33 145 177 33 100 6 
34 131 81 34 48 214 
35 113 5 35 217 172 
36 56 147 36 188 77 
37 93 82 37 107 163 
38 158 43 38 13 42 
39 11 13 39 55 21 
40 263 42 40 213 43 
41 23 14 41 199 248 
42 28 247 42 123 164 
43 211 245 43 221 183 
44 69 259 44 191 154 
45 121 258 45 153 239 
46 64 6 46 124 137 
47 61 156 47 183 210 
48 235 224 48 233 235 
49 81 15 49 204 173 
50 261 12 50 215 125 
51 12 279 51 237 82 
52 236 241 52 212 60 
53 102 18 53 37 25 
54 37 103 54 109 178 
55 31 116 55 7 101 
56 79 41 56 249 79 
57 120 60 57 219 36 
58 242 7 58 277 39 
59 191 198 59 43 40 
60 152 184 60 88 268 
61 182 148 61 130 46 
62 203 193 62 252 242 
63 185 124 63 182 27 
64 188 8 64 211 80 
65 217 100 65 268 274 
66 174 202 66 146 104 
67 229 183 67 270 33 
68 46 9 68 114 112 
69 60 114 69 260 114 
70 189 102 70 192 97 
71 8 105 71 132 190 
72 240 127 72 226 18 
73 156 157 73 34 24 
74 4 24 74 129 157 
75 176 16 75 209 259 
76 24 146 76 102 48 
77 170 174 77 184 37 
78 44 167 78 6 193 
79 196 253 79 246 217 
80 15 152 80 33 209 
81 67 159 81 269 233 
82 257 71 82 210 71 
83 27 92 83 115 185 
84 260 141 84 122 29 
85 55 239 85 240 35 
86 66 68 86 143 107 
87 134 52 87 111 134 
88 186 69 88 117 1 
89 47 17 89 152 232 
90 53 48 90 3 152 
91 169 34 91 164 145 
92 72 125 92 63 269 
93 126 260 93 131 38 
94 146 270 94 231 192 
95 277 200 95 44 231 
96 62 46 96 51 102 
97 70 2 97 49 26 
98 228 165 98 189 180 
99 130 222 99 61 4 
100 262 276 100 73 87 
101 218 242 101 62 66 
102 17 73 102 2 143 
103 22 128 103 18 275 
104 266 145 104 106 169 
105 154 185 105 92 67 
106 250 248 106 1 117 
107 20 201 107 36 98 
108 77 272 108 250 212 
109 264 213 109 154 103 
110 141 139 110 29 123 
111 49 263 111 27 174 
112 41 87 112 83 179 
113 147 191 113 258 15 
114 155 220 114 12 32 
115 219 96 115 162 140 
116 194 173 116 181 258 
117 221 135 117 272 70 
118 195 107 118 243 247 
119 224 216 119 256 23 
120 249 26 120 41 11 
121 87 231 121 119 147 
122 138 269 122 179 194 
123 157 111 123 157 118 
124 45 256 124 97 14 
125 108 277 125 60 108 
126 259 189 126 247 213 
127 123 268 127 222 184 
128 148 117 128 145 69 
129 209 227 129 165 262 
130 153 21 130 89 251 
131 32 132 131 136 158 
132 29 131 132 196 95 
133 98 226 133 82 254 
134 183 221 134 224 133 
135 50 142 135 218 142 
136 58 32 136 168 220 
137 107 144 137 4 41 
138 164 54 138 230 61 
139 132 197 139 173 57 
140 101 246 140 170 2 
141 80 236 141 241 236 
142 204 39 142 275 7 
143 216 172 143 225 149 
144 82 55 144 197 229 
145 199 240 145 84 218 
146 200 115 146 94 113 
147 96 266 147 38 266 
148 122 252 148 81 10 
149 233 56 149 149 56 
150 269 169 150 194 204 
151 210 254 151 193 277 
152 129 119 152 150 176 
153 270 85 153 96 225 
154 54 264 154 105 271 
155 205 11 155 187 203 
156 95 25 156 251 96 
157 118 122 157 59 99 
158 127 138 158 195 267 
159 125 219 159 21 92 
160 178 19 160 139 19 
161 88 237 161 244 171 
162 171 182 162 208 109 
163 105 63 163 227 211 
164 177 187 164 175 273 
165 172 188 165 110 91 
166 275 262 166 24 215 
167 115 106 167 239 81 
168 246 88 168 54 253 
169 184 171 169 172 198 
170 149 33 170 140 84 
171 253 29 171 10 94 
172 276 170 172 22 208 
173 193 30 173 17 52 
174 207 90 174 238 126 
175 106 273 175 113 106 
176 268 64 176 202 64 
177 111 210 177 266 156 
178 168 74 178 78 227 
179 180 209 179 116 135 
180 14 31 180 190 188 
181 75 27 181 216 59 
182 33 126 182 70 279 
183 91 83 183 264 3 
184 274 186 184 23 8 
185 225 223 185 261 168 
186 90 50 186 259 121 
187 68 35 187 201 201 
188 230 67 188 137 144 
189 124 36 189 95 276 
190 18 163 190 108 182 
191 140 75 191 118 196 
192 63 38 192 9 260 
193 163 194 193 67 130 
194 112 215 194 121 177 
195 160 40 195 77 63 
196 36 120 196 163 115 
197 179 204 197 271 34 
198 136 86 198 28 86 
199 144 229 199 166 159 
200 85 175 200 75 51 
201 173 180 201 198 245 
202 40 192 202 127 265 
203 143 44 203 158 62 
204 57 45 204 86 120 
205 83 47 205 98 207 
206 1 143 206 90 9 
207 59 49 207 232 55 
208 192 51 208 71 246 
209 21 130 209 19 12 
210 271 136 210 101 136 
211 161 28 211 255 28 
212 13 206 212 144 189 
213 128 93 213 134 167 
214 252 234 214 223 187 
215 137 238 215 35 45 
216 84 94 216 80 206 
217 222 76 217 161 261 
218 94 77 218 220 175 
219 238 109 219 40 234 
220 234 112 220 112 58 
221 76 72 221 236 139 
222 208 113 222 11 141 
223 167 274 223 228 100 
224 135 160 224 39 122 
225 162 57 225 155 50 
226 38 179 226 91 228 
227 34 108 227 32 199 
228 97 53 228 99 53 
229 198 250 229 53 250 
230 213 151 230 206 68 
231 30 78 231 68 256 
232 279 58 232 235 181 
233 151 211 233 128 270 
234 48 249 234 248 13 
235 197 91 235 20 76 
236 206 121 236 69 223 
237 227 62 237 257 165 
238 251 251 238 120 238 
239 244 110 239 31 88 
240 100 140 240 26 73 
241 215 168 241 253 74 
242 175 243 242 25 132 
243 99 61 243 174 54 
244 104 233 244 156 240 
245 237 265 245 178 128 
246 226 89 246 160 89 
247 190 65 247 16 226 
248 231 162 248 30 249 
249 25 66 249 74 252 
250 256 155 250 278 131 
251 255 244 251 141 47 
252 139 217 252 263 78 
253 73 97 253 169 148 
254 26 79 254 229 219 
255 92 101 255 148 116 
256 6 20 256 242 20 
257 245 278 257 50 278 
258 150 150 258 87 150 
259 42 123 259 8 230 
260 247 137 260 56 195 
261 239 104 261 58 202 
262 254 70 262 103 146 
263 52 203 263 126 127 
264 220 178 264 45 110 
265 258 205 265 138 17 
266 51 199 266 214 65 
267 212 214 267 85 30 
268 117 255 268 177 221 
269 119 176 269 205 119 
270 142 99 270 200 22 
271 159 257 271 147 93 
272 109 166 272 203 243 
273 2 196 273 276 264 
274 272 59 274 133 124 
275 103 225 275 64 241 
276 278 267 276 262 138 
277 9 218 277 79 255 
278 201 230 278 46 72 
279 165 154 279 279 153 
