***********************************
Experiment parameters:
Experiment results:
Permutations:
I U RANK QCV rand PATH 
1 265 75 252 47 4 
2 267 134 4 186 7 
3 52 224 215 180 52 
4 75 267 7 273 15 
5 19 233 19 176 19 
6 4 4 227 14 44 
7 161 244 161 135 161 
8 193 258 193 167 193 
9 264 184 264 267 264 
10 12 116 12 142 12 
11 40 124 40 234 40 
12 126 188 126 72 126 
13 96 64 96 245 96 
14 21 218 21 57 21 
15 224 5 231 66 224 
16 117 29 117 125 117 
17 188 222 188 207 188 
18 7 141 15 254 46 
19 1 260 1 171 1 
20 46 57 186 104 49 
21 95 251 95 5 95 
22 85 7 164 93 57 
23 136 17 136 65 136 
24 180 102 180 76 180 
25 228 192 228 15 228 
26 162 162 162 52 162 
27 8 125 8 151 8 
28 231 13 224 42 231 
29 80 95 80 185 80 
30 233 137 233 159 233 
31 201 80 201 274 201 
32 174 45 174 265 174 
33 113 81 113 100 113 
34 49 76 44 48 75 
35 278 132 278 217 278 
36 192 254 192 188 192 
37 63 234 63 107 63 
38 23 279 23 13 23 
39 67 214 67 55 67 
40 251 108 251 213 251 
41 59 72 59 199 59 
42 143 272 143 123 143 
43 253 151 253 221 253 
44 215 196 52 191 215 
45 132 256 132 153 132 
46 179 185 179 124 179 
47 169 96 169 183 169 
48 194 194 194 233 194 
49 57 49 241 204 76 
50 123 69 123 215 123 
51 226 255 226 237 226 
52 261 182 261 212 261 
53 139 139 139 37 139 
54 90 90 90 109 90 
55 127 229 127 7 127 
56 91 91 91 249 91 
57 92 186 46 219 79 
58 36 59 36 277 36 
59 41 187 41 43 41 
60 145 171 145 88 145 
61 20 275 20 130 20 
62 257 131 257 252 257 
63 37 230 37 182 37 
64 39 239 39 211 39 
65 208 136 208 268 208 
66 198 18 198 146 198 
67 105 94 105 270 105 
68 22 193 22 114 22 
69 15 107 49 260 82 
70 109 261 109 192 109 
71 221 126 221 132 221 
72 131 278 131 226 131 
73 26 197 26 34 26 
74 230 99 230 129 230 
75 191 129 191 209 191 
76 135 54 135 102 135 
77 155 53 155 184 155 
78 152 152 152 6 152 
79 182 127 182 246 182 
80 185 119 185 33 185 
81 51 177 51 269 51 
82 115 79 262 210 92 
83 54 243 54 115 54 
84 121 60 121 122 121 
85 66 166 66 240 66 
86 78 104 78 143 78 
87 5 2 5 111 5 
88 259 122 259 117 259 
89 150 71 150 152 150 
90 137 130 137 3 137 
91 151 216 151 164 151 
92 102 217 102 63 102 
93 100 14 100 131 100 
94 273 247 273 231 273 
95 140 147 140 44 140 
96 213 52 213 51 213 
97 195 195 195 49 195 
98 225 117 225 189 225 
99 76 146 57 61 107 
100 83 83 83 73 83 
101 207 248 207 62 207 
102 48 88 238 2 48 
103 237 238 237 18 237 
104 42 77 42 106 42 
105 134 265 265 92 115 
106 209 209 209 1 209 
107 35 35 35 36 35 
108 107 15 75 250 134 
109 260 236 260 154 260 
110 163 211 163 29 163 
111 116 23 116 27 116 
112 129 259 129 83 129 
113 203 271 203 258 203 
114 72 36 72 12 72 
115 9 42 9 162 9 
116 266 174 266 181 266 
117 277 120 277 272 277 
118 219 180 219 243 219 
119 274 133 274 256 274 
120 144 242 144 41 144 
121 31 24 31 119 31 
122 138 100 138 179 138 
123 211 269 211 157 211 
124 197 30 112 97 197 
125 247 203 247 60 247 
126 217 144 217 247 217 
127 178 113 178 222 178 
128 81 101 81 145 81 
129 101 118 101 165 101 
130 238 250 48 89 238 
131 112 257 197 136 112 
132 18 33 18 196 18 
133 244 161 244 82 244 
134 125 31 125 224 125 
135 79 44 76 218 141 
136 2 215 2 168 2 
137 187 172 187 4 187 
138 108 34 108 230 108 
139 111 28 111 173 111 
140 128 181 128 170 128 
141 147 140 147 241 147 
142 86 86 86 275 86 
143 142 277 142 225 142 
144 3 157 3 197 3 
145 43 150 43 84 43 
146 89 89 89 94 89 
147 212 212 212 38 212 
148 168 168 168 81 168 
149 202 231 202 149 202 
150 229 37 229 194 229 
151 240 10 240 193 240 
152 30 112 30 150 30 
153 190 61 190 96 190 
154 216 253 216 105 216 
155 205 183 205 187 205 
156 175 175 175 251 175 
157 11 105 11 59 11 
158 53 205 53 195 53 
159 99 39 99 21 99 
160 184 21 184 139 184 
161 60 93 60 244 60 
162 16 189 16 208 16 
163 270 270 270 227 270 
164 56 249 56 175 56 
165 271 240 271 110 271 
166 177 123 177 24 177 
167 68 68 68 239 68 
168 149 62 149 54 149 
169 206 110 206 172 206 
170 70 273 70 140 70 
171 29 191 29 10 29 
172 159 228 159 22 159 
173 61 190 61 17 61 
174 94 11 94 238 94 
175 269 55 269 113 269 
176 141 115 79 202 146 
177 164 241 82 266 158 
178 120 208 120 78 120 
179 6 67 6 116 6 
180 93 121 93 190 93 
181 38 173 38 216 38 
182 276 178 276 70 276 
183 133 66 133 264 133 
184 157 3 157 23 157 
185 73 266 73 261 73 
186 249 63 249 259 249 
187 27 223 27 201 27 
188 234 179 234 137 234 
189 124 142 124 95 124 
190 256 20 256 108 256 
191 153 163 153 118 153 
192 246 9 246 9 246 
193 104 200 104 67 104 
194 118 210 118 121 118 
195 172 154 172 77 172 
196 254 135 254 163 254 
197 34 12 34 271 34 
198 13 48 13 28 13 
199 119 56 119 166 119 
200 170 160 170 75 170 
201 255 170 255 198 255 
202 69 84 85 127 85 
203 156 98 156 158 156 
204 82 78 220 86 220 
205 98 274 98 98 98 
206 24 8 24 90 24 
207 130 199 130 232 130 
208 10 16 10 71 10 
209 199 176 199 19 199 
210 28 149 28 101 28 
211 55 143 55 255 55 
212 154 41 154 144 154 
213 181 128 181 134 181 
214 110 206 110 223 110 
215 176 169 176 35 176 
216 239 109 239 80 239 
217 204 204 204 161 204 
218 114 114 114 220 114 
219 166 156 166 40 166 
220 106 51 69 112 69 
221 210 219 210 236 210 
222 103 155 103 11 103 
223 17 40 17 228 17 
224 88 237 88 39 88 
225 87 58 87 155 87 
226 146 252 92 91 164 
227 227 158 107 32 186 
228 243 207 243 99 243 
229 189 87 189 53 189 
230 242 32 242 206 242 
231 77 70 77 68 77 
232 250 26 250 235 250 
233 58 246 58 128 58 
234 186 201 268 248 232 
235 122 220 122 20 122 
236 64 159 64 69 64 
237 275 167 232 257 268 
238 158 263 106 120 106 
239 232 82 115 31 227 
240 214 85 214 26 214 
241 235 221 235 253 235 
242 268 46 134 25 241 
243 25 65 25 174 25 
244 74 74 74 156 74 
245 223 145 223 178 223 
246 44 262 267 160 252 
247 165 165 165 16 165 
248 263 264 263 30 263 
249 171 225 171 74 171 
250 272 22 272 278 272 
251 218 268 218 141 218 
252 50 50 50 263 50 
253 148 148 148 169 148 
254 183 103 183 229 183 
255 245 245 245 148 245 
256 173 38 173 242 173 
257 279 232 279 50 279 
258 32 276 32 87 32 
259 84 6 84 8 84 
260 252 92 141 56 262 
261 33 19 33 58 33 
262 62 111 62 103 62 
263 47 27 47 126 47 
264 196 202 196 45 196 
265 97 226 97 138 97 
266 222 235 222 214 222 
267 262 227 146 85 265 
268 65 25 65 177 65 
269 200 43 200 205 200 
270 14 138 14 200 14 
271 167 106 167 147 167 
272 220 213 275 203 275 
273 241 164 158 276 267 
274 160 73 160 133 160 
275 258 47 258 64 258 
276 71 153 71 262 71 
277 236 1 236 79 236 
278 45 97 45 46 45 
279 248 198 248 279 248 
