***********************************
Experiment parameters:
Experiment results:
Permutations:
I U RANK QCV rand PATH 
1 98 128 1 47 48 
2 76 199 2 186 168 
3 183 272 3 180 175 
4 6 245 4 273 3 
5 111 218 5 176 152 
6 15 277 6 14 182 
7 36 144 7 135 18 
8 39 74 8 167 250 
9 209 101 9 267 196 
10 17 219 10 142 126 
11 118 2 11 234 150 
12 40 81 12 72 13 
13 42 129 13 245 70 
14 43 208 14 57 65 
15 72 3 15 66 228 
16 251 192 16 125 49 
17 223 51 17 207 244 
18 13 99 18 254 279 
19 83 142 19 171 204 
20 27 24 20 104 90 
21 56 149 21 5 278 
22 234 5 22 93 169 
23 240 159 23 65 25 
24 57 6 24 76 207 
25 60 229 25 15 66 
26 145 158 26 52 233 
27 214 249 27 151 113 
28 130 222 28 42 206 
29 239 7 29 185 131 
30 154 227 30 159 142 
31 194 252 31 274 252 
32 141 132 32 265 57 
33 200 15 33 100 127 
34 41 82 34 48 58 
35 208 98 35 217 15 
36 151 65 36 188 104 
37 113 16 37 107 197 
38 11 54 38 13 114 
39 20 10 39 55 143 
40 177 114 40 213 54 
41 14 11 41 199 41 
42 97 251 42 123 220 
43 238 140 43 221 119 
44 128 94 44 191 125 
45 67 253 45 153 266 
46 274 75 46 124 98 
47 184 37 47 183 211 
48 99 181 48 233 99 
49 262 269 49 204 136 
50 180 274 50 215 97 
51 74 148 51 237 85 
52 109 210 52 212 253 
53 146 260 53 37 8 
54 138 265 54 109 144 
55 34 174 55 7 230 
56 106 198 56 249 106 
57 77 233 57 219 222 
58 29 109 58 277 116 
59 270 196 59 43 32 
60 189 167 60 88 67 
61 49 102 61 130 135 
62 125 205 62 252 112 
63 127 64 63 182 174 
64 104 103 64 211 105 
65 134 118 65 268 35 
66 156 242 66 146 9 
67 174 186 67 270 219 
68 48 105 68 114 52 
69 95 135 69 260 162 
70 272 138 70 192 107 
71 115 4 71 132 4 
72 129 209 72 226 146 
73 249 43 73 34 270 
74 264 270 74 129 238 
75 82 125 75 209 94 
76 3 78 76 102 232 
77 191 55 77 184 257 
78 218 110 78 6 249 
79 233 254 79 246 82 
80 120 1 80 33 181 
81 261 180 81 269 28 
82 144 237 82 210 237 
83 224 20 83 115 147 
84 126 111 84 122 139 
85 23 48 85 240 23 
86 166 68 86 143 59 
87 121 62 87 111 34 
88 135 69 88 117 108 
89 89 17 89 152 33 
90 190 188 90 3 73 
91 142 141 91 164 187 
92 260 97 92 63 27 
93 235 123 93 131 277 
94 102 226 94 231 16 
95 75 169 95 44 133 
96 19 165 96 51 138 
97 110 154 97 49 241 
98 65 137 98 189 161 
99 155 28 99 61 180 
100 237 278 100 73 276 
101 211 182 101 62 201 
102 228 19 102 2 31 
103 53 131 103 18 5 
104 47 240 104 106 156 
105 114 238 105 92 122 
106 71 262 106 1 45 
107 252 204 107 36 255 
108 196 276 108 250 39 
109 185 13 109 154 47 
110 197 267 110 29 267 
111 171 70 111 27 155 
112 217 91 112 83 68 
113 202 183 113 258 217 
114 119 12 114 12 259 
115 259 95 115 162 96 
116 30 130 116 181 265 
117 188 73 117 272 188 
118 61 113 118 243 101 
119 203 244 119 256 203 
120 54 194 120 41 154 
121 150 239 121 119 29 
122 22 88 122 179 225 
123 46 164 123 157 160 
124 176 83 124 97 145 
125 18 160 125 60 130 
126 163 193 126 247 117 
127 204 67 127 222 167 
128 267 120 128 145 172 
129 79 228 129 165 251 
130 62 21 130 89 186 
131 44 93 131 136 231 
132 221 136 132 196 163 
133 16 9 133 82 102 
134 213 122 134 224 55 
135 123 170 135 218 170 
136 70 259 136 168 12 
137 195 147 137 4 198 
138 139 185 138 230 192 
139 2 189 139 173 218 
140 258 241 140 170 166 
141 55 223 141 241 223 
142 80 258 142 275 109 
143 103 143 143 225 69 
144 263 202 144 197 263 
145 268 134 145 84 268 
146 10 176 146 94 91 
147 153 246 147 38 246 
148 244 275 148 81 205 
149 105 175 149 149 272 
150 182 187 150 194 240 
151 140 96 151 193 95 
152 257 115 152 150 124 
153 31 89 153 96 36 
154 158 18 154 105 221 
155 230 8 155 187 260 
156 253 168 156 251 194 
157 172 190 157 59 165 
158 50 215 158 195 273 
159 199 155 159 21 20 
160 108 50 160 139 50 
161 63 26 161 244 212 
162 161 71 162 208 191 
163 273 213 163 227 256 
164 222 234 164 175 103 
165 186 104 165 110 64 
166 143 212 166 24 11 
167 279 133 167 239 110 
168 206 29 168 54 269 
169 38 163 169 172 248 
170 148 14 170 140 92 
171 276 30 171 10 158 
172 167 117 172 22 56 
173 101 32 173 17 199 
174 149 236 174 238 26 
175 7 100 175 113 83 
176 35 200 176 202 200 
177 246 153 177 266 151 
178 136 217 178 78 2 
179 147 232 179 116 159 
180 73 34 180 190 254 
181 256 257 181 216 213 
182 1 127 182 70 176 
183 245 85 183 264 10 
184 219 25 184 23 123 
185 26 90 185 261 275 
186 96 36 186 259 216 
187 37 119 187 201 262 
188 278 80 188 137 84 
189 232 38 189 95 21 
190 241 39 190 108 38 
191 181 76 191 118 189 
192 24 255 192 9 239 
193 198 225 193 67 274 
194 193 42 194 121 173 
195 220 220 195 77 210 
196 45 31 196 163 60 
197 162 156 197 271 141 
198 116 211 198 28 37 
199 84 66 199 166 202 
200 216 44 200 75 93 
201 52 45 201 198 63 
202 277 46 202 127 157 
203 231 33 203 158 62 
204 25 41 204 86 132 
205 247 47 205 98 140 
206 164 178 206 90 14 
207 5 106 207 232 229 
208 269 145 208 71 195 
209 160 151 209 19 88 
210 165 116 210 101 258 
211 225 171 211 255 171 
212 132 72 212 144 245 
213 64 112 213 134 81 
214 212 191 214 223 164 
215 250 52 215 35 46 
216 157 221 216 80 178 
217 32 77 217 161 148 
218 68 235 218 220 51 
219 59 92 219 40 7 
220 21 86 220 112 79 
221 173 243 221 236 121 
222 175 195 222 11 193 
223 122 35 223 228 118 
224 124 250 224 39 190 
225 266 57 225 155 86 
226 226 173 226 91 42 
227 90 271 227 32 247 
228 133 177 228 99 177 
229 255 139 229 53 44 
230 137 150 230 206 111 
231 86 79 231 68 137 
232 178 58 232 235 72 
233 94 60 233 128 77 
234 78 59 234 248 120 
235 33 264 235 20 19 
236 159 61 236 69 234 
237 92 214 237 257 224 
238 248 63 238 120 24 
239 229 266 239 31 76 
240 51 166 240 26 71 
241 93 152 241 253 226 
242 87 201 242 25 149 
243 227 263 243 174 185 
244 192 84 244 156 80 
245 8 256 245 178 89 
246 205 231 246 160 214 
247 242 53 247 16 261 
248 100 248 248 30 61 
249 66 203 249 74 227 
250 91 161 250 278 183 
251 169 126 251 141 75 
252 69 216 252 263 17 
253 85 107 253 169 53 
254 275 49 254 229 129 
255 201 22 255 148 22 
256 107 27 256 242 153 
257 168 179 257 50 179 
258 152 87 258 87 87 
259 187 121 259 8 184 
260 179 172 260 56 264 
261 210 261 261 58 242 
262 131 279 262 103 1 
263 4 146 263 126 209 
264 12 56 264 45 235 
265 117 207 265 138 30 
266 271 247 266 214 271 
267 9 206 267 85 100 
268 265 40 268 177 134 
269 254 124 269 205 115 
270 170 162 270 200 74 
271 88 23 271 147 208 
272 58 157 272 203 6 
273 243 197 273 276 128 
274 81 230 274 133 43 
275 236 224 275 64 236 
276 215 273 276 262 215 
277 28 268 277 79 40 
278 112 184 278 46 243 
279 207 108 279 279 78 
