***********************************
Experiment parameters:
Experiment results:
Permutations:
I U RANK QCV rand PATH 
1 155 147 277 47 26 
2 143 239 260 186 51 
3 6 113 272 180 272 
4 70 92 248 273 134 
5 236 208 118 176 171 
6 267 244 26 14 260 
7 224 173 213 135 174 
8 206 265 199 167 199 
9 210 241 198 267 128 
10 27 1 37 142 198 
11 150 134 122 234 203 
12 82 80 66 72 5 
13 50 50 153 245 153 
14 1 187 214 57 214 
15 9 6 191 66 181 
16 131 252 16 125 16 
17 176 196 278 207 278 
18 94 52 51 254 277 
19 164 95 134 171 118 
20 113 68 174 104 213 
21 12 136 77 5 196 
22 33 137 236 93 136 
23 105 99 162 65 77 
24 279 10 80 76 80 
25 20 209 50 15 50 
26 166 85 276 52 246 
27 81 229 195 151 195 
28 77 191 78 42 189 
29 223 2 185 185 2 
30 214 278 182 159 182 
31 205 70 116 274 116 
32 11 18 254 265 254 
33 18 182 85 100 20 
34 102 185 72 48 248 
35 121 3 2 217 241 
36 212 269 171 188 236 
37 243 82 82 107 132 
38 219 59 39 13 39 
39 254 210 210 55 201 
40 146 39 59 213 59 
41 147 256 249 199 144 
42 115 230 204 123 204 
43 13 133 73 221 55 
44 79 250 124 191 124 
45 182 254 60 153 60 
46 125 5 132 124 102 
47 40 238 238 183 238 
48 96 228 96 233 96 
49 138 276 266 204 147 
50 220 19 15 215 15 
51 144 261 23 237 23 
52 75 222 44 212 90 
53 140 178 88 37 88 
54 55 152 104 109 104 
55 25 194 194 7 194 
56 123 211 123 249 123 
57 244 215 244 219 244 
58 89 232 257 277 257 
59 269 186 167 43 167 
60 126 216 103 88 103 
61 31 260 165 130 165 
62 157 195 69 252 69 
63 48 56 112 182 112 
64 170 7 3 211 225 
65 72 166 253 268 253 
66 193 159 21 146 21 
67 204 175 269 270 269 
68 265 223 169 114 114 
69 139 199 22 260 22 
70 165 22 220 192 220 
71 132 272 113 132 113 
72 61 65 61 226 61 
73 34 268 245 34 245 
74 19 245 251 129 251 
75 196 106 227 209 227 
76 159 227 106 102 106 
77 88 115 275 184 275 
78 4 86 5 6 87 
79 136 207 175 246 175 
80 130 121 63 33 63 
81 101 9 179 269 179 
82 119 89 89 210 89 
83 109 273 205 115 205 
84 10 105 237 122 48 
85 62 118 27 240 27 
86 141 69 228 143 148 
87 69 55 56 111 56 
88 255 149 90 117 105 
89 272 17 139 152 122 
90 235 51 52 3 52 
91 227 193 12 164 12 
92 263 15 19 63 19 
93 217 154 10 131 10 
94 110 277 183 231 183 
95 16 114 71 44 71 
96 127 220 140 51 140 
97 189 74 49 49 49 
98 36 235 6 189 176 
99 247 16 9 61 9 
100 118 279 157 73 157 
101 228 157 264 62 264 
102 218 97 155 2 162 
103 229 24 259 18 229 
104 264 111 111 106 111 
105 151 251 273 92 273 
106 169 203 110 1 110 
107 158 189 256 36 256 
108 256 264 215 250 215 
109 85 71 223 154 125 
110 260 34 158 29 158 
111 104 233 101 27 101 
112 98 184 29 83 29 
113 171 46 230 258 230 
114 54 164 142 12 142 
115 251 122 38 162 38 
116 180 172 149 181 149 
117 167 96 262 272 262 
118 192 110 129 243 129 
119 197 255 197 256 197 
120 74 49 135 41 135 
121 163 219 30 119 30 
122 65 62 107 179 107 
123 221 48 81 157 81 
124 41 20 125 97 146 
125 153 81 92 60 3 
126 195 176 258 247 258 
127 191 103 216 222 216 
128 262 266 18 145 18 
129 270 248 43 165 43 
130 177 202 20 89 172 
131 250 145 94 136 37 
132 161 127 93 196 93 
133 49 180 138 82 138 
134 29 150 209 224 209 
135 83 126 126 218 126 
136 59 142 164 168 164 
137 253 11 270 4 270 
138 209 179 151 230 151 
139 42 23 219 173 35 
140 213 263 217 170 217 
141 63 45 45 241 45 
142 258 257 232 275 232 
143 95 237 24 225 7 
144 211 98 211 197 211 
145 233 4 150 84 150 
146 184 247 148 94 228 
147 199 221 221 38 221 
148 142 14 206 81 206 
149 57 130 130 149 130 
150 90 12 242 194 242 
151 239 224 239 193 239 
152 231 57 240 150 240 
153 68 87 207 96 36 
154 181 236 47 105 47 
155 91 217 178 187 178 
156 116 88 263 251 263 
157 278 140 79 59 79 
158 128 168 109 195 109 
159 268 205 98 21 98 
160 134 212 212 139 212 
161 215 108 100 244 41 
162 203 72 131 208 145 
163 242 60 255 227 255 
164 207 73 114 175 202 
165 174 246 1 110 200 
166 202 26 225 24 276 
167 226 27 235 239 169 
168 216 29 137 54 173 
169 71 167 87 172 64 
170 186 131 200 140 170 
171 222 30 17 10 152 
172 66 117 271 22 92 
173 100 143 147 17 266 
174 80 90 176 238 247 
175 24 146 241 113 78 
176 93 156 156 202 156 
177 39 243 25 266 25 
178 241 204 173 78 160 
179 122 262 121 116 121 
180 148 33 36 190 66 
181 23 275 120 216 120 
182 97 100 108 70 133 
183 225 84 189 264 68 
184 78 28 201 23 154 
185 266 226 196 261 42 
186 86 35 226 259 219 
187 51 36 133 201 17 
188 234 32 115 137 115 
189 35 37 31 95 84 
190 133 198 42 108 72 
191 273 75 229 118 73 
192 17 169 48 9 76 
193 198 107 62 67 62 
194 175 40 35 121 131 
195 183 41 143 77 1 
196 152 31 28 163 31 
197 44 242 193 271 193 
198 124 231 231 28 231 
199 187 141 234 166 234 
200 200 42 128 75 137 
201 73 43 181 198 97 
202 92 44 68 127 226 
203 14 83 170 158 40 
204 261 249 202 86 53 
205 160 47 40 98 188 
206 145 148 86 90 85 
207 114 123 252 232 252 
208 137 225 267 71 100 
209 103 25 54 19 54 
210 178 161 161 101 161 
211 245 119 119 255 119 
212 156 144 41 144 191 
213 162 93 154 134 207 
214 46 218 76 223 24 
215 274 155 218 35 44 
216 172 53 172 80 94 
217 45 76 160 161 108 
218 154 77 246 220 6 
219 64 94 102 40 185 
220 271 259 53 112 250 
221 149 8 8 236 8 
222 108 267 105 11 235 
223 43 240 57 228 57 
224 120 116 70 39 70 
225 84 213 136 155 210 
226 276 171 177 91 177 
227 106 138 180 32 180 
228 7 274 274 99 274 
229 3 128 247 53 143 
230 107 139 188 206 86 
231 52 78 97 68 218 
232 37 58 55 235 186 
233 60 174 203 128 223 
234 201 271 83 248 237 
235 117 91 187 20 28 
236 76 214 91 69 117 
237 185 102 145 257 249 
238 26 170 64 120 259 
239 240 104 184 31 184 
240 232 135 146 26 82 
241 259 160 58 253 58 
242 56 129 84 25 83 
243 194 151 141 174 141 
244 168 163 32 156 32 
245 22 258 152 178 139 
246 135 64 144 160 267 
247 28 38 13 16 13 
248 21 201 186 30 271 
249 53 66 117 74 91 
250 237 177 279 278 279 
251 129 112 7 141 187 
252 252 197 222 263 222 
253 112 21 74 169 74 
254 38 234 163 229 163 
255 111 270 11 148 11 
256 8 54 243 242 243 
257 67 67 67 50 67 
258 230 192 192 87 192 
259 179 158 190 8 190 
260 15 125 46 56 46 
261 58 13 224 58 224 
262 99 124 99 103 99 
263 248 61 65 126 65 
264 47 132 208 45 208 
265 238 188 95 138 95 
266 208 165 159 214 159 
267 246 181 127 85 127 
268 188 101 233 177 233 
269 257 253 166 205 166 
270 32 79 265 200 265 
271 87 206 33 147 33 
272 2 162 261 203 261 
273 190 183 75 276 75 
274 173 120 268 133 268 
275 30 200 14 64 14 
276 275 109 168 262 168 
277 5 153 4 79 4 
278 277 190 34 46 34 
279 249 63 250 279 155 
