***********************************
Experiment parameters:
Experiment results:
Permutations:
I U RANK QCV rand PATH 
1 236 192 204 47 25 
2 273 50 241 186 43 
3 155 237 155 180 167 
4 73 204 25 273 44 
5 193 203 193 176 193 
6 94 150 43 14 50 
7 2 90 2 135 2 
8 147 97 147 167 147 
9 142 117 142 267 142 
10 248 194 144 142 144 
11 190 118 190 234 190 
12 17 188 256 72 256 
13 263 131 263 245 263 
14 144 206 248 57 248 
15 164 55 217 66 164 
16 254 13 254 125 254 
17 34 136 34 207 34 
18 53 43 44 254 53 
19 13 257 13 171 13 
20 76 121 50 104 73 
21 202 109 202 5 202 
22 25 207 184 93 89 
23 118 132 118 65 118 
24 27 38 27 76 27 
25 80 260 80 15 80 
26 222 279 222 52 222 
27 231 19 139 151 139 
28 217 253 164 42 217 
29 174 114 174 185 174 
30 247 99 247 159 247 
31 19 174 19 274 19 
32 51 100 51 265 51 
33 116 269 116 100 116 
34 44 241 53 48 94 
35 245 155 245 217 245 
36 10 10 10 188 10 
37 40 58 40 107 40 
38 117 87 117 13 117 
39 215 205 215 55 215 
40 136 163 136 213 136 
41 210 173 210 199 210 
42 48 240 48 123 48 
43 183 183 183 221 183 
44 167 201 167 191 155 
45 4 17 4 153 4 
46 205 130 205 124 205 
47 277 277 277 183 277 
48 36 36 36 233 36 
49 150 73 192 204 95 
50 56 177 56 215 56 
51 196 193 196 237 196 
52 52 230 52 212 52 
53 274 256 274 37 274 
54 6 210 6 109 6 
55 15 15 15 7 15 
56 228 228 228 249 228 
57 101 148 207 219 101 
58 151 224 151 277 151 
59 209 215 209 43 209 
60 133 65 133 88 133 
61 156 245 156 130 156 
62 55 153 55 252 55 
63 129 248 129 182 129 
64 16 259 16 211 16 
65 18 37 18 268 18 
66 92 51 92 146 92 
67 171 239 171 270 171 
68 244 78 244 114 244 
69 50 106 73 260 106 
70 188 127 188 192 188 
71 191 144 191 132 191 
72 226 72 226 226 226 
73 179 217 179 34 179 
74 134 142 134 129 134 
75 90 83 90 209 90 
76 260 238 260 102 260 
77 67 26 67 184 67 
78 131 216 131 6 131 
79 206 168 206 246 206 
80 70 70 70 33 70 
81 233 233 233 269 233 
82 121 89 236 210 121 
83 252 112 252 115 252 
84 96 96 96 122 96 
85 261 261 261 240 261 
86 257 63 257 143 257 
87 158 227 158 111 158 
88 30 22 30 117 30 
89 104 60 104 152 104 
90 74 247 74 3 74 
91 71 190 71 164 71 
92 64 265 64 63 64 
93 1 56 1 131 1 
94 246 123 246 231 246 
95 122 221 122 44 122 
96 153 226 153 51 153 
97 85 85 85 49 85 
98 278 170 278 189 278 
99 146 146 219 61 140 
100 268 41 268 73 268 
101 181 80 181 62 181 
102 201 81 149 2 149 
103 91 156 91 18 91 
104 135 120 135 106 135 
105 106 219 89 92 141 
106 198 198 198 1 198 
107 221 24 221 36 221 
108 140 94 94 250 146 
109 63 30 63 154 63 
110 60 271 60 29 60 
111 168 103 168 27 168 
112 200 278 200 83 200 
113 232 223 232 258 232 
114 8 76 8 12 8 
115 59 7 59 162 59 
116 126 74 126 181 126 
117 108 225 108 272 108 
118 93 32 93 243 93 
119 20 195 20 256 20 
120 213 166 213 41 213 
121 114 23 114 119 114 
122 185 1 185 179 185 
123 145 31 145 157 145 
124 139 276 17 97 17 
125 82 11 82 60 82 
126 269 47 269 247 269 
127 258 64 258 222 258 
128 107 258 107 145 107 
129 166 107 166 165 166 
130 149 164 201 89 201 
131 256 167 231 136 231 
132 266 249 266 196 266 
133 22 262 22 82 22 
134 243 202 243 224 243 
135 89 95 95 218 148 
136 57 4 57 168 57 
137 62 222 62 4 62 
138 194 33 194 230 194 
139 161 165 161 173 161 
140 157 220 157 170 157 
141 270 122 270 241 270 
142 154 154 154 275 154 
143 28 211 28 225 28 
144 47 197 47 197 47 
145 31 254 31 84 31 
146 41 93 41 94 41 
147 182 182 182 38 182 
148 175 175 175 81 175 
149 105 179 105 149 105 
150 45 34 45 194 45 
151 111 59 111 193 111 
152 227 158 227 150 227 
153 113 69 113 96 113 
154 211 79 211 105 211 
155 79 86 79 187 79 
156 176 178 176 251 176 
157 242 171 242 59 242 
158 61 68 61 195 61 
159 127 35 127 21 127 
160 33 29 33 139 33 
161 38 116 38 244 38 
162 21 115 21 208 21 
163 24 270 24 227 24 
164 169 209 169 175 169 
165 115 275 115 110 115 
166 173 6 173 24 173 
167 235 235 235 239 235 
168 214 98 214 54 214 
169 272 272 272 172 272 
170 223 246 223 140 223 
171 262 147 262 10 262 
172 203 252 203 22 203 
173 69 187 69 17 69 
174 199 199 199 238 199 
175 189 244 189 113 189 
176 184 180 101 202 150 
177 95 140 106 266 180 
178 86 67 86 78 86 
179 130 125 130 116 130 
180 218 213 218 190 218 
181 152 242 152 216 152 
182 264 5 264 70 264 
183 49 88 49 264 49 
184 251 218 251 23 251 
185 208 102 208 261 208 
186 77 62 77 259 77 
187 170 110 170 201 170 
188 125 159 125 137 125 
189 37 18 37 95 37 
190 143 105 143 108 143 
191 271 48 271 118 271 
192 120 111 120 9 120 
193 160 160 160 67 160 
194 32 264 32 121 32 
195 58 77 58 77 58 
196 46 263 46 163 46 
197 14 45 14 271 14 
198 72 229 72 28 72 
199 66 119 66 166 66 
200 99 39 99 75 99 
201 39 92 39 198 39 
202 279 66 279 127 279 
203 132 20 132 158 132 
204 110 124 110 86 110 
205 68 49 68 98 68 
206 103 52 103 90 103 
207 112 126 112 232 112 
208 255 113 255 71 255 
209 128 128 128 19 128 
210 165 214 165 101 165 
211 3 145 3 255 212 
212 159 40 159 144 159 
213 220 157 220 134 220 
214 178 176 178 223 178 
215 137 196 137 35 137 
216 230 191 230 80 230 
217 267 267 267 161 267 
218 84 54 84 220 84 
219 225 71 225 40 225 
220 43 151 76 112 76 
221 5 251 5 236 5 
222 26 61 26 11 26 
223 88 28 88 228 88 
224 81 143 81 39 81 
225 7 135 7 155 7 
226 204 101 121 91 184 
227 163 141 140 32 192 
228 216 46 216 99 216 
229 187 21 187 53 187 
230 197 27 197 206 197 
231 123 82 123 68 123 
232 253 57 253 235 253 
233 275 232 275 128 275 
234 192 75 259 248 109 
235 124 104 124 20 124 
236 249 208 249 69 249 
237 148 129 109 257 259 
238 141 16 163 120 163 
239 109 184 141 31 204 
240 234 234 234 26 234 
241 75 14 75 253 75 
242 229 53 146 25 207 
243 162 42 162 174 162 
244 177 8 177 156 177 
245 83 189 83 178 83 
246 180 236 148 160 219 
247 54 84 54 16 54 
248 29 243 29 30 29 
249 78 2 78 74 78 
250 97 3 97 278 97 
251 138 134 138 141 138 
252 276 231 276 263 276 
253 11 255 11 169 11 
254 195 108 195 229 195 
255 250 250 250 148 250 
256 239 152 239 242 239 
257 35 138 35 50 35 
258 265 268 265 87 265 
259 119 169 119 8 119 
260 241 44 273 56 236 
261 238 266 238 58 238 
262 98 161 98 103 98 
263 172 12 172 126 172 
264 237 149 237 45 237 
265 9 137 9 138 9 
266 23 139 23 214 23 
267 219 25 150 85 241 
268 42 162 42 177 42 
269 12 200 12 205 12 
270 224 185 224 200 224 
271 87 274 87 147 87 
272 207 91 229 203 229 
273 259 273 180 276 273 
274 186 9 186 133 186 
275 240 212 240 64 240 
276 212 133 212 262 3 
277 65 172 65 79 65 
278 100 181 100 46 100 
279 102 186 102 279 102 
