***********************************
Experiment parameters:
Experiment results:
Permutations:
I U RANK QCV rand PATH 
1 182 130 210 47 241 
2 32 279 203 186 144 
3 54 201 173 180 173 
4 211 98 102 273 20 
5 23 215 35 176 30 
6 82 253 271 14 115 
7 149 175 161 135 196 
8 78 263 15 167 15 
9 156 102 205 267 136 
10 10 129 66 142 236 
11 129 242 76 234 146 
12 16 83 228 72 73 
13 216 18 101 245 101 
14 278 225 22 57 22 
15 29 162 240 66 132 
16 60 78 84 125 84 
17 255 230 86 207 86 
18 152 265 9 254 203 
19 47 4 241 171 244 
20 181 67 83 104 24 
21 119 155 232 5 232 
22 80 5 147 93 94 
23 121 256 30 65 192 
24 3 6 224 76 224 
25 77 231 140 15 140 
26 18 213 45 52 259 
27 76 100 162 151 162 
28 96 150 114 42 114 
29 127 87 264 185 264 
30 247 188 21 159 21 
31 190 189 201 274 201 
32 95 181 202 265 202 
33 261 200 27 100 210 
34 102 50 24 48 161 
35 163 179 182 217 220 
36 260 147 124 188 102 
37 130 86 105 107 105 
38 93 252 254 13 254 
39 19 11 211 55 182 
40 225 151 91 213 91 
41 51 148 61 199 19 
42 146 248 53 123 53 
43 100 146 58 221 27 
44 53 39 134 191 134 
45 266 250 88 153 88 
46 57 10 132 124 28 
47 106 72 48 183 48 
48 245 89 142 233 142 
49 206 21 176 204 10 
50 227 118 120 215 120 
51 21 157 49 237 49 
52 8 206 38 212 46 
53 109 217 258 37 258 
54 200 103 215 109 123 
55 91 126 52 7 52 
56 36 59 245 249 245 
57 142 251 146 219 230 
58 107 145 207 277 207 
59 241 205 150 43 150 
60 199 158 125 88 125 
61 243 96 243 130 243 
62 7 228 246 252 62 
63 30 65 262 182 262 
64 143 136 10 211 67 
65 92 1 195 268 195 
66 111 239 141 146 141 
67 195 196 253 270 253 
68 231 119 144 114 83 
69 116 254 14 260 14 
70 275 15 235 192 235 
71 196 173 189 132 189 
72 167 258 137 226 137 
73 220 122 168 34 168 
74 273 3 229 129 229 
75 187 226 183 209 183 
76 28 183 226 102 226 
77 138 131 18 184 18 
78 94 123 143 6 129 
79 120 259 130 246 130 
80 131 208 191 33 191 
81 49 168 184 269 184 
82 118 91 252 210 252 
83 48 110 178 115 178 
84 246 180 87 122 247 
85 140 128 236 240 248 
86 258 262 43 143 41 
87 257 62 213 111 213 
88 248 105 67 117 157 
89 154 17 126 152 127 
90 250 191 39 3 39 
91 72 156 238 164 238 
92 223 54 118 63 118 
93 148 127 63 131 139 
94 203 277 25 231 25 
95 84 124 11 44 11 
96 226 235 269 51 269 
97 262 80 51 49 51 
98 175 94 65 189 268 
99 202 270 78 61 78 
100 254 271 26 73 26 
101 110 114 193 62 193 
102 165 182 163 2 38 
103 194 224 19 18 119 
104 161 197 197 106 197 
105 69 229 3 92 3 
106 230 233 50 1 50 
107 11 209 90 36 90 
108 244 24 98 250 98 
109 164 71 81 154 180 
110 114 60 167 29 167 
111 128 101 153 27 153 
112 236 220 170 83 170 
113 171 185 5 258 5 
114 224 221 106 12 106 
115 209 108 160 162 160 
116 222 176 29 181 29 
117 160 142 89 272 89 
118 26 113 174 243 100 
119 218 241 4 256 4 
120 166 58 13 41 13 
121 253 237 116 119 199 
122 139 37 54 179 54 
123 151 115 95 157 95 
124 214 187 71 97 79 
125 229 95 96 60 45 
126 6 255 171 247 171 
127 144 125 158 222 158 
128 252 9 227 145 227 
129 113 63 113 165 113 
130 13 192 123 89 133 
131 83 199 200 136 107 
132 238 139 164 196 164 
133 242 172 239 82 239 
134 98 218 131 224 131 
135 123 169 169 218 169 
136 27 106 221 168 221 
137 117 178 159 4 159 
138 191 222 275 230 275 
139 87 171 115 173 242 
140 134 51 93 170 93 
141 239 117 117 241 117 
142 210 207 145 275 145 
143 105 214 85 225 163 
144 168 245 99 197 99 
145 5 138 75 84 75 
146 276 234 149 94 200 
147 173 7 7 38 7 
148 145 20 223 81 223 
149 193 8 8 149 8 
150 62 177 257 194 257 
151 189 160 68 193 68 
152 122 257 177 150 177 
153 68 90 100 96 271 
154 197 22 198 105 198 
155 178 274 108 187 108 
156 58 93 217 251 217 
157 125 32 151 59 151 
158 133 219 219 195 219 
159 198 99 110 21 110 
160 186 261 261 139 261 
161 24 25 266 244 112 
162 22 236 180 208 87 
163 108 64 154 227 154 
164 256 73 107 175 174 
165 183 107 206 110 58 
166 180 26 259 24 36 
167 71 27 82 239 179 
168 64 29 230 54 33 
169 251 174 73 172 143 
170 124 161 220 140 278 
171 59 30 111 10 273 
172 274 260 46 22 206 
173 9 31 242 17 57 
174 279 203 20 238 211 
175 61 170 249 113 35 
176 56 56 56 202 56 
177 38 109 194 266 194 
178 99 165 94 78 23 
179 85 92 265 116 265 
180 31 163 79 190 267 
181 45 44 157 216 126 
182 67 33 273 70 81 
183 63 88 6 264 147 
184 4 28 199 23 66 
185 155 202 57 261 9 
186 25 34 244 259 92 
187 42 164 248 201 255 
188 104 186 231 137 231 
189 237 38 276 95 63 
190 75 212 127 108 225 
191 158 76 185 118 76 
192 259 272 92 9 82 
193 177 120 42 67 42 
194 39 112 155 121 176 
195 271 43 23 77 111 
196 185 35 187 163 212 
197 204 238 156 271 156 
198 213 48 72 28 72 
199 170 97 12 166 12 
200 66 216 278 75 43 
201 150 45 212 198 246 
202 65 46 33 127 276 
203 17 36 139 158 149 
204 44 41 129 86 266 
205 176 47 233 98 124 
206 136 85 28 90 215 
207 268 275 97 232 97 
208 233 49 267 71 34 
209 263 194 37 19 37 
210 90 40 40 101 40 
211 201 2 2 255 2 
212 103 240 196 144 96 
213 172 268 135 134 135 
214 41 149 119 223 103 
215 267 143 70 35 175 
216 147 53 192 80 70 
217 212 77 103 161 166 
218 135 166 64 220 74 
219 192 81 74 40 205 
220 73 74 136 112 6 
221 219 69 204 236 204 
222 228 70 268 11 65 
223 235 12 1 228 1 
224 2 269 32 39 32 
225 141 57 112 155 233 
226 33 278 260 91 260 
227 43 152 279 32 279 
228 50 55 55 99 55 
229 215 246 272 53 272 
230 37 154 225 206 116 
231 179 232 209 68 234 
232 208 244 179 235 187 
233 272 267 166 128 185 
234 240 79 62 248 214 
235 112 247 255 20 64 
236 86 61 250 69 250 
237 234 249 234 257 71 
238 264 264 36 120 61 
239 207 116 188 31 188 
240 126 13 34 26 155 
241 70 23 181 253 181 
242 97 135 247 25 85 
243 169 140 59 174 59 
244 159 184 186 156 186 
245 12 227 251 178 251 
246 174 266 214 160 240 
247 232 133 172 16 172 
248 137 273 41 30 249 
249 14 66 237 74 237 
250 249 82 16 278 16 
251 265 111 175 141 209 
252 81 223 165 263 165 
253 55 68 133 169 228 
254 132 84 222 229 222 
255 153 159 122 148 122 
256 157 42 109 242 109 
257 79 190 190 50 190 
258 217 121 121 87 121 
259 269 167 60 8 60 
260 40 132 17 56 17 
261 20 243 80 58 80 
262 89 144 256 103 256 
263 188 137 274 126 274 
264 277 276 148 45 148 
265 15 210 47 138 47 
266 101 141 152 214 152 
267 205 211 277 85 277 
268 1 153 218 177 218 
269 184 195 270 205 270 
270 221 14 263 200 263 
271 88 19 77 147 77 
272 34 16 31 203 31 
273 52 198 128 276 128 
274 74 52 44 133 44 
275 115 193 216 64 216 
276 162 104 104 262 104 
277 270 75 138 79 138 
278 46 204 69 46 69 
279 35 134 208 279 208 
