***********************************
Experiment parameters:
Experiment results:
Permutations:
I U RANK QCV rand PATH 
1 230 131 8 47 8 
2 209 159 209 186 18 
3 115 27 224 180 115 
4 145 132 18 273 48 
5 274 242 274 176 274 
6 85 194 176 14 55 
7 211 271 211 135 211 
8 226 95 226 167 226 
9 134 35 134 267 134 
10 6 121 260 142 260 
11 29 156 29 234 29 
12 8 191 35 72 35 
13 242 233 242 245 242 
14 260 201 6 57 6 
15 146 90 146 66 146 
16 227 64 227 125 227 
17 31 75 31 207 31 
18 62 118 159 254 62 
19 95 174 95 171 95 
20 55 82 48 104 66 
21 75 218 75 5 75 
22 18 176 55 93 72 
23 46 278 46 65 46 
24 244 51 244 76 244 
25 261 179 261 15 261 
26 49 275 49 52 49 
27 19 78 19 151 19 
28 198 246 198 42 198 
29 4 85 4 185 4 
30 231 251 231 159 231 
31 259 92 259 274 259 
32 192 256 192 265 192 
33 61 213 61 100 61 
34 32 8 62 48 73 
35 265 277 265 217 265 
36 254 261 254 188 254 
37 163 22 163 107 163 
38 217 107 217 13 217 
39 234 160 234 55 234 
40 149 50 149 213 149 
41 2 108 2 199 2 
42 64 104 64 123 64 
43 117 1 117 221 117 
44 224 250 115 191 224 
45 246 232 246 153 246 
46 22 86 22 124 22 
47 94 113 94 183 94 
48 47 47 47 233 47 
49 118 209 66 204 82 
50 197 229 197 215 197 
51 76 122 76 237 76 
52 60 175 60 212 60 
53 36 186 36 37 36 
54 54 44 54 109 54 
55 228 222 228 7 228 
56 100 100 100 249 100 
57 73 230 72 219 101 
58 263 125 263 277 263 
59 112 96 112 43 112 
60 162 162 162 88 162 
61 272 128 272 130 272 
62 98 265 98 252 98 
63 175 260 175 182 175 
64 83 270 83 211 83 
65 249 29 249 268 249 
66 80 177 80 146 80 
67 79 157 79 270 79 
68 258 210 258 114 258 
69 66 48 241 260 103 
70 50 89 50 192 50 
71 10 19 10 132 10 
72 43 165 43 226 43 
73 81 146 81 34 81 
74 270 9 270 129 270 
75 212 205 212 209 212 
76 179 57 179 102 179 
77 237 182 237 184 237 
78 110 243 110 6 110 
79 191 83 191 246 191 
80 130 30 130 33 130 
81 229 87 229 269 229 
82 119 238 73 210 118 
83 243 126 243 115 243 
84 3 17 3 122 3 
85 278 245 278 240 278 
86 71 144 71 143 71 
87 13 167 13 111 13 
88 41 71 41 117 41 
89 129 133 129 152 129 
90 251 187 251 3 251 
91 74 249 74 164 74 
92 213 244 213 63 213 
93 44 166 44 131 44 
94 200 273 200 231 200 
95 63 147 63 44 63 
96 27 257 27 51 27 
97 240 240 240 49 240 
98 183 135 183 189 183 
99 48 151 158 61 119 
100 276 23 276 73 276 
101 143 138 143 62 143 
102 257 181 257 2 190 
103 128 185 128 18 128 
104 252 140 252 106 252 
105 132 62 82 92 131 
106 33 33 33 1 33 
107 203 28 203 36 203 
108 158 66 194 250 132 
109 104 211 104 154 104 
110 161 248 161 29 161 
111 9 26 9 27 9 
112 102 258 102 83 102 
113 21 200 21 258 21 
114 125 54 184 12 184 
115 140 12 140 162 140 
116 24 206 24 181 24 
117 106 74 106 272 106 
118 114 276 114 243 114 
119 172 46 172 256 172 
120 52 25 52 41 52 
121 26 31 26 119 26 
122 184 2 125 179 125 
123 199 171 199 157 199 
124 165 115 165 97 165 
125 255 127 255 60 255 
126 65 53 65 247 65 
127 53 52 53 222 53 
128 59 59 59 145 59 
129 225 70 225 165 225 
130 35 43 190 89 257 
131 247 272 247 136 247 
132 195 239 195 196 195 
133 174 235 174 82 174 
134 121 36 121 224 121 
135 82 241 269 218 145 
136 277 224 277 168 277 
137 268 130 268 4 268 
138 92 39 92 230 92 
139 42 7 42 173 42 
140 109 236 109 170 109 
141 147 63 147 241 147 
142 11 11 11 275 11 
143 245 237 245 225 245 
144 253 61 253 197 253 
145 133 227 133 84 133 
146 51 123 51 94 51 
147 196 196 196 38 196 
148 189 189 189 81 189 
149 124 247 124 149 124 
150 45 168 45 194 45 
151 219 34 219 193 219 
152 250 124 250 150 250 
153 38 88 38 96 38 
154 266 262 266 105 266 
155 1 106 1 187 1 
156 120 120 120 251 120 
157 5 214 5 59 5 
158 58 68 58 195 58 
159 193 45 193 21 193 
160 186 6 186 139 186 
161 70 114 70 244 70 
162 88 173 88 208 88 
163 28 203 28 227 28 
164 16 163 16 175 16 
165 207 264 207 110 207 
166 87 170 87 24 87 
167 141 141 141 239 141 
168 267 91 267 54 267 
169 178 178 178 172 178 
170 127 21 127 140 127 
171 171 102 171 10 171 
172 177 143 177 22 177 
173 56 207 56 17 56 
174 223 223 223 238 223 
175 135 183 135 113 135 
176 101 55 101 202 151 
177 131 18 103 266 158 
178 148 117 148 78 148 
179 67 268 67 116 67 
180 23 137 23 190 23 
181 157 79 157 216 157 
182 180 65 180 70 180 
183 156 279 156 264 156 
184 142 3 142 23 142 
185 126 254 126 261 126 
186 86 152 86 259 86 
187 116 202 116 201 116 
188 208 234 208 137 208 
189 279 58 279 95 279 
190 69 81 69 108 69 
191 216 212 216 118 216 
192 34 99 34 9 34 
193 14 116 14 67 14 
194 123 180 123 121 123 
195 152 16 152 77 152 
196 57 155 57 163 57 
197 39 60 39 271 39 
198 181 98 181 28 181 
199 96 208 96 166 96 
200 138 231 138 75 138 
201 187 77 187 198 187 
202 160 67 160 127 160 
203 136 111 136 158 136 
204 210 199 210 86 210 
205 182 136 182 98 182 
206 84 10 84 90 84 
207 233 274 233 232 233 
208 173 219 173 71 173 
209 155 215 155 19 155 
210 7 267 7 101 7 
211 204 129 235 255 204 
212 30 112 30 144 30 
213 236 109 236 134 236 
214 93 93 93 223 93 
215 113 220 113 35 113 
216 218 32 218 80 218 
217 37 37 37 161 37 
218 164 40 164 220 164 
219 262 148 262 40 262 
220 170 263 170 112 170 
221 17 225 17 236 17 
222 188 188 188 11 188 
223 68 172 68 228 68 
224 185 169 185 39 185 
225 97 97 97 155 97 
226 139 101 118 91 159 
227 159 158 119 32 176 
228 256 76 256 99 256 
229 99 56 99 53 99 
230 25 142 25 206 25 
231 12 252 12 68 12 
232 167 190 167 235 167 
233 264 38 264 128 264 
234 151 134 85 248 85 
235 205 216 205 20 205 
236 77 80 77 69 77 
237 194 228 32 257 32 
238 72 259 139 120 139 
239 176 119 230 31 194 
240 275 153 275 26 275 
241 78 139 78 253 78 
242 238 269 238 25 209 
243 154 105 154 174 154 
244 166 197 166 156 166 
245 150 204 150 178 150 
246 190 73 131 160 230 
247 40 164 40 16 40 
248 201 149 201 30 201 
249 15 14 15 74 15 
250 221 221 221 278 221 
251 107 193 107 141 107 
252 232 13 232 263 232 
253 273 255 273 169 273 
254 111 266 111 229 111 
255 20 20 20 148 20 
256 214 5 214 242 214 
257 168 4 168 50 168 
258 137 253 137 87 137 
259 153 49 153 8 153 
260 103 72 132 56 238 
261 206 94 206 58 206 
262 91 42 91 103 91 
263 248 226 248 126 248 
264 90 198 90 45 90 
265 220 192 220 138 220 
266 222 84 222 214 222 
267 241 145 145 85 241 
268 105 154 105 177 105 
269 271 15 271 205 271 
270 108 184 108 200 108 
271 89 217 89 147 89 
272 169 69 169 203 169 
273 269 103 151 276 269 
274 215 110 215 133 215 
275 144 41 144 64 144 
276 235 161 204 262 235 
277 202 150 202 79 202 
278 122 24 122 46 122 
279 239 195 239 279 239 
