***********************************
Experiment parameters:
Experiment results:
Permutations:
I U RANK QCV rand PATH 
1 251 132 7 47 30 
2 186 62 17 186 216 
3 51 129 190 180 51 
4 126 123 246 273 160 
5 156 172 156 176 156 
6 117 30 224 14 218 
7 19 151 19 135 19 
8 20 99 20 167 20 
9 258 60 258 267 258 
10 86 13 133 142 133 
11 49 49 49 234 49 
12 17 139 170 72 170 
13 157 260 157 245 157 
14 133 148 86 57 86 
15 176 68 176 66 210 
16 102 11 102 125 102 
17 66 207 66 207 66 
18 62 221 30 254 180 
19 99 67 99 171 99 
20 45 163 45 104 188 
21 91 248 91 5 91 
22 7 7 50 93 271 
23 150 184 150 65 150 
24 23 277 23 76 23 
25 155 197 155 15 155 
26 122 27 122 52 122 
27 173 91 173 151 173 
28 210 264 210 42 176 
29 60 95 60 185 60 
30 266 198 266 159 266 
31 139 114 139 274 139 
32 254 239 254 265 254 
33 169 16 169 100 169 
34 50 185 251 48 72 
35 12 69 12 217 12 
36 2 240 2 188 2 
37 63 122 63 107 63 
38 135 38 135 13 135 
39 48 44 48 55 48 
40 25 252 25 213 25 
41 147 188 147 199 147 
42 274 70 274 123 274 
43 54 54 54 221 54 
44 190 270 51 191 190 
45 55 26 55 153 55 
46 27 219 27 124 27 
47 191 121 191 183 191 
48 116 116 116 233 116 
49 130 101 185 204 101 
50 161 14 161 215 161 
51 239 250 239 237 239 
52 38 88 38 212 38 
53 81 171 81 37 81 
54 18 147 18 109 18 
55 46 173 46 7 46 
56 24 24 24 249 24 
57 30 109 233 219 109 
58 205 278 205 277 205 
59 243 48 243 43 243 
60 131 226 131 88 131 
61 227 257 227 130 227 
62 68 259 68 252 68 
63 110 179 110 182 110 
64 95 228 95 211 95 
65 184 214 184 268 184 
66 260 262 260 146 260 
67 65 128 65 270 65 
68 200 236 200 114 200 
69 34 117 187 260 117 
70 203 87 203 192 203 
71 237 237 237 132 237 
72 71 90 71 226 71 
73 257 28 257 34 257 
74 5 110 5 129 5 
75 151 199 151 209 151 
76 240 8 240 102 240 
77 56 247 56 184 56 
78 108 157 108 6 108 
79 88 81 88 246 88 
80 152 63 152 33 152 
81 220 242 220 269 220 
82 163 126 59 210 123 
83 165 263 165 115 165 
84 267 33 267 122 267 
85 222 222 222 240 222 
86 215 35 215 143 215 
87 264 51 264 111 264 
88 58 31 58 117 58 
89 175 200 175 152 175 
90 198 167 198 3 198 
91 218 149 218 164 45 
92 180 206 180 63 62 
93 89 89 89 131 89 
94 10 208 10 231 10 
95 37 120 37 44 37 
96 80 176 80 51 80 
97 225 225 225 49 225 
98 245 124 245 189 245 
99 123 72 221 61 126 
100 277 23 277 73 277 
101 8 144 8 62 8 
102 230 178 230 2 230 
103 136 192 136 18 136 
104 272 174 272 106 272 
105 59 251 62 92 130 
106 53 53 53 1 53 
107 93 37 93 36 93 
108 72 224 72 250 132 
109 115 249 115 154 115 
110 112 268 112 29 112 
111 87 258 87 27 87 
112 253 274 253 83 253 
113 127 127 127 258 127 
114 188 205 188 12 59 
115 174 1 174 162 174 
116 223 223 223 181 223 
117 75 75 75 272 75 
118 206 256 206 243 206 
119 104 56 104 256 104 
120 16 39 16 41 16 
121 231 5 231 119 231 
122 271 161 271 179 50 
123 35 275 35 157 35 
124 129 79 259 97 129 
125 202 204 202 60 202 
126 33 100 33 247 33 
127 9 113 9 222 9 
128 113 146 113 145 113 
129 42 153 42 165 42 
130 270 210 270 89 270 
131 259 227 129 136 259 
132 255 92 255 196 255 
133 275 253 275 82 275 
134 182 15 182 224 182 
135 109 186 229 218 145 
136 97 136 97 168 97 
137 21 159 21 4 21 
138 114 170 114 230 114 
139 141 36 141 173 141 
140 140 183 140 170 140 
141 211 93 211 241 211 
142 160 119 160 275 17 
143 261 107 261 225 261 
144 166 169 166 197 166 
145 236 41 236 84 236 
146 39 166 39 94 39 
147 216 216 216 38 7 
148 273 273 273 81 273 
149 69 190 69 149 69 
150 252 22 252 194 252 
151 177 272 177 193 177 
152 192 80 192 150 192 
153 181 94 181 96 181 
154 214 238 214 105 214 
155 137 150 137 187 137 
156 201 235 201 251 201 
157 128 65 128 59 128 
158 247 241 247 195 247 
159 40 34 40 21 40 
160 228 203 228 139 228 
161 57 76 57 244 57 
162 204 164 204 208 204 
163 120 211 120 227 120 
164 162 106 162 175 162 
165 94 10 94 110 94 
166 103 271 103 24 103 
167 195 195 195 239 195 
168 265 138 265 54 265 
169 235 78 235 172 235 
170 164 194 164 140 164 
171 268 118 268 10 268 
172 167 108 167 22 167 
173 208 181 208 17 208 
174 244 244 244 238 244 
175 67 115 67 113 67 
176 229 17 117 202 163 
177 132 187 109 266 185 
178 107 104 107 78 107 
179 193 152 193 116 193 
180 256 85 256 190 256 
181 82 105 82 216 82 
182 85 42 85 70 85 
183 143 137 143 264 143 
184 146 9 146 23 146 
185 168 276 168 261 168 
186 159 162 159 259 159 
187 52 52 52 201 52 
188 106 83 106 137 106 
189 96 142 96 95 96 
190 28 55 28 108 28 
191 70 74 70 118 70 
192 279 4 279 9 279 
193 249 58 249 67 249 
194 212 180 212 121 212 
195 44 269 44 77 44 
196 144 266 144 163 144 
197 13 40 13 271 13 
198 178 12 178 28 178 
199 219 193 219 166 219 
200 250 189 250 75 250 
201 47 29 47 198 47 
202 79 73 84 127 84 
203 209 143 209 158 209 
204 84 61 124 86 124 
205 142 96 142 98 142 
206 234 231 234 90 234 
207 276 155 276 232 276 
208 3 77 3 71 3 
209 92 2 92 19 92 
210 138 265 138 101 138 
211 11 158 11 255 199 
212 269 243 269 144 269 
213 183 140 183 134 183 
214 78 201 78 223 78 
215 262 165 262 35 262 
216 248 234 248 80 248 
217 119 160 119 161 119 
218 196 125 196 220 196 
219 149 261 149 40 149 
220 124 103 278 112 278 
221 100 212 100 236 100 
222 238 218 238 11 238 
223 241 154 241 228 241 
224 98 64 98 39 98 
225 194 3 194 155 194 
226 217 50 163 91 186 
227 187 145 123 32 187 
228 29 191 29 99 29 
229 6 279 6 53 6 
230 153 57 153 206 153 
231 1 6 1 68 1 
232 64 230 64 235 64 
233 4 177 4 128 4 
234 213 133 213 248 213 
235 61 131 61 20 61 
236 263 43 263 69 263 
237 278 135 207 257 207 
238 101 66 217 120 217 
239 224 246 126 31 221 
240 83 21 83 26 83 
241 179 25 179 253 179 
242 221 229 130 25 224 
243 232 32 232 174 232 
244 242 220 242 156 242 
245 226 215 226 178 226 
246 145 45 132 160 229 
247 125 196 125 16 125 
248 22 46 22 30 22 
249 118 102 118 74 118 
250 158 112 158 278 158 
251 170 217 34 141 34 
252 90 97 90 263 90 
253 77 202 77 169 77 
254 154 209 154 229 154 
255 111 111 111 148 111 
256 105 82 105 242 105 
257 15 182 15 50 15 
258 76 267 76 87 76 
259 73 84 73 8 73 
260 185 59 145 56 233 
261 172 168 172 58 172 
262 36 141 36 103 36 
263 41 19 41 126 41 
264 26 98 26 45 26 
265 197 47 197 138 197 
266 148 86 148 214 148 
267 233 233 101 85 246 
268 32 232 32 177 32 
269 74 134 74 205 74 
270 14 18 14 200 14 
271 171 213 171 147 171 
272 207 71 79 203 79 
273 246 130 186 276 251 
274 43 156 43 133 43 
275 134 20 134 64 134 
276 199 175 199 262 11 
277 31 245 31 79 31 
278 121 254 121 46 121 
279 189 255 189 279 189 
