***********************************
Experiment parameters:
Experiment results:
Permutations:
I U RANK QCV rand PATH 
1 231 1 1 47 1 
2 248 151 244 186 58 
3 11 99 11 180 11 
4 80 248 16 273 180 
5 14 178 14 176 14 
6 31 105 191 14 50 
7 106 108 106 135 106 
8 129 5 129 167 129 
9 66 186 66 267 66 
10 266 10 266 142 266 
11 47 272 47 234 47 
12 145 224 145 72 145 
13 246 196 246 245 246 
14 81 210 81 57 81 
15 131 11 131 66 131 
16 276 21 276 125 276 
17 263 142 263 207 263 
18 37 121 23 254 182 
19 166 276 166 171 166 
20 38 37 31 104 258 
21 211 144 211 5 211 
22 16 31 217 93 279 
23 118 234 118 65 118 
24 95 95 95 76 95 
25 17 148 17 15 17 
26 203 7 203 52 203 
27 256 145 256 151 256 
28 212 79 212 42 212 
29 177 250 177 185 177 
30 269 149 269 159 269 
31 115 96 115 274 115 
32 34 93 34 265 34 
33 150 48 150 100 150 
34 85 120 37 48 69 
35 86 82 86 217 86 
36 2 249 2 188 2 
37 226 201 226 107 226 
38 227 266 227 13 227 
39 7 9 7 55 7 
40 45 177 45 213 45 
41 25 25 25 199 25 
42 24 268 24 123 24 
43 181 40 181 221 181 
44 154 207 154 191 154 
45 153 86 153 153 153 
46 195 172 195 124 195 
47 243 2 243 183 243 
48 8 8 8 233 8 
49 100 74 38 204 74 
50 229 123 229 215 229 
51 93 143 93 237 93 
52 202 256 202 212 202 
53 262 115 262 37 262 
54 265 62 265 109 265 
55 88 202 88 7 88 
56 52 52 52 249 52 
57 74 111 233 219 80 
58 72 235 72 277 72 
59 9 195 9 43 9 
60 64 171 64 88 64 
61 79 138 79 130 79 
62 277 146 277 252 277 
63 197 211 197 182 197 
64 43 227 43 211 43 
65 236 47 236 268 236 
66 214 264 214 146 214 
67 206 261 206 270 206 
68 167 64 167 114 167 
69 57 233 57 260 83 
70 109 98 109 192 109 
71 28 109 28 132 28 
72 70 173 70 226 70 
73 32 209 32 34 32 
74 224 197 224 129 224 
75 22 26 22 209 22 
76 178 128 178 102 178 
77 91 50 91 184 91 
78 157 56 157 6 157 
79 274 155 274 246 274 
80 199 203 199 33 199 
81 123 188 123 269 123 
82 83 240 69 210 85 
83 128 214 128 115 128 
84 165 165 165 122 165 
85 75 260 75 240 75 
86 5 33 5 143 5 
87 161 212 161 111 161 
88 253 102 253 117 253 
89 119 167 119 152 119 
90 237 3 237 3 237 
91 50 75 50 164 31 
92 182 222 182 63 57 
93 242 258 242 131 242 
94 104 241 104 231 104 
95 125 190 125 44 125 
96 127 89 127 51 127 
97 174 174 174 49 174 
98 46 213 46 189 46 
99 23 100 74 61 100 
100 48 228 48 73 48 
101 133 230 133 62 133 
102 146 4 146 2 73 
103 200 63 200 18 200 
104 112 137 112 106 112 
105 96 80 151 92 105 
106 15 15 15 1 15 
107 267 107 267 36 267 
108 69 16 231 250 111 
109 268 223 268 154 268 
110 77 251 77 29 77 
111 29 81 29 27 29 
112 213 253 213 83 213 
113 221 67 221 258 221 
114 258 72 279 12 38 
115 183 13 183 162 183 
116 148 42 148 181 148 
117 103 18 103 272 103 
118 141 245 141 243 141 
119 140 236 140 256 140 
120 179 182 179 41 179 
121 216 27 216 119 216 
122 279 229 258 179 37 
123 238 35 238 157 238 
124 138 70 138 97 89 
125 241 198 241 60 241 
126 159 150 159 247 159 
127 6 255 6 222 6 
128 222 141 222 145 222 
129 245 90 245 165 245 
130 73 153 73 89 146 
131 89 19 89 136 138 
132 254 237 254 196 254 
133 36 106 36 82 36 
134 155 29 155 224 155 
135 169 69 80 218 117 
136 39 32 39 168 39 
137 139 275 139 4 139 
138 10 43 10 230 10 
139 78 78 78 173 78 
140 152 54 152 170 152 
141 107 125 107 241 107 
142 180 180 180 275 23 
143 76 97 76 225 76 
144 255 126 255 197 255 
145 171 232 171 84 171 
146 239 156 239 94 239 
147 58 273 58 38 16 
148 101 101 101 81 101 
149 173 39 173 149 173 
150 44 44 44 194 44 
151 198 51 198 193 198 
152 63 154 63 150 63 
153 61 160 61 96 61 
154 234 140 234 105 234 
155 18 116 18 187 18 
156 175 252 175 251 175 
157 205 205 205 59 205 
158 259 259 259 195 259 
159 94 45 94 21 94 
160 247 262 247 139 247 
161 126 110 126 244 126 
162 278 61 278 208 278 
163 190 267 190 227 190 
164 271 199 271 175 271 
165 13 278 13 110 13 
166 62 279 62 24 62 
167 41 41 41 239 41 
168 65 12 65 54 65 
169 252 175 252 172 252 
170 189 164 189 140 189 
171 223 113 223 10 223 
172 163 243 163 22 163 
173 67 189 67 17 67 
174 225 206 225 238 225 
175 59 36 59 113 59 
176 120 244 83 202 120 
177 121 117 85 266 121 
178 219 76 219 78 219 
179 208 271 208 116 208 
180 158 6 158 190 158 
181 261 170 261 216 261 
182 90 179 90 70 90 
183 40 103 40 264 40 
184 110 158 110 23 110 
185 42 246 42 261 42 
186 185 208 185 259 185 
187 114 59 114 201 114 
188 172 134 172 137 172 
189 193 91 193 95 193 
190 207 218 207 108 207 
191 168 114 168 118 168 
192 137 112 137 9 137 
193 108 166 108 67 108 
194 20 159 20 121 20 
195 134 49 134 77 134 
196 71 254 71 163 71 
197 210 274 210 271 210 
198 218 200 218 28 218 
199 87 185 87 166 87 
200 3 132 3 75 3 
201 230 176 230 198 230 
202 275 226 275 127 275 
203 187 118 187 158 187 
204 113 46 113 86 113 
205 272 181 272 98 272 
206 250 68 250 90 250 
207 132 14 132 232 132 
208 51 221 51 71 51 
209 196 17 196 19 196 
210 53 53 53 101 53 
211 21 162 21 255 102 
212 49 30 49 144 49 
213 54 152 54 134 54 
214 84 84 84 223 84 
215 149 163 149 35 149 
216 130 28 130 80 130 
217 257 257 257 161 257 
218 92 58 92 220 92 
219 97 187 97 40 97 
220 82 169 169 112 169 
221 228 215 228 236 228 
222 260 194 260 11 260 
223 116 219 116 228 116 
224 99 73 99 39 99 
225 184 104 184 155 184 
226 151 38 240 91 151 
227 270 57 100 32 191 
228 249 60 249 99 249 
229 160 183 160 53 160 
230 215 20 215 206 215 
231 124 124 124 68 124 
232 209 161 209 235 209 
233 204 184 204 128 204 
234 117 55 144 248 144 
235 26 168 26 20 26 
236 192 192 192 69 192 
237 217 66 96 257 96 
238 55 88 270 120 270 
239 191 217 105 31 217 
240 201 139 201 26 201 
241 142 247 142 253 142 
242 233 23 111 25 231 
243 147 135 147 174 147 
244 188 242 188 156 188 
245 136 119 136 178 136 
246 144 83 248 160 233 
247 273 92 273 16 273 
248 68 263 68 30 68 
249 33 129 33 74 33 
250 162 22 162 278 162 
251 111 216 55 141 55 
252 4 277 4 263 4 
253 164 204 164 169 164 
254 194 193 194 229 194 
255 122 122 122 148 122 
256 170 225 170 242 170 
257 27 270 27 50 27 
258 156 239 156 87 156 
259 30 87 30 8 30 
260 244 191 117 56 240 
261 60 71 60 58 60 
262 12 65 12 103 12 
263 251 220 251 126 251 
264 19 127 19 45 19 
265 143 269 143 138 143 
266 186 94 186 214 186 
267 1 85 120 85 244 
268 135 147 135 177 135 
269 232 77 232 205 232 
270 235 265 235 200 235 
271 98 130 98 147 98 
272 105 131 82 203 82 
273 240 231 121 276 248 
274 56 133 56 133 56 
275 220 24 220 64 220 
276 102 136 102 262 21 
277 35 238 35 79 35 
278 264 157 264 46 264 
279 176 34 176 279 176 
