***********************************
Experiment parameters:
Experiment results:
Permutations:
I U RANK QCV rand PATH 
1 263 199 266 47 132 
2 74 205 241 186 249 
3 9 230 123 180 124 
4 222 90 27 273 109 
5 236 224 251 176 82 
6 119 274 23 14 24 
7 20 272 224 135 119 
8 71 169 29 167 29 
9 213 100 1 267 143 
10 168 94 31 142 5 
11 18 52 196 234 158 
12 96 80 55 72 101 
13 201 233 116 245 116 
14 45 193 164 57 164 
15 275 214 209 66 97 
16 163 59 7 125 7 
17 253 240 187 207 187 
18 207 50 240 254 277 
19 127 125 221 171 136 
20 125 67 200 104 54 
21 64 228 46 5 199 
22 25 5 54 93 55 
23 11 3 57 65 265 
24 247 143 149 76 149 
25 169 190 111 15 111 
26 243 276 202 52 31 
27 8 97 208 151 208 
28 239 8 10 42 229 
29 47 6 252 185 201 
30 206 188 21 159 21 
31 173 138 138 274 138 
32 1 131 107 265 107 
33 183 195 201 100 177 
34 160 187 173 48 214 
35 61 144 96 217 263 
36 46 55 135 188 53 
37 128 82 189 107 88 
38 167 244 244 13 244 
39 27 10 145 55 191 
40 133 98 117 213 117 
41 100 11 191 199 96 
42 250 256 64 123 64 
43 266 220 197 221 69 
44 2 47 58 191 58 
45 23 265 166 153 166 
46 4 105 52 124 70 
47 150 210 237 183 237 
48 184 139 184 233 184 
49 241 266 126 204 274 
50 35 258 271 215 271 
51 197 173 195 237 195 
52 267 242 119 212 66 
53 83 216 89 37 89 
54 158 107 214 109 222 
55 33 217 14 7 14 
56 92 34 92 249 92 
57 209 208 265 219 94 
58 205 30 37 277 37 
59 172 194 272 43 272 
60 145 275 114 88 114 
61 68 219 110 130 110 
62 174 236 260 252 224 
63 89 64 122 182 122 
64 42 161 104 211 194 
65 272 4 186 268 186 
66 208 267 9 146 9 
67 193 20 108 270 108 
68 148 120 176 114 61 
69 14 215 172 260 172 
70 254 81 255 192 255 
71 62 257 257 132 257 
72 112 93 216 226 216 
73 34 174 151 34 151 
74 269 151 231 129 231 
75 123 58 3 209 3 
76 171 184 213 102 213 
77 5 157 28 184 28 
78 101 15 188 6 146 
79 104 261 51 246 51 
80 73 185 139 33 139 
81 245 2 2 269 2 
82 186 239 239 210 239 
83 39 160 140 115 140 
84 32 70 113 122 115 
85 115 166 63 240 63 
86 29 68 171 143 19 
87 122 62 56 111 56 
88 198 69 226 117 44 
89 140 17 42 152 155 
90 131 278 91 3 91 
91 3 60 127 164 127 
92 59 271 83 63 83 
93 162 273 254 131 104 
94 49 229 276 231 276 
95 204 115 204 44 204 
96 40 255 98 51 98 
97 270 142 163 49 163 
98 124 165 136 189 145 
99 151 7 103 61 103 
100 203 51 118 73 118 
101 211 112 211 62 211 
102 143 168 183 2 246 
103 21 269 234 18 168 
104 176 179 238 106 238 
105 164 231 35 92 35 
106 53 235 49 1 49 
107 12 209 261 36 261 
108 113 21 11 250 269 
109 154 71 156 154 226 
110 231 76 76 29 76 
111 118 116 233 27 233 
112 190 18 228 83 228 
113 217 196 102 258 102 
114 114 72 99 12 99 
115 76 84 227 162 73 
116 99 171 71 181 71 
117 139 91 278 272 278 
118 58 118 13 243 13 
119 108 243 193 256 193 
120 187 163 147 41 147 
121 232 227 33 119 182 
122 107 206 134 179 134 
123 67 150 205 157 205 
124 234 182 78 97 52 
125 111 270 82 60 176 
126 179 197 256 247 256 
127 22 114 275 222 275 
128 69 130 137 145 137 
129 103 250 100 165 100 
130 54 183 263 89 84 
131 91 104 144 136 250 
132 81 136 112 196 112 
133 50 87 219 82 219 
134 87 175 157 224 157 
135 224 141 141 218 141 
136 36 99 72 168 72 
137 156 27 40 4 40 
138 230 121 22 230 22 
139 225 189 232 173 123 
140 262 75 85 170 85 
141 102 192 192 241 192 
142 75 148 30 275 30 
143 26 191 15 225 156 
144 82 247 34 197 34 
145 233 129 65 84 65 
146 57 198 130 94 6 
147 264 203 203 38 203 
148 210 48 243 81 243 
149 52 123 230 149 230 
150 98 238 60 194 60 
151 157 176 87 193 87 
152 84 74 264 150 264 
153 38 241 274 96 79 
154 88 24 45 105 45 
155 30 147 212 187 212 
156 126 89 75 251 75 
157 146 117 81 59 81 
158 56 259 235 195 1 
159 7 140 160 21 160 
160 141 128 128 139 128 
161 166 221 97 244 225 
162 180 106 105 208 196 
163 212 63 269 227 153 
164 94 226 246 175 152 
165 277 102 48 110 150 
166 120 145 61 24 165 
167 48 155 115 239 236 
168 189 181 79 54 130 
169 237 248 133 172 105 
170 227 153 5 140 144 
171 106 108 153 10 241 
172 188 119 180 22 161 
173 178 32 88 17 106 
174 229 88 77 238 253 
175 240 253 262 113 260 
176 77 223 223 202 223 
177 147 237 210 266 210 
178 235 122 158 78 273 
179 136 132 185 116 185 
180 220 33 73 190 251 
181 226 111 242 216 174 
182 265 146 199 70 209 
183 152 46 152 264 202 
184 255 25 161 23 232 
185 10 86 94 261 254 
186 274 156 69 259 266 
187 251 36 101 201 77 
188 138 35 277 137 27 
189 199 158 86 95 42 
190 200 38 155 108 23 
191 181 249 125 118 48 
192 41 279 222 9 227 
193 16 134 258 67 258 
194 177 56 106 121 33 
195 191 41 249 77 18 
196 121 31 17 163 68 
197 223 127 179 271 179 
198 238 178 178 28 178 
199 43 126 174 166 126 
200 17 42 32 75 32 
201 78 43 109 198 252 
202 170 45 162 127 62 
203 182 44 165 158 167 
204 79 201 70 86 46 
205 257 222 250 98 86 
206 19 225 19 90 197 
207 273 103 247 232 247 
208 132 49 132 71 171 
209 44 159 206 19 206 
210 244 37 148 101 148 
211 153 16 16 255 16 
212 90 124 62 144 189 
213 221 254 84 134 25 
214 31 232 198 223 135 
215 195 234 167 35 78 
216 86 54 124 80 181 
217 130 101 18 161 235 
218 216 77 146 220 113 
219 252 53 25 40 162 
220 165 246 120 112 133 
221 161 95 170 236 170 
222 242 252 53 11 180 
223 276 186 4 228 4 
224 142 29 169 39 169 
225 70 57 68 155 11 
226 63 167 8 91 8 
227 214 26 270 32 270 
228 155 39 39 99 39 
229 144 13 236 53 240 
230 65 149 143 206 188 
231 6 78 194 68 120 
232 279 19 131 235 183 
233 261 162 177 128 234 
234 194 96 182 248 10 
235 28 277 253 20 221 
236 97 61 41 69 36 
237 110 260 181 257 125 
238 246 262 279 120 173 
239 196 164 6 31 17 
240 15 85 150 26 262 
241 105 180 207 253 207 
242 137 137 66 25 242 
243 60 22 154 174 154 
244 66 154 59 156 59 
245 85 23 36 178 41 
246 134 263 168 160 15 
247 95 73 245 16 245 
248 51 113 44 30 200 
249 259 66 225 74 131 
250 260 79 24 278 279 
251 149 109 43 141 43 
252 228 202 273 263 198 
253 13 110 267 169 267 
254 219 92 121 229 121 
255 278 40 217 148 217 
256 159 83 159 242 159 
257 37 218 218 50 218 
258 117 268 268 87 268 
259 185 170 12 8 12 
260 109 133 90 56 90 
261 129 9 142 58 142 
262 175 213 50 103 50 
263 202 212 93 126 93 
264 248 135 248 45 248 
265 93 211 20 138 20 
266 72 245 26 214 26 
267 80 200 229 85 57 
268 249 28 175 177 175 
269 256 264 74 205 74 
270 215 172 215 200 215 
271 116 251 80 147 80 
272 24 177 220 203 220 
273 55 204 67 276 67 
274 271 14 190 133 190 
275 258 207 38 64 38 
276 268 1 259 262 259 
277 192 65 129 79 129 
278 218 12 95 46 95 
279 135 152 47 279 47 
