***********************************
Experiment parameters:
Experiment results:
Permutations:
I U RANK QCV rand PATH 
1 203 145 5 47 33 
2 193 171 204 186 105 
3 53 167 53 180 53 
4 123 222 33 273 178 
5 75 77 75 176 75 
6 23 269 262 14 87 
7 116 69 116 135 116 
8 69 184 69 167 69 
9 196 162 196 267 196 
10 5 191 217 142 217 
11 2 6 2 234 2 
12 115 217 115 72 115 
13 79 83 79 245 79 
14 217 42 266 57 266 
15 224 220 224 66 224 
16 124 22 124 125 124 
17 201 279 201 207 201 
18 33 5 43 254 20 
19 181 277 181 171 181 
20 43 156 203 104 26 
21 231 144 231 5 231 
22 144 193 206 93 261 
23 35 142 35 65 35 
24 253 258 253 76 253 
25 83 227 83 15 83 
26 146 114 146 52 146 
27 103 148 103 151 103 
28 225 225 225 42 225 
29 237 207 237 185 237 
30 238 104 238 159 238 
31 251 192 251 274 251 
32 32 255 32 265 32 
33 194 194 194 100 194 
34 61 33 61 48 125 
35 107 272 107 217 107 
36 179 51 179 188 179 
37 114 31 114 107 114 
38 66 183 66 13 66 
39 84 259 84 55 84 
40 36 160 36 213 36 
41 50 261 50 199 50 
42 102 278 102 123 102 
43 182 149 182 221 182 
44 110 97 110 191 110 
45 29 132 29 153 29 
46 1 1 1 124 1 
47 227 38 227 183 227 
48 198 198 198 233 198 
49 168 203 193 204 134 
50 212 17 212 215 212 
51 54 179 54 237 54 
52 42 250 42 212 42 
53 197 216 197 37 197 
54 48 34 48 109 48 
55 28 267 28 7 28 
56 46 46 46 249 46 
57 169 168 273 219 140 
58 58 212 58 277 58 
59 31 245 31 43 31 
60 18 159 18 88 18 
61 97 224 97 130 97 
62 161 76 161 252 161 
63 129 28 129 182 129 
64 279 237 279 211 279 
65 142 35 142 268 142 
66 51 70 51 146 51 
67 230 176 230 270 230 
68 219 78 219 114 219 
69 266 98 215 260 145 
70 148 251 148 192 148 
71 91 115 91 132 91 
72 132 247 132 226 132 
73 139 248 139 34 139 
74 250 196 250 129 250 
75 208 116 208 209 208 
76 4 188 4 102 4 
77 12 12 12 184 12 
78 77 41 77 6 77 
79 183 197 183 246 183 
80 265 249 265 33 265 
81 106 48 106 269 106 
82 134 206 269 210 156 
83 37 256 37 115 37 
84 210 242 210 122 210 
85 214 172 214 240 214 
86 233 62 233 143 233 
87 270 80 270 111 270 
88 22 181 22 117 22 
89 236 254 236 152 236 
90 147 4 147 3 147 
91 87 187 87 164 61 
92 20 243 20 63 112 
93 235 58 235 131 235 
94 257 119 257 231 257 
95 228 136 228 44 228 
96 247 264 247 51 247 
97 111 111 111 49 111 
98 60 124 60 189 60 
99 166 61 186 61 166 
100 82 253 82 73 82 
101 9 79 9 62 9 
102 92 110 92 2 248 
103 80 65 80 18 80 
104 64 226 64 106 64 
105 125 43 98 92 168 
106 165 165 165 1 165 
107 44 10 44 36 44 
108 156 166 171 250 169 
109 151 189 151 154 151 
110 133 199 133 29 133 
111 216 201 216 27 216 
112 95 263 95 83 95 
113 239 174 239 258 239 
114 26 74 261 12 123 
115 226 128 226 162 226 
116 104 260 104 181 104 
117 213 200 213 272 213 
118 16 39 16 243 16 
119 187 213 187 256 187 
120 40 40 40 41 40 
121 24 63 24 119 24 
122 261 23 26 179 98 
123 13 155 13 157 13 
124 153 45 153 97 153 
125 163 11 163 60 163 
126 223 210 223 247 223 
127 180 101 180 222 180 
128 218 108 218 145 218 
129 101 14 101 165 101 
130 248 139 248 89 92 
131 272 270 272 136 272 
132 41 54 41 196 41 
133 240 240 240 82 240 
134 192 66 192 224 192 
135 145 169 112 218 171 
136 211 29 211 168 211 
137 137 81 137 4 137 
138 27 86 27 230 27 
139 177 158 177 173 177 
140 94 117 94 170 94 
141 136 44 136 241 136 
142 178 178 178 275 43 
143 99 96 99 225 99 
144 49 16 49 197 49 
145 277 236 277 84 277 
146 39 154 39 94 39 
147 105 105 105 38 5 
148 19 19 19 81 19 
149 264 205 264 149 264 
150 121 90 121 194 121 
151 276 64 276 193 276 
152 167 15 167 150 167 
153 170 163 170 96 170 
154 57 2 57 105 57 
155 68 85 68 187 68 
156 150 56 150 251 150 
157 71 246 71 59 71 
158 268 214 268 195 268 
159 86 91 86 21 86 
160 271 103 271 139 271 
161 243 20 243 244 243 
162 113 164 113 208 113 
163 10 228 10 227 10 
164 109 202 109 175 109 
165 126 157 126 110 126 
166 34 106 34 24 34 
167 274 274 274 239 274 
168 59 89 59 54 59 
169 56 55 56 172 56 
170 157 170 157 140 157 
171 159 173 159 10 159 
172 25 88 25 22 25 
173 119 257 119 17 119 
174 176 230 176 238 176 
175 278 208 278 113 278 
176 171 125 222 202 186 
177 112 186 123 266 193 
178 6 57 6 78 6 
179 52 265 52 116 52 
180 258 223 258 190 258 
181 21 21 21 216 21 
182 14 49 14 70 14 
183 172 68 172 264 172 
184 108 30 108 23 108 
185 70 234 70 261 70 
186 259 120 259 259 259 
187 199 95 199 201 199 
188 120 135 120 137 120 
189 130 87 130 95 130 
190 65 92 65 108 65 
191 78 102 78 118 78 
192 252 131 252 9 252 
193 263 127 263 67 263 
194 232 180 232 121 232 
195 81 84 81 77 81 
196 175 238 175 163 175 
197 63 36 63 271 63 
198 45 107 45 28 45 
199 202 52 202 166 202 
200 260 9 260 75 260 
201 221 275 221 198 221 
202 245 8 245 127 245 
203 73 138 73 158 73 
204 127 118 127 86 127 
205 138 73 138 98 138 
206 267 241 267 90 267 
207 38 221 38 232 38 
208 164 239 164 71 164 
209 188 32 188 19 188 
210 89 177 89 101 89 
211 62 151 62 255 62 
212 135 109 135 144 135 
213 117 94 117 134 117 
214 55 150 55 223 55 
215 256 185 256 35 256 
216 143 121 143 80 143 
217 195 195 195 161 195 
218 67 67 67 220 67 
219 149 130 149 40 149 
220 140 50 23 112 23 
221 154 218 154 236 154 
222 85 99 85 11 85 
223 200 268 200 228 200 
224 220 153 220 39 220 
225 128 126 128 155 128 
226 186 112 125 91 203 
227 206 262 145 32 204 
228 185 147 185 99 185 
229 174 252 174 53 174 
230 30 232 30 206 30 
231 122 122 122 68 122 
232 15 211 15 235 15 
233 131 276 131 128 131 
234 229 271 191 248 191 
235 173 209 173 20 173 
236 275 7 275 69 275 
237 204 24 144 257 144 
238 98 27 229 120 229 
239 191 204 134 31 206 
240 8 137 8 26 8 
241 160 229 160 253 160 
242 262 134 168 25 215 
243 72 3 72 174 72 
244 74 235 74 156 74 
245 141 13 141 178 141 
246 215 123 140 160 222 
247 100 100 100 16 100 
248 90 266 90 30 90 
249 118 219 118 74 118 
250 155 133 155 278 155 
251 241 47 241 141 241 
252 76 53 76 263 76 
253 11 113 11 169 11 
254 96 182 96 229 96 
255 93 93 93 148 93 
256 246 71 246 242 246 
257 47 129 47 50 47 
258 242 82 242 87 242 
259 249 146 249 8 249 
260 222 215 166 56 262 
261 7 152 7 58 7 
262 158 59 158 103 158 
263 209 233 209 126 209 
264 205 190 205 45 205 
265 255 175 255 138 255 
266 207 231 207 214 207 
267 273 140 156 85 269 
268 3 72 3 177 3 
269 244 18 244 205 244 
270 17 26 17 200 17 
271 162 143 162 147 162 
272 190 161 190 203 190 
273 269 273 169 276 273 
274 88 25 88 133 88 
275 184 60 184 64 184 
276 254 141 254 262 254 
277 189 244 189 79 189 
278 234 37 234 46 234 
279 152 75 152 279 152 
