***********************************
Experiment parameters:
Experiment results:
Permutations:
I U RANK QCV rand PATH 
1 272 130 172 47 118 
2 115 111 104 186 205 
3 197 42 265 180 265 
4 267 93 197 273 29 
5 48 203 58 176 250 
6 213 22 204 14 255 
7 51 198 46 135 75 
8 107 132 68 167 68 
9 103 101 184 267 197 
10 97 1 191 142 5 
11 30 2 201 234 79 
12 24 81 39 72 104 
13 101 194 141 245 141 
14 222 204 156 57 156 
15 23 205 18 66 26 
16 211 214 126 125 126 
17 157 230 249 207 249 
18 16 45 130 254 55 
19 159 4 13 171 153 
20 191 172 48 104 218 
21 62 152 129 5 73 
22 137 8 138 93 135 
23 158 190 9 65 82 
24 53 9 50 76 50 
25 77 244 258 15 258 
26 154 229 21 52 113 
27 113 97 208 151 208 
28 245 10 4 42 174 
29 151 5 1 185 46 
30 170 168 116 159 116 
31 109 265 42 274 42 
32 8 129 149 265 149 
33 25 184 151 100 63 
34 250 82 35 48 48 
35 92 6 177 217 6 
36 86 174 30 188 13 
37 156 234 137 107 31 
38 9 240 87 13 87 
39 80 208 96 55 144 
40 119 87 133 213 133 
41 255 12 270 199 7 
42 71 250 57 123 57 
43 244 140 5 221 85 
44 236 51 180 191 180 
45 56 251 43 153 43 
46 13 7 264 124 172 
47 261 223 136 183 136 
48 206 242 14 233 14 
49 7 257 266 204 147 
50 155 238 268 215 268 
51 116 161 254 237 254 
52 133 201 260 212 260 
53 230 11 67 37 67 
54 189 104 52 109 189 
55 3 170 3 7 3 
56 235 207 231 249 231 
57 34 260 36 219 2 
58 90 224 226 277 226 
59 198 202 110 43 110 
60 12 125 38 88 38 
61 253 158 259 130 259 
62 17 218 269 252 228 
63 141 66 44 182 44 
64 105 148 222 211 37 
65 265 40 114 268 114 
66 82 178 183 146 183 
67 214 186 176 270 176 
68 55 115 267 114 4 
69 32 220 277 260 277 
70 122 54 143 192 143 
71 218 121 121 132 121 
72 6 67 11 226 11 
73 33 76 217 34 217 
74 36 182 80 129 80 
75 224 180 131 209 131 
76 124 131 242 102 242 
77 75 3 170 184 170 
78 29 146 275 6 28 
79 175 262 101 246 101 
80 139 237 95 33 95 
81 1 36 88 269 88 
82 223 215 215 210 215 
83 138 23 76 115 76 
84 166 166 7 122 52 
85 65 261 107 240 107 
86 120 154 79 143 90 
87 37 64 84 111 84 
88 96 70 152 117 171 
89 174 108 89 152 105 
90 262 118 45 3 45 
91 150 243 17 164 17 
92 260 268 238 63 238 
93 73 47 61 131 274 
94 216 219 216 231 216 
95 241 116 209 44 209 
96 54 143 54 51 54 
97 123 86 245 49 245 
98 5 171 233 189 175 
99 254 88 214 61 214 
100 98 46 98 73 98 
101 15 110 71 62 71 
102 165 177 186 2 138 
103 64 195 272 18 186 
104 181 17 74 106 74 
105 226 80 182 92 182 
106 192 255 47 1 47 
107 20 189 20 36 20 
108 132 20 64 250 64 
109 74 71 139 154 72 
110 203 119 193 29 193 
111 128 127 69 27 69 
112 136 103 202 83 202 
113 217 191 198 258 198 
114 279 157 100 12 100 
115 162 35 169 162 169 
116 78 135 196 181 196 
117 188 14 200 272 200 
118 277 57 155 243 155 
119 118 248 10 256 10 
120 227 94 227 41 227 
121 271 209 232 119 234 
122 50 163 241 179 241 
123 185 109 124 157 124 
124 49 181 161 97 237 
125 76 124 175 60 263 
126 212 187 212 247 212 
127 95 38 125 222 125 
128 180 197 8 145 8 
129 190 235 140 165 140 
130 45 199 91 89 109 
131 264 233 72 136 1 
132 164 137 19 196 19 
133 204 15 160 82 160 
134 84 246 123 224 123 
135 39 279 279 218 279 
136 46 100 157 168 157 
137 172 185 253 4 253 
138 196 120 239 230 239 
139 195 176 2 173 106 
140 228 245 86 170 86 
141 160 179 97 241 89 
142 57 226 224 275 224 
143 178 105 117 225 9 
144 194 126 194 197 194 
145 246 165 246 84 246 
146 163 247 146 94 61 
147 176 164 164 38 164 
148 83 13 81 81 81 
149 182 122 122 149 122 
150 238 112 162 194 162 
151 268 160 15 193 15 
152 59 162 112 150 112 
153 91 18 278 96 236 
154 69 264 150 105 150 
155 273 169 83 187 83 
156 72 225 173 251 94 
157 240 133 251 59 240 
158 87 89 94 195 179 
159 112 69 127 21 127 
160 41 41 41 139 41 
161 100 26 240 244 278 
162 117 72 171 208 177 
163 27 65 78 227 78 
164 231 73 199 175 203 
165 70 228 63 110 187 
166 269 107 154 24 137 
167 193 28 221 239 191 
168 4 210 210 54 12 
169 10 147 213 172 139 
170 22 49 12 140 108 
171 40 31 73 10 235 
172 242 16 276 22 248 
173 111 213 106 17 266 
174 252 90 187 238 97 
175 14 98 211 113 257 
176 229 32 32 202 32 
177 243 188 128 266 128 
178 201 173 147 78 206 
179 131 95 51 116 51 
180 184 33 75 190 30 
181 149 102 185 216 185 
182 47 34 248 70 34 
183 251 84 168 264 129 
184 52 29 144 23 18 
185 207 150 153 261 173 
186 125 267 179 259 93 
187 144 149 55 201 276 
188 200 258 108 137 39 
189 167 37 49 95 213 
190 179 145 105 108 58 
191 147 75 66 118 222 
192 21 212 218 9 168 
193 89 241 53 67 53 
194 43 159 118 121 22 
195 266 85 206 77 251 
196 148 113 60 163 151 
197 19 74 243 271 243 
198 221 136 223 28 223 
199 130 192 250 166 36 
200 276 43 31 75 21 
201 28 44 274 198 96 
202 18 216 255 127 130 
203 199 256 256 158 49 
204 233 263 85 86 152 
205 186 48 22 98 264 
206 140 269 26 90 195 
207 202 239 135 232 221 
208 58 50 236 71 201 
209 146 128 163 19 163 
210 94 142 142 101 142 
211 42 271 271 255 271 
212 232 117 205 144 229 
213 129 19 93 134 60 
214 171 52 29 223 267 
215 2 91 115 35 199 
216 93 167 166 80 91 
217 26 155 82 161 66 
218 278 77 65 220 159 
219 256 144 174 40 33 
220 237 79 28 112 233 
221 104 62 62 236 62 
222 234 270 113 11 247 
223 259 231 207 228 207 
224 61 277 220 39 220 
225 177 58 34 155 184 
226 225 175 103 91 103 
227 145 55 111 32 111 
228 143 56 56 99 56 
229 11 138 235 53 115 
230 106 151 109 206 210 
231 79 78 247 68 148 
232 152 59 181 235 117 
233 257 61 257 128 181 
234 275 60 203 248 256 
235 220 249 229 20 154 
236 121 96 195 69 158 
237 263 272 90 257 269 
238 274 274 263 120 270 
239 102 106 6 31 161 
240 135 227 159 26 65 
241 247 153 145 253 145 
242 205 21 37 25 146 
243 142 217 120 174 120 
244 239 134 23 156 23 
245 99 278 261 178 261 
246 168 275 148 160 272 
247 127 92 273 16 273 
248 68 276 59 30 275 
249 173 232 189 74 16 
250 270 156 16 278 35 
251 35 63 228 141 211 
252 88 211 24 263 24 
253 258 273 158 169 59 
254 126 221 192 229 192 
255 134 253 244 148 244 
256 85 53 188 242 188 
257 63 25 25 50 25 
258 210 99 99 87 99 
259 183 252 252 8 252 
260 219 254 219 56 219 
261 153 183 178 58 178 
262 110 200 190 103 190 
263 38 83 225 126 225 
264 249 139 77 45 77 
265 187 206 70 138 70 
266 248 259 92 214 92 
267 60 222 230 85 230 
268 44 123 134 177 134 
269 81 114 40 205 40 
270 208 68 132 200 132 
271 66 24 262 147 262 
272 108 266 167 203 167 
273 31 196 234 276 232 
274 114 39 102 133 102 
275 67 236 33 64 204 
276 209 27 27 262 27 
277 215 141 165 79 165 
278 169 193 119 46 119 
279 161 30 237 279 166 
