***********************************
Experiment parameters:
Experiment results:
Permutations:
I U RANK QCV rand PATH 
1 274 32 2 47 2 
2 219 2 205 186 100 
3 180 256 265 180 180 
4 211 230 32 273 241 
5 13 70 13 176 13 
6 79 37 219 14 48 
7 46 235 46 135 46 
8 68 18 68 167 68 
9 197 211 197 267 197 
10 104 263 104 142 104 
11 153 10 153 234 153 
12 159 104 159 72 159 
13 141 178 141 245 141 
14 156 143 156 57 156 
15 26 174 174 66 26 
16 126 27 126 125 126 
17 249 144 249 207 249 
18 48 111 37 254 55 
19 250 257 250 171 250 
20 55 234 279 104 64 
21 73 92 73 5 73 
22 2 118 218 93 75 
23 30 5 30 65 30 
24 50 62 50 76 50 
25 258 248 258 15 258 
26 175 59 175 52 175 
27 208 67 208 151 208 
28 174 217 26 42 174 
29 115 269 115 185 115 
30 116 28 116 159 116 
31 42 123 42 274 42 
32 149 196 149 265 149 
33 138 212 138 100 138 
34 251 48 277 48 103 
35 60 65 60 217 60 
36 82 173 82 188 82 
37 31 35 31 107 31 
38 87 156 87 13 87 
39 59 36 59 55 59 
40 133 197 133 213 133 
41 4 100 4 199 4 
42 57 160 57 123 57 
43 85 6 85 221 85 
44 265 228 180 191 265 
45 43 43 43 153 43 
46 52 253 52 124 52 
47 136 177 136 183 136 
48 14 14 14 233 14 
49 111 55 48 204 111 
50 268 4 268 215 268 
51 254 119 254 237 254 
52 260 249 260 212 260 
53 67 262 67 37 67 
54 189 61 189 109 189 
55 3 274 3 7 3 
56 231 231 231 249 231 
57 128 205 55 219 118 
58 226 189 226 277 226 
59 110 251 110 43 110 
60 38 72 38 88 38 
61 259 180 259 130 259 
62 228 54 228 252 228 
63 44 25 44 182 44 
64 270 44 270 211 270 
65 114 184 114 268 114 
66 183 242 183 146 183 
67 176 176 176 270 176 
68 276 57 276 114 276 
69 32 147 234 260 128 
70 143 260 143 192 143 
71 121 127 121 132 121 
72 11 186 11 226 11 
73 217 220 217 34 217 
74 80 145 80 129 80 
75 131 16 131 209 131 
76 242 76 242 102 242 
77 170 170 170 184 170 
78 177 254 177 6 177 
79 101 115 101 246 101 
80 95 105 95 33 95 
81 88 241 88 269 88 
82 147 135 64 210 135 
83 76 195 76 115 76 
84 166 247 166 122 166 
85 107 206 107 240 107 
86 90 90 90 143 90 
87 84 223 84 111 84 
88 152 131 152 117 152 
89 172 165 172 152 172 
90 45 258 45 3 45 
91 17 207 17 164 17 
92 238 275 238 63 238 
93 61 268 61 131 61 
94 216 108 216 231 216 
95 209 89 209 44 209 
96 54 84 54 51 54 
97 245 245 245 49 245 
98 146 201 146 189 146 
99 103 279 75 61 147 
100 98 34 98 73 98 
101 71 7 71 62 71 
102 256 267 256 2 256 
103 186 11 186 18 186 
104 74 161 74 106 74 
105 135 128 222 92 181 
106 47 47 47 1 47 
107 20 20 20 36 20 
108 118 222 230 250 182 
109 72 40 72 154 72 
110 193 271 193 29 193 
111 69 162 69 27 69 
112 202 276 202 83 202 
113 198 210 198 258 198 
114 100 137 100 12 32 
115 169 74 169 162 169 
116 196 45 196 181 196 
117 200 129 200 272 200 
118 155 227 155 243 155 
119 10 83 10 256 10 
120 227 194 227 41 227 
121 232 199 232 119 232 
122 241 132 241 179 37 
123 124 193 124 157 124 
124 113 113 117 97 117 
125 109 213 109 60 109 
126 212 98 212 247 212 
127 125 138 125 222 125 
128 8 278 8 145 8 
129 140 155 140 165 140 
130 91 60 91 89 91 
131 117 167 113 136 113 
132 19 237 19 196 19 
133 160 261 160 82 160 
134 123 69 123 224 123 
135 64 255 215 218 205 
136 157 24 157 168 157 
137 253 252 253 4 253 
138 239 73 239 230 239 
139 106 190 106 173 106 
140 86 63 86 170 86 
141 89 78 89 241 89 
142 224 130 224 275 224 
143 272 179 272 225 272 
144 194 166 194 197 194 
145 246 246 246 84 246 
146 247 140 247 94 247 
147 164 273 164 38 164 
148 81 81 81 81 81 
149 122 157 122 149 122 
150 162 80 162 194 162 
151 15 58 15 193 15 
152 112 265 112 150 112 
153 236 109 236 96 236 
154 150 114 150 105 150 
155 83 200 83 187 83 
156 94 139 94 251 94 
157 240 188 240 59 240 
158 179 233 179 195 179 
159 127 3 127 21 127 
160 41 42 41 139 41 
161 278 99 278 244 278 
162 1 1 1 208 1 
163 78 209 78 227 78 
164 203 175 203 175 203 
165 187 266 187 110 187 
166 137 29 137 24 137 
167 191 191 191 239 191 
168 12 12 12 54 12 
169 139 94 139 172 139 
170 108 198 108 140 108 
171 235 152 235 10 235 
172 248 82 248 22 248 
173 266 236 266 17 266 
174 97 240 97 238 97 
175 257 151 257 113 257 
176 181 215 103 202 214 
177 182 75 111 266 215 
178 206 30 206 78 206 
179 51 185 51 116 51 
180 21 168 21 190 21 
181 39 97 39 216 39 
182 34 204 34 70 34 
183 129 107 129 264 129 
184 275 125 275 23 275 
185 173 102 173 261 173 
186 93 31 93 259 93 
187 201 46 201 201 201 
188 185 93 185 137 185 
189 264 150 264 95 264 
190 65 77 65 108 65 
191 18 53 18 118 18 
192 213 9 213 9 213 
193 53 68 53 67 53 
194 204 8 204 121 204 
195 22 203 22 77 22 
196 7 116 7 163 7 
197 243 232 243 271 243 
198 223 26 223 28 223 
199 36 52 36 166 36 
200 66 221 66 75 66 
201 28 141 28 198 28 
202 29 22 251 127 251 
203 5 17 5 158 5 
204 167 172 79 86 79 
205 184 85 184 98 184 
206 144 87 144 90 144 
207 221 13 221 232 221 
208 58 169 58 71 58 
209 163 163 163 19 163 
210 142 106 142 101 142 
211 27 146 27 255 27 
212 105 95 105 144 105 
213 63 86 63 134 63 
214 171 171 171 223 171 
215 148 56 148 35 148 
216 96 41 96 80 96 
217 130 224 130 161 130 
218 154 154 154 220 154 
219 233 153 233 40 233 
220 37 23 29 112 29 
221 62 21 62 236 62 
222 6 192 6 11 6 
223 207 272 207 228 207 
224 220 117 220 39 220 
225 49 15 49 155 49 
226 215 219 118 91 218 
227 269 214 128 32 219 
228 56 71 56 99 56 
229 210 216 210 53 210 
230 168 238 168 206 168 
231 161 49 161 68 161 
232 267 91 267 235 267 
233 9 158 9 128 9 
234 205 159 274 248 274 
235 229 202 229 20 229 
236 195 148 195 69 195 
237 230 208 199 257 199 
238 75 239 269 120 269 
239 234 64 135 31 222 
240 35 110 35 26 35 
241 145 96 145 253 145 
242 279 218 214 25 230 
243 120 134 120 174 120 
244 23 226 23 156 23 
245 261 79 261 178 261 
246 222 181 182 160 234 
247 273 164 273 16 273 
248 263 101 263 30 263 
249 151 225 151 74 151 
250 16 229 16 278 16 
251 199 243 211 141 211 
252 24 259 24 263 24 
253 158 187 158 169 158 
254 192 264 192 229 192 
255 244 244 244 148 244 
256 188 39 188 242 188 
257 25 270 25 50 25 
258 99 50 99 87 99 
259 252 51 252 8 252 
260 214 103 255 56 255 
261 178 149 178 58 178 
262 190 142 190 103 190 
263 225 33 225 126 225 
264 77 112 77 45 77 
265 70 183 70 138 70 
266 92 121 92 214 92 
267 255 182 147 85 277 
268 134 120 134 177 134 
269 40 126 40 205 40 
270 132 88 132 200 132 
271 262 133 262 147 262 
272 218 122 167 203 167 
273 277 277 181 276 279 
274 102 136 102 133 102 
275 33 38 33 64 33 
276 271 124 271 262 271 
277 165 250 165 79 165 
278 119 19 119 46 119 
279 237 66 237 279 237 
