***********************************
Experiment parameters:
Experiment results:
Permutations:
I U RANK QCV rand PATH 
1 278 49 7 47 7 
2 244 155 14 186 14 
3 227 233 227 180 264 
4 106 278 241 273 28 
5 191 81 191 176 191 
6 29 241 28 14 29 
7 128 44 128 135 128 
8 26 54 26 167 26 
9 164 57 164 267 164 
10 21 214 40 142 40 
11 16 24 16 234 16 
12 141 247 141 72 141 
13 33 208 33 245 33 
14 98 135 98 57 98 
15 50 170 50 66 50 
16 1 17 1 125 1 
17 211 161 211 207 211 
18 18 151 29 254 39 
19 112 154 112 171 112 
20 17 97 39 104 49 
21 96 163 96 5 96 
22 7 7 49 93 62 
23 218 143 218 65 218 
24 272 121 272 76 272 
25 56 31 56 15 56 
26 168 13 168 52 168 
27 14 60 113 151 113 
28 105 11 105 42 105 
29 224 96 224 185 224 
30 125 33 125 159 125 
31 59 37 59 274 59 
32 183 34 183 265 183 
33 110 48 110 100 110 
34 28 82 192 48 82 
35 257 50 257 217 257 
36 34 183 34 188 34 
37 8 18 8 107 8 
38 108 224 108 13 108 
39 261 168 261 55 261 
40 188 189 188 213 188 
41 87 205 87 199 87 
42 36 156 36 123 36 
43 277 16 277 221 277 
44 264 74 264 191 227 
45 171 88 171 153 171 
46 76 80 76 124 76 
47 240 65 240 183 240 
48 72 72 72 233 72 
49 97 39 62 204 97 
50 107 107 107 215 107 
51 20 240 20 237 20 
52 260 164 260 212 260 
53 214 195 214 37 214 
54 258 119 258 109 258 
55 161 254 161 7 161 
56 276 276 276 249 276 
57 134 28 252 219 106 
58 109 162 109 277 109 
59 80 61 80 43 80 
60 216 167 216 88 216 
61 255 55 255 130 255 
62 263 69 263 252 263 
63 42 21 42 182 42 
64 46 42 46 211 46 
65 262 209 262 268 262 
66 160 248 160 146 160 
67 136 2 136 270 136 
68 167 89 167 114 167 
69 32 159 244 260 126 
70 213 46 213 192 213 
71 247 113 247 132 247 
72 142 178 142 226 142 
73 88 171 88 34 88 
74 115 59 115 129 115 
75 73 100 73 209 73 
76 31 86 31 102 31 
77 201 27 201 184 201 
78 153 191 153 6 153 
79 57 53 57 246 57 
80 122 196 122 33 122 
81 205 77 205 269 205 
82 123 166 82 210 131 
83 248 114 248 115 248 
84 197 279 197 122 197 
85 210 230 210 240 210 
86 186 112 186 143 186 
87 223 263 223 111 223 
88 156 198 156 117 156 
89 154 73 154 152 154 
90 3 226 3 3 3 
91 143 251 143 164 143 
92 229 102 229 63 229 
93 119 109 119 131 119 
94 90 269 90 231 90 
95 19 45 19 44 19 
96 236 264 236 51 236 
97 116 116 116 49 116 
98 235 93 235 189 235 
99 131 222 175 61 134 
100 121 272 121 73 121 
101 5 3 5 62 5 
102 170 227 74 2 170 
103 207 104 207 18 207 
104 52 176 52 106 52 
105 39 14 278 92 151 
106 177 177 177 1 177 
107 25 19 25 36 25 
108 166 192 97 250 155 
109 274 200 274 154 274 
110 198 237 198 29 198 
111 53 123 53 27 53 
112 44 253 44 83 44 
113 245 181 245 258 245 
114 77 138 83 12 83 
115 47 52 47 162 47 
116 111 5 111 181 111 
117 246 133 246 272 246 
118 48 64 48 243 48 
119 182 201 182 256 182 
120 199 110 199 41 199 
121 78 141 78 119 78 
122 83 43 77 179 77 
123 266 256 266 157 266 
124 178 268 55 97 55 
125 101 234 101 60 101 
126 169 172 169 247 169 
127 99 152 99 222 99 
128 174 197 174 145 174 
129 271 179 271 165 271 
130 74 105 170 89 74 
131 55 207 178 136 178 
132 68 85 68 196 68 
133 232 36 232 82 232 
134 203 91 203 224 203 
135 49 106 106 218 159 
136 69 257 69 168 69 
137 139 139 139 4 139 
138 127 78 127 230 127 
139 273 140 273 173 273 
140 204 15 204 170 204 
141 67 25 67 241 67 
142 23 23 23 275 23 
143 209 182 209 225 209 
144 179 41 179 197 179 
145 253 235 253 84 253 
146 102 199 102 94 102 
147 70 250 70 38 70 
148 193 193 193 81 193 
149 103 236 103 149 103 
150 135 6 135 194 135 
151 38 58 38 193 38 
152 268 239 268 150 268 
153 144 101 144 96 144 
154 27 246 27 105 27 
155 133 262 133 187 133 
156 63 270 63 251 63 
157 231 231 231 59 231 
158 251 30 251 195 251 
159 150 32 150 21 150 
160 91 108 91 139 91 
161 279 169 279 244 279 
162 173 120 173 208 173 
163 45 67 45 227 45 
164 61 122 61 175 61 
165 190 173 190 110 190 
166 138 87 138 24 138 
167 10 10 10 239 10 
168 140 273 140 54 140 
169 270 63 270 172 270 
170 181 90 181 140 181 
171 267 147 267 10 267 
172 238 92 238 22 238 
173 148 190 148 17 148 
174 184 187 184 238 184 
175 221 267 221 113 221 
176 126 165 228 202 165 
177 151 244 131 266 166 
178 30 71 30 78 30 
179 94 261 94 116 94 
180 212 212 212 190 212 
181 2 184 2 216 2 
182 64 225 64 70 64 
183 9 117 9 264 9 
184 172 174 172 23 172 
185 226 238 226 261 226 
186 202 76 202 259 202 
187 147 274 147 201 147 
188 75 202 75 137 75 
189 249 243 249 95 249 
190 219 219 219 108 219 
191 256 266 256 118 256 
192 234 84 234 9 234 
193 200 216 200 67 200 
194 152 229 152 121 152 
195 196 220 196 77 196 
196 85 111 85 163 85 
197 185 40 185 271 185 
198 239 223 239 28 239 
199 12 75 12 166 12 
200 92 22 92 75 92 
201 65 160 65 198 65 
202 104 242 18 127 18 
203 117 249 117 158 117 
204 40 149 17 86 17 
205 243 275 243 98 243 
206 118 98 118 90 118 
207 132 132 132 232 132 
208 269 265 269 71 269 
209 208 125 208 19 208 
210 129 129 129 101 129 
211 89 1 237 255 89 
212 220 8 220 144 220 
213 15 204 15 134 15 
214 51 51 51 223 51 
215 81 79 81 35 81 
216 189 115 189 80 189 
217 145 145 145 161 145 
218 158 70 158 220 158 
219 71 210 71 40 71 
220 43 95 43 112 43 
221 66 99 66 236 66 
222 24 277 24 11 24 
223 230 218 230 228 230 
224 233 130 233 39 233 
225 176 38 176 155 176 
226 155 29 126 91 175 
227 175 62 134 32 192 
228 86 124 86 99 86 
229 120 144 120 53 120 
230 41 271 41 206 41 
231 58 47 58 68 58 
232 11 103 11 235 11 
233 84 148 84 128 84 
234 165 203 123 248 123 
235 93 128 93 20 93 
236 215 20 215 69 215 
237 192 211 32 257 32 
238 62 260 21 120 21 
239 222 228 165 31 222 
240 242 94 242 26 242 
241 60 213 60 253 60 
242 82 175 222 25 228 
243 137 194 137 174 137 
244 162 83 162 156 162 
245 146 217 146 178 146 
246 159 126 151 160 241 
247 250 158 250 16 250 
248 6 118 6 30 6 
249 54 221 54 74 54 
250 149 186 149 278 149 
251 195 127 195 141 195 
252 130 157 130 263 130 
253 265 245 265 169 265 
254 275 9 275 229 275 
255 206 206 206 148 206 
256 187 136 187 242 187 
257 37 150 37 50 37 
258 225 66 225 87 225 
259 13 12 13 8 13 
260 252 252 155 56 244 
261 114 259 114 58 114 
262 4 4 4 103 4 
263 35 232 35 126 35 
264 157 142 157 45 157 
265 259 68 259 138 259 
266 163 188 163 214 163 
267 241 134 159 85 252 
268 194 137 194 177 194 
269 100 26 100 205 100 
270 95 258 95 200 95 
271 254 185 254 147 254 
272 113 255 104 203 104 
273 228 131 166 276 278 
274 22 153 22 133 22 
275 180 35 180 64 180 
276 237 146 89 262 237 
277 217 180 217 79 217 
278 124 56 124 46 124 
279 79 215 79 279 79 
