***********************************
Experiment parameters:
Experiment results:
Permutations:
I U RANK QCV rand PATH 
1 107 125 1 47 123 
2 26 124 2 186 81 
3 101 204 3 180 187 
4 70 95 4 273 183 
5 167 53 5 176 130 
6 273 260 6 14 21 
7 109 172 7 135 4 
8 149 227 8 167 10 
9 123 163 9 267 117 
10 24 148 10 142 18 
11 85 218 11 234 169 
12 59 82 12 72 256 
13 37 108 13 245 224 
14 144 52 14 57 52 
15 235 4 15 66 100 
16 218 208 16 125 243 
17 15 230 17 207 54 
18 67 24 18 254 186 
19 202 91 19 171 115 
20 124 69 20 104 239 
21 22 147 21 5 125 
22 94 119 22 93 200 
23 48 16 23 65 173 
24 267 8 24 76 53 
25 33 244 25 15 247 
26 137 87 26 52 36 
27 262 51 27 151 101 
28 142 141 28 42 202 
29 5 1 29 185 1 
30 155 166 30 159 15 
31 23 192 31 274 201 
32 169 123 32 265 178 
33 126 179 33 100 26 
34 80 157 34 48 270 
35 82 5 35 217 257 
36 244 138 36 188 9 
37 52 85 37 107 17 
38 195 122 38 13 122 
39 83 150 39 55 275 
40 162 49 40 213 204 
41 106 183 41 199 65 
42 199 63 42 123 252 
43 228 231 43 221 216 
44 168 185 44 191 223 
45 215 251 45 153 268 
46 129 9 46 124 255 
47 10 201 47 183 192 
48 133 75 48 233 211 
49 145 246 49 204 246 
50 39 73 50 215 131 
51 100 155 51 237 190 
52 134 232 52 212 150 
53 175 249 53 37 35 
54 13 101 54 109 241 
55 99 109 55 7 206 
56 50 33 56 249 50 
57 120 222 57 219 63 
58 278 219 58 277 31 
59 104 171 59 43 128 
60 258 156 60 88 248 
61 63 165 61 130 94 
62 181 216 62 252 148 
63 122 57 63 182 110 
64 112 11 64 211 181 
65 230 159 65 268 220 
66 224 259 66 146 67 
67 190 178 67 270 218 
68 242 102 68 114 112 
69 247 121 69 260 19 
70 220 117 70 192 164 
71 180 2 71 132 2 
72 47 35 72 226 203 
73 57 205 73 34 277 
74 256 245 74 129 205 
75 207 223 75 209 16 
76 74 144 76 102 14 
77 73 184 77 184 221 
78 41 139 78 6 58 
79 1 255 79 246 57 
80 34 50 80 33 75 
81 140 211 81 269 195 
82 19 19 82 210 227 
83 186 234 83 115 184 
84 61 103 84 122 127 
85 183 15 85 240 30 
86 8 70 86 143 166 
87 111 252 87 111 62 
88 251 258 88 117 171 
89 77 169 89 152 42 
90 105 133 90 3 24 
91 182 135 91 164 135 
92 54 38 92 63 140 
93 268 114 93 131 209 
94 113 229 94 231 163 
95 62 115 95 44 69 
96 90 164 96 51 13 
97 255 272 97 49 76 
98 17 17 98 189 157 
99 216 161 99 61 99 
100 159 274 100 73 43 
101 184 112 101 62 138 
102 206 18 102 2 199 
103 209 127 103 18 274 
104 150 213 104 106 278 
105 231 238 105 92 245 
106 116 236 106 1 32 
107 78 180 107 36 262 
108 91 275 108 250 8 
109 42 72 109 154 129 
110 76 66 110 29 198 
111 212 224 111 27 244 
112 227 90 112 83 235 
113 248 174 113 258 88 
114 203 143 114 12 78 
115 147 160 115 162 60 
116 66 128 116 181 155 
117 25 25 117 272 263 
118 197 235 118 243 59 
119 263 253 119 256 133 
120 219 62 120 41 272 
121 161 240 121 119 70 
122 38 226 122 179 38 
123 71 71 123 157 124 
124 177 151 124 97 119 
125 110 104 125 60 5 
126 151 181 126 247 276 
127 245 248 127 222 156 
128 118 173 128 145 27 
129 79 190 129 165 86 
130 51 153 130 89 141 
131 270 177 131 136 167 
132 32 130 132 196 267 
133 21 94 133 82 165 
134 234 277 134 224 189 
135 264 264 135 218 264 
136 178 31 136 168 219 
137 188 97 137 4 33 
138 86 10 138 230 208 
139 257 176 139 173 40 
140 49 182 140 170 98 
141 165 250 141 241 250 
142 117 48 142 275 126 
143 9 116 143 225 182 
144 277 134 144 197 93 
145 164 189 145 84 261 
146 68 120 146 94 37 
147 138 39 147 38 39 
148 261 273 148 81 176 
149 172 187 149 149 49 
150 193 278 150 194 213 
151 274 3 151 193 142 
152 27 261 152 150 7 
153 16 88 153 96 46 
154 276 257 154 105 90 
155 148 96 155 187 214 
156 157 225 156 251 249 
157 46 207 157 59 279 
158 154 64 158 195 217 
159 28 93 159 21 234 
160 56 175 160 139 175 
161 2 26 161 244 251 
162 18 110 162 208 29 
163 241 111 163 227 47 
164 211 74 164 175 228 
165 96 106 165 110 149 
166 55 27 166 24 147 
167 95 28 167 239 82 
168 189 199 168 54 137 
169 265 167 169 172 79 
170 136 267 170 140 193 
171 232 105 171 10 215 
172 269 170 172 22 87 
173 222 32 173 17 260 
174 266 92 174 238 85 
175 246 268 175 113 139 
176 213 118 176 202 118 
177 272 254 177 266 212 
178 260 203 178 78 266 
179 121 29 179 116 185 
180 237 152 180 190 188 
181 158 44 181 216 44 
182 119 34 182 70 61 
183 196 86 183 264 11 
184 29 30 184 23 152 
185 243 89 185 261 172 
186 275 237 186 259 258 
187 92 37 187 201 113 
188 135 221 188 137 238 
189 185 145 189 95 229 
190 192 276 190 108 168 
191 127 270 191 118 84 
192 98 40 192 9 271 
193 204 131 193 67 73 
194 239 41 194 121 71 
195 173 43 195 77 269 
196 141 36 196 163 236 
197 89 242 197 271 242 
198 194 194 198 28 194 
199 249 158 199 166 134 
200 131 200 200 75 105 
201 75 45 201 198 210 
202 163 46 202 127 231 
203 11 42 203 158 22 
204 36 193 204 86 72 
205 225 107 205 98 179 
206 84 100 206 90 91 
207 53 56 207 232 158 
208 60 228 208 71 102 
209 226 212 209 19 226 
210 238 126 210 101 48 
211 58 6 211 255 6 
212 102 196 212 144 77 
213 191 263 213 134 174 
214 103 202 214 223 106 
215 128 210 215 35 107 
216 146 54 216 80 34 
217 97 77 217 161 28 
218 208 22 218 220 95 
219 45 132 219 40 144 
220 14 84 220 112 146 
221 217 78 221 236 143 
222 152 233 222 11 170 
223 88 220 223 228 159 
224 6 13 224 39 121 
225 253 58 225 155 114 
226 171 168 226 91 222 
227 87 55 227 32 104 
228 198 162 228 99 162 
229 174 136 229 53 55 
230 20 146 230 206 74 
231 153 80 231 68 132 
232 130 59 232 235 153 
233 44 262 233 128 116 
234 233 61 234 248 232 
235 114 256 235 20 230 
236 254 266 236 69 136 
237 139 265 237 257 237 
238 210 79 238 120 273 
239 115 113 239 31 177 
240 132 98 240 26 80 
241 3 149 241 253 103 
242 229 129 242 25 68 
243 108 99 243 174 108 
244 69 195 244 156 56 
245 31 21 245 178 145 
246 12 65 246 160 233 
247 214 60 247 16 160 
248 240 68 248 30 265 
249 81 269 249 74 151 
250 65 81 250 278 41 
251 7 239 251 141 120 
252 236 209 252 263 51 
253 279 67 253 169 3 
254 72 247 254 229 161 
255 221 47 255 148 111 
256 252 140 256 242 254 
257 4 23 257 50 23 
258 40 154 258 87 154 
259 250 198 259 8 66 
260 35 186 260 56 89 
261 200 142 261 58 259 
262 156 188 262 103 25 
263 259 214 263 126 225 
264 160 137 264 45 240 
265 201 217 265 138 20 
266 125 76 266 214 96 
267 271 215 267 85 92 
268 43 83 268 177 97 
269 93 7 269 205 12 
270 170 243 270 200 207 
271 179 271 271 147 180 
272 176 20 272 203 253 
273 223 191 273 276 45 
274 143 206 274 133 109 
275 166 241 275 64 191 
276 64 279 276 262 64 
277 205 12 277 79 83 
278 187 197 278 46 197 
279 30 14 279 279 196 
