***********************************
Experiment parameters:
Experiment results:
Permutations:
I U RANK QCV rand PATH 
1 275 256 1 47 219 
2 34 81 2 186 12 
3 120 117 3 180 82 
4 12 92 4 273 198 
5 98 209 5 176 143 
6 169 258 6 14 94 
7 128 176 7 135 261 
8 28 184 8 167 131 
9 175 276 9 267 105 
10 68 250 10 142 53 
11 185 268 11 234 155 
12 75 169 12 72 263 
13 70 264 13 245 201 
14 94 226 14 57 242 
15 134 3 15 66 137 
16 238 62 16 125 33 
17 253 246 17 207 206 
18 58 221 18 254 191 
19 183 219 19 171 20 
20 78 68 20 104 92 
21 43 269 21 5 46 
22 40 6 22 93 74 
23 256 127 23 65 160 
24 242 7 24 76 145 
25 149 213 25 15 173 
26 51 251 26 52 223 
27 111 95 27 151 48 
28 267 65 28 42 248 
29 113 4 29 185 4 
30 138 182 30 159 87 
31 260 245 31 274 245 
32 119 133 32 265 199 
33 95 53 33 100 49 
34 15 263 34 48 151 
35 13 211 35 217 124 
36 17 145 36 188 22 
37 27 158 37 107 6 
38 163 237 38 13 172 
39 196 152 39 55 109 
40 142 90 40 213 66 
41 130 11 41 199 115 
42 125 254 42 123 265 
43 126 266 43 221 133 
44 47 85 44 191 204 
45 176 186 45 153 141 
46 143 12 46 124 220 
47 273 144 47 183 2 
48 102 222 48 233 85 
49 157 22 49 204 193 
50 240 177 50 215 43 
51 87 156 51 237 65 
52 24 259 52 212 251 
53 80 236 53 37 171 
54 189 103 54 109 186 
55 171 101 55 7 24 
56 29 56 56 249 62 
57 85 223 57 219 228 
58 174 89 58 277 178 
59 249 199 59 43 25 
60 246 44 60 88 190 
61 123 163 61 130 142 
62 181 206 62 252 268 
63 135 64 63 182 8 
64 108 83 64 211 149 
65 30 207 65 268 114 
66 20 5 66 146 200 
67 265 193 67 270 26 
68 52 14 68 114 83 
69 250 119 69 260 16 
70 131 131 70 192 184 
71 107 139 71 132 139 
72 239 50 72 226 148 
73 46 36 73 34 215 
74 173 170 74 129 79 
75 144 204 75 209 70 
76 222 70 76 102 222 
77 49 10 77 184 270 
78 36 86 78 6 188 
79 261 248 79 246 107 
80 39 194 80 33 32 
81 90 35 81 269 264 
82 42 66 82 210 237 
83 8 121 83 115 213 
84 141 124 84 122 120 
85 268 110 85 240 210 
86 187 69 86 143 103 
87 213 57 87 111 45 
88 7 239 88 117 255 
89 148 17 89 152 14 
90 192 155 90 3 221 
91 177 98 91 164 104 
92 223 43 92 63 138 
93 195 115 93 131 192 
94 259 262 94 231 84 
95 180 257 95 44 41 
96 197 72 96 51 90 
97 188 183 97 49 102 
98 92 96 98 189 3 
99 178 93 99 61 60 
100 41 261 100 73 158 
101 168 107 101 62 17 
102 276 108 102 2 156 
103 229 118 103 18 21 
104 172 253 104 106 253 
105 277 79 105 92 170 
106 153 242 106 1 130 
107 179 61 107 36 239 
108 165 51 108 250 95 
109 132 71 109 154 106 
110 231 231 110 29 39 
111 146 270 111 27 189 
112 220 112 112 83 9 
113 9 166 113 258 69 
114 93 15 114 12 272 
115 254 1 115 162 267 
116 245 164 116 181 274 
117 159 77 117 272 23 
118 54 125 118 243 54 
119 155 260 119 256 123 
120 89 102 120 41 150 
121 227 240 121 119 86 
122 140 168 122 179 175 
123 106 191 123 157 140 
124 67 212 124 97 196 
125 3 140 125 60 208 
126 65 174 126 247 164 
127 44 190 127 222 44 
128 11 129 128 145 174 
129 272 255 129 165 262 
130 232 21 130 89 30 
131 167 216 131 136 211 
132 236 198 132 196 52 
133 118 180 133 82 249 
134 59 159 134 224 37 
135 82 217 135 218 217 
136 63 272 136 168 15 
137 271 189 137 4 187 
138 190 47 138 230 19 
139 99 192 139 173 259 
140 186 63 140 170 50 
141 228 30 141 241 122 
142 50 178 142 275 89 
143 48 162 143 225 258 
144 233 33 144 197 56 
145 262 37 145 84 271 
146 166 188 146 94 212 
147 200 135 147 38 135 
148 264 273 148 81 182 
149 207 82 149 149 117 
150 204 18 150 194 18 
151 274 267 151 193 180 
152 64 233 152 150 59 
153 4 87 153 96 179 
154 101 278 154 105 112 
155 199 279 155 187 236 
156 202 171 156 251 252 
157 35 172 157 59 229 
158 91 132 158 195 205 
159 243 173 159 21 121 
160 150 185 160 139 185 
161 112 25 161 244 27 
162 221 165 162 208 110 
163 1 197 163 227 125 
164 193 73 164 175 118 
165 160 232 165 110 78 
166 255 26 166 24 67 
167 23 27 167 239 214 
168 56 28 168 54 254 
169 77 143 169 172 227 
170 105 128 170 140 11 
171 203 29 171 10 157 
172 279 105 172 22 167 
173 61 265 173 17 75 
174 6 20 174 238 113 
175 257 97 175 113 238 
176 53 88 176 202 88 
177 88 277 177 266 134 
178 109 74 178 78 230 
179 145 23 179 116 127 
180 38 31 180 190 240 
181 18 24 181 216 197 
182 25 214 182 70 29 
183 258 84 183 264 273 
184 170 109 184 23 216 
185 73 94 185 261 57 
186 33 34 186 259 31 
187 210 151 187 201 257 
188 103 116 188 137 10 
189 136 227 189 95 100 
190 19 160 190 108 260 
191 37 75 191 118 246 
192 2 99 192 9 176 
193 164 175 193 67 168 
194 55 41 194 121 165 
195 60 106 195 77 76 
196 84 38 196 163 147 
197 263 104 197 271 98 
198 104 2 198 28 144 
199 237 187 199 166 35 
200 270 130 200 75 128 
201 269 45 201 198 73 
202 26 46 202 127 266 
203 194 40 203 158 152 
204 211 120 204 86 226 
205 100 48 205 98 38 
206 97 49 206 90 162 
207 16 60 207 232 93 
208 147 238 208 71 58 
209 10 134 209 19 177 
210 217 218 210 101 218 
211 129 202 211 255 202 
212 66 220 212 144 225 
213 226 149 213 134 269 
214 96 224 214 223 195 
215 69 225 215 35 224 
216 72 54 216 80 96 
217 62 76 217 161 243 
218 115 243 218 220 63 
219 234 234 219 40 97 
220 212 122 220 112 64 
221 152 39 221 236 126 
222 266 235 222 11 234 
223 32 59 223 228 207 
224 252 229 224 39 72 
225 124 58 225 155 51 
226 278 161 226 91 71 
227 21 249 227 32 81 
228 83 13 228 99 13 
229 122 137 229 53 256 
230 161 146 230 206 154 
231 244 78 231 68 232 
232 71 123 232 235 276 
233 22 9 233 128 108 
234 224 241 234 248 235 
235 5 100 235 20 40 
236 74 157 236 69 99 
237 235 196 237 257 136 
238 225 244 238 120 241 
239 76 111 239 31 111 
240 248 150 240 26 129 
241 156 154 241 253 161 
242 205 136 242 25 278 
243 158 19 243 174 47 
244 114 271 244 156 116 
245 247 228 245 178 7 
246 110 275 246 160 244 
247 127 208 247 16 1 
248 206 147 248 30 275 
249 208 67 249 74 203 
250 241 274 250 278 55 
251 151 113 251 141 169 
252 219 203 252 263 68 
253 191 142 253 169 163 
254 137 153 254 229 153 
255 201 8 255 148 101 
256 182 138 256 242 277 
257 218 42 257 50 42 
258 117 247 258 87 247 
259 215 91 259 8 231 
260 45 141 260 56 146 
261 209 148 261 58 5 
262 214 195 262 103 77 
263 57 252 263 126 279 
264 184 179 264 45 209 
265 162 210 265 138 61 
266 31 200 266 214 183 
267 251 230 267 85 34 
268 154 80 268 177 159 
269 230 114 269 205 233 
270 14 16 270 200 119 
271 79 52 271 147 28 
272 216 167 272 203 166 
273 133 181 273 276 181 
274 81 215 274 133 36 
275 198 55 275 64 250 
276 116 205 276 262 132 
277 139 201 277 79 80 
278 121 126 278 46 91 
279 86 32 279 279 194 
