***********************************
Experiment parameters:
Experiment results:
Permutations:
I U RANK QCV rand PATH 
1 144 131 1 47 217 
2 232 198 2 186 278 
3 141 173 3 180 11 
4 26 101 4 273 34 
5 191 215 5 176 163 
6 89 13 6 14 215 
7 142 192 7 135 166 
8 202 235 8 167 111 
9 4 200 9 267 168 
10 278 1 10 142 191 
11 159 2 11 234 47 
12 82 85 12 72 5 
13 60 255 13 245 246 
14 219 217 14 57 213 
15 205 3 15 66 190 
16 231 132 16 125 2 
17 235 220 17 207 38 
18 19 237 18 254 238 
19 94 4 19 171 7 
20 98 244 20 104 118 
21 226 57 21 5 61 
22 237 5 22 93 57 
23 29 176 23 65 204 
24 240 136 24 76 3 
25 184 172 25 15 42 
26 145 23 26 52 78 
27 56 105 27 151 59 
28 174 7 28 42 153 
29 193 86 29 185 241 
30 67 42 30 159 154 
31 243 115 31 274 115 
32 42 133 32 265 43 
33 215 51 33 100 73 
34 151 168 34 48 200 
35 186 113 35 217 16 
36 182 153 36 188 69 
37 166 216 37 107 216 
38 129 45 38 13 96 
39 76 124 39 55 40 
40 48 129 40 213 45 
41 155 148 41 199 209 
42 161 257 42 123 207 
43 221 145 43 221 157 
44 44 22 44 191 155 
45 271 202 45 153 90 
46 269 89 46 124 189 
47 131 243 47 183 24 
48 8 199 48 233 31 
49 223 269 49 204 97 
50 2 196 50 215 257 
51 39 9 51 237 105 
52 87 256 52 212 86 
53 210 175 53 37 253 
54 18 114 54 109 149 
55 154 56 55 7 211 
56 52 276 56 249 89 
57 90 55 57 219 239 
58 156 180 58 277 266 
59 149 212 59 43 151 
60 225 6 60 88 64 
61 188 186 61 130 109 
62 132 219 62 252 113 
63 102 261 63 182 219 
64 96 138 64 211 44 
65 136 232 65 268 236 
66 150 36 66 146 22 
67 206 204 67 270 93 
68 53 144 68 114 252 
69 252 227 69 260 17 
70 114 120 70 192 79 
71 165 28 71 132 201 
72 77 251 72 226 134 
73 101 155 73 34 94 
74 263 32 74 129 178 
75 273 154 75 209 91 
76 11 208 76 102 83 
77 207 128 77 184 234 
78 57 146 78 6 81 
79 47 263 79 246 150 
80 10 8 80 33 20 
81 254 52 81 269 174 
82 189 38 82 210 214 
83 58 94 83 115 37 
84 180 149 84 122 199 
85 66 193 85 240 66 
86 109 245 86 143 169 
87 227 61 87 111 106 
88 100 130 88 117 164 
89 197 151 89 152 54 
90 86 178 90 3 212 
91 68 112 91 164 56 
92 190 229 92 63 182 
93 277 211 93 131 33 
94 276 275 94 231 119 
95 135 121 95 44 110 
96 123 109 96 51 175 
97 258 60 97 49 15 
98 84 97 98 189 181 
99 259 194 99 61 29 
100 70 20 100 73 48 
101 267 225 101 62 245 
102 75 157 102 2 237 
103 213 134 103 18 62 
104 167 210 104 106 112 
105 214 224 105 92 224 
106 71 253 106 1 123 
107 30 213 107 36 263 
108 179 14 108 250 145 
109 139 231 109 154 1 
110 183 30 110 29 138 
111 27 188 111 27 197 
112 164 272 112 83 162 
113 147 206 113 258 176 
114 34 39 114 12 258 
115 212 174 115 162 165 
116 217 184 116 181 196 
117 103 12 117 272 255 
118 168 119 118 243 233 
119 140 233 119 256 206 
120 175 70 120 41 120 
121 7 254 121 119 131 
122 128 108 122 179 67 
123 148 241 123 157 71 
124 138 165 124 97 195 
125 264 238 125 60 95 
126 266 197 126 247 159 
127 173 64 127 222 25 
128 238 191 128 145 202 
129 125 265 129 165 256 
130 153 71 130 89 243 
131 40 96 131 136 50 
132 234 126 132 196 254 
133 9 79 133 82 13 
134 37 135 134 224 271 
135 38 74 135 218 74 
136 121 258 136 168 39 
137 79 122 137 4 260 
138 24 123 138 230 262 
139 20 185 139 173 6 
140 256 201 140 170 152 
141 107 107 141 241 76 
142 88 53 142 275 180 
143 157 167 143 225 8 
144 255 147 144 197 9 
145 171 35 145 84 129 
146 126 169 146 94 267 
147 25 58 147 38 58 
148 50 274 148 81 101 
149 229 11 149 149 147 
150 220 44 150 194 270 
151 55 164 151 193 121 
152 63 116 152 150 63 
153 158 92 153 96 275 
154 54 19 154 105 124 
155 224 152 155 187 18 
156 21 262 156 251 133 
157 45 99 157 59 146 
158 203 21 158 195 225 
159 91 91 159 21 173 
160 265 247 160 139 247 
161 251 25 161 244 36 
162 162 75 162 208 70 
163 104 65 163 227 222 
164 244 66 164 175 259 
165 13 111 165 110 188 
166 260 26 166 24 23 
167 110 150 167 239 10 
168 134 277 168 54 88 
169 31 166 169 172 72 
170 275 140 170 140 32 
171 200 104 171 10 117 
172 163 252 172 22 170 
173 218 162 173 17 92 
174 201 95 174 238 137 
175 194 106 175 113 274 
176 241 248 176 202 248 
177 246 170 177 266 240 
178 117 78 178 78 100 
179 178 103 179 116 208 
180 209 33 180 190 269 
181 208 190 181 216 261 
182 59 34 182 70 279 
183 22 90 183 264 158 
184 279 31 184 23 194 
185 228 93 185 261 114 
186 236 163 186 259 84 
187 176 223 187 201 140 
188 72 100 188 137 172 
189 99 159 189 95 192 
190 32 278 190 108 228 
191 170 268 191 118 179 
192 78 15 192 9 139 
193 85 279 193 67 108 
194 268 40 194 121 223 
195 36 41 195 77 230 
196 61 177 196 163 125 
197 152 50 197 271 210 
198 74 218 198 28 218 
199 120 17 199 166 87 
200 81 160 200 75 19 
201 41 189 201 198 268 
202 15 47 202 127 276 
203 192 43 203 158 226 
204 97 46 204 86 183 
205 146 48 205 98 26 
206 249 49 206 90 205 
207 95 37 207 232 132 
208 65 125 208 71 242 
209 73 240 209 19 128 
210 115 72 210 101 53 
211 119 102 211 255 102 
212 14 187 212 144 104 
213 274 209 213 134 229 
214 124 84 214 223 265 
215 12 68 215 35 244 
216 187 54 216 80 68 
217 6 271 217 161 28 
218 92 81 218 220 148 
219 253 195 219 40 107 
220 130 110 220 112 126 
221 3 228 221 236 49 
222 272 239 222 11 130 
223 116 63 223 228 116 
224 242 127 224 39 99 
225 17 24 225 155 203 
226 196 266 226 91 60 
227 185 69 227 32 143 
228 5 249 228 99 249 
229 230 143 229 53 77 
230 46 161 230 206 193 
231 62 82 231 68 184 
232 51 59 232 235 167 
233 204 242 233 128 14 
234 250 250 234 248 277 
235 239 98 235 20 272 
236 211 62 236 69 75 
237 83 73 237 257 160 
238 113 76 238 120 52 
239 105 234 239 31 41 
240 177 179 240 26 51 
241 169 158 241 253 142 
242 23 137 242 25 55 
243 262 10 243 174 135 
244 112 171 244 156 46 
245 160 267 245 178 136 
246 1 260 246 160 127 
247 106 183 247 16 273 
248 111 270 248 30 227 
249 122 67 249 74 198 
250 270 83 250 278 141 
251 43 117 251 141 161 
252 118 226 252 263 4 
253 69 273 253 169 185 
254 257 87 254 229 144 
255 93 139 255 148 122 
256 172 182 256 242 250 
257 33 27 257 50 27 
258 248 156 258 87 156 
259 195 77 259 8 30 
260 16 142 260 56 231 
261 80 214 261 58 186 
262 199 16 262 103 12 
263 127 18 263 126 251 
264 28 141 264 45 187 
265 143 221 265 138 80 
266 233 80 266 214 232 
267 64 207 267 85 85 
268 245 29 268 177 177 
269 247 236 269 205 103 
270 181 205 270 200 235 
271 35 230 271 147 98 
272 137 181 272 203 82 
273 216 203 273 276 65 
274 133 88 274 133 171 
275 222 222 275 64 220 
276 261 259 276 262 21 
277 108 246 277 79 35 
278 198 264 278 46 264 
279 49 118 279 279 221 
