***********************************
Experiment parameters:
Experiment results:
Permutations:
I U RANK QCV rand PATH 
1 132 126 1 47 155 
2 131 145 2 186 96 
3 79 19 3 180 200 
4 90 51 4 273 40 
5 95 223 5 176 160 
6 215 222 6 14 7 
7 251 144 7 135 249 
8 139 188 8 167 279 
9 264 99 9 267 191 
10 141 1 10 142 256 
11 174 2 11 234 43 
12 262 268 12 72 173 
13 16 47 13 245 120 
14 50 217 14 57 132 
15 272 91 15 66 95 
16 265 273 16 125 254 
17 96 204 17 207 34 
18 106 36 18 254 58 
19 19 4 19 171 152 
20 115 68 20 104 141 
21 150 199 21 5 79 
22 190 97 22 93 83 
23 158 74 23 65 21 
24 257 6 24 76 25 
25 53 152 25 15 80 
26 12 86 26 52 222 
27 58 253 27 151 181 
28 55 7 28 42 229 
29 32 76 29 185 14 
30 207 187 30 159 247 
31 94 155 31 274 64 
32 111 198 32 265 51 
33 66 192 33 100 163 
34 185 249 34 48 75 
35 238 174 35 217 33 
36 211 173 36 188 89 
37 21 83 37 107 53 
38 56 117 38 13 277 
39 144 10 39 55 1 
40 129 184 40 213 136 
41 277 200 41 199 253 
42 64 248 42 123 218 
43 7 141 43 221 110 
44 30 90 44 191 167 
45 152 257 45 153 122 
46 108 110 46 124 205 
47 240 277 47 183 117 
48 209 70 48 233 185 
49 232 9 49 204 17 
50 242 64 50 215 255 
51 47 169 51 237 82 
52 45 232 52 212 131 
53 235 176 53 37 274 
54 71 124 54 109 16 
55 27 62 55 7 78 
56 46 195 56 249 259 
57 36 211 57 219 41 
58 107 154 58 277 237 
59 188 189 59 43 209 
60 3 258 60 88 198 
61 205 22 61 130 12 
62 212 203 62 252 201 
63 182 107 63 182 273 
64 173 178 64 211 140 
65 5 12 65 268 27 
66 244 11 66 146 23 
67 227 183 67 270 143 
68 239 109 68 114 244 
69 151 81 69 260 231 
70 258 153 70 192 134 
71 206 191 71 132 37 
72 104 172 72 226 148 
73 180 186 73 34 20 
74 126 179 74 129 133 
75 114 260 75 209 156 
76 87 98 76 102 268 
77 44 65 77 184 252 
78 120 149 78 6 101 
79 40 230 79 246 232 
80 89 102 80 33 170 
81 175 112 81 269 172 
82 73 140 82 210 15 
83 116 177 83 115 92 
84 268 16 84 122 228 
85 17 275 85 240 217 
86 100 69 86 143 146 
87 198 55 87 111 99 
88 138 209 88 117 93 
89 216 115 89 152 26 
90 77 108 90 3 269 
91 140 45 91 164 71 
92 25 56 92 63 77 
93 270 114 93 131 169 
94 189 269 94 231 69 
95 177 214 95 44 31 
96 153 136 96 51 177 
97 192 213 97 49 144 
98 102 17 98 189 60 
99 105 66 99 61 9 
100 165 21 100 73 264 
101 247 113 101 62 4 
102 204 131 102 2 234 
103 193 129 103 18 90 
104 52 71 104 106 73 
105 48 134 105 92 184 
106 101 218 106 1 248 
107 195 190 107 36 221 
108 179 52 108 250 153 
109 167 215 109 154 138 
110 234 60 110 29 39 
111 159 263 111 27 168 
112 31 247 112 83 162 
113 221 197 113 258 271 
114 260 57 114 12 178 
115 18 54 115 162 46 
116 171 180 116 181 126 
117 166 130 117 272 28 
118 157 122 118 243 164 
119 134 229 119 256 10 
120 91 85 120 41 213 
121 6 202 121 119 8 
122 112 160 122 179 166 
123 61 150 123 157 145 
124 218 201 124 97 210 
125 93 121 125 60 206 
126 33 193 126 247 54 
127 169 133 127 222 48 
128 103 181 128 145 233 
129 24 241 129 165 22 
130 201 205 130 89 36 
131 203 159 131 136 55 
132 162 138 132 196 91 
133 208 92 133 82 108 
134 224 42 134 224 194 
135 213 148 135 218 158 
136 2 8 136 168 57 
137 147 243 137 4 62 
138 243 162 138 230 47 
139 72 171 139 173 98 
140 63 226 140 170 87 
141 98 270 141 241 278 
142 181 165 142 275 154 
143 29 163 143 225 52 
144 156 254 144 197 243 
145 15 31 145 84 139 
146 4 225 146 94 135 
147 263 182 147 38 182 
148 81 271 148 81 175 
149 194 105 149 149 246 
150 125 14 150 194 227 
151 135 238 151 193 44 
152 266 88 152 150 45 
153 80 87 153 96 245 
154 172 20 154 105 242 
155 219 274 155 187 262 
156 276 157 156 251 176 
157 261 224 157 59 30 
158 51 212 158 195 261 
159 164 252 159 21 2 
160 256 33 160 139 211 
161 57 25 161 244 267 
162 199 276 162 208 266 
163 78 63 163 227 24 
164 236 53 164 175 124 
165 92 104 165 110 32 
166 225 27 166 24 275 
167 20 30 167 239 230 
168 223 161 168 54 84 
169 60 170 169 172 109 
170 75 266 170 140 241 
171 37 32 171 10 208 
172 191 120 172 22 159 
173 65 267 173 17 199 
174 67 272 174 238 197 
175 228 101 175 113 121 
176 82 219 176 202 151 
177 10 239 177 266 219 
178 121 235 178 78 42 
179 148 94 179 116 130 
180 74 34 180 190 56 
181 183 67 181 216 66 
182 22 210 182 70 74 
183 1 84 183 264 251 
184 220 26 184 23 116 
185 254 123 185 261 149 
186 59 37 186 259 113 
187 231 38 187 201 171 
188 117 73 188 137 125 
189 124 39 189 95 29 
190 186 40 190 108 263 
191 26 75 191 118 142 
192 146 158 192 9 61 
193 176 185 193 67 207 
194 253 43 194 121 161 
195 70 44 195 77 203 
196 137 28 196 163 165 
197 62 135 197 271 72 
198 202 72 198 28 239 
199 38 80 199 166 223 
200 8 116 200 75 193 
201 187 261 201 198 147 
202 267 48 202 127 196 
203 178 29 203 158 226 
204 97 41 204 86 238 
205 143 49 205 98 49 
206 13 46 206 90 270 
207 217 233 207 232 272 
208 210 50 208 71 220 
209 54 207 209 19 128 
210 119 151 210 101 258 
211 155 3 211 255 3 
212 136 231 212 144 19 
213 68 95 213 134 38 
214 110 244 214 223 157 
215 42 245 215 35 35 
216 249 262 216 80 189 
217 246 77 217 161 86 
218 275 78 218 220 214 
219 229 251 219 40 183 
220 11 96 220 112 59 
221 9 100 221 236 5 
222 88 89 222 11 6 
223 85 18 223 228 88 
224 184 242 224 39 81 
225 149 58 225 155 215 
226 99 246 226 91 190 
227 86 82 227 32 13 
228 35 216 228 99 216 
229 273 143 229 53 115 
230 14 146 230 206 192 
231 245 236 231 68 180 
232 214 221 232 235 235 
233 84 255 233 128 123 
234 278 103 234 248 129 
235 76 93 235 20 70 
236 222 164 236 69 112 
237 163 259 237 257 105 
238 259 278 238 120 265 
239 49 106 239 31 118 
240 271 59 240 26 150 
241 109 24 241 253 97 
242 170 139 242 25 50 
243 269 194 243 174 76 
244 127 125 244 156 85 
245 274 13 245 178 114 
246 196 132 246 160 104 
247 130 23 247 16 111 
248 142 137 248 30 236 
249 43 166 249 74 257 
250 123 175 250 278 187 
251 161 237 251 141 63 
252 200 220 252 263 276 
253 241 156 253 169 11 
254 39 228 254 229 195 
255 154 250 255 148 250 
256 250 128 256 242 107 
257 83 35 257 50 225 
258 118 265 258 87 204 
259 197 5 259 8 68 
260 145 142 260 56 18 
261 69 111 261 58 102 
262 122 167 262 103 137 
263 279 79 263 126 202 
264 128 256 264 45 179 
265 28 240 265 138 94 
266 23 234 266 214 103 
267 237 208 267 85 106 
268 252 168 268 177 174 
269 226 227 269 205 188 
270 34 147 270 200 224 
271 230 279 271 147 127 
272 41 264 272 203 67 
273 233 196 273 276 119 
274 255 15 274 133 186 
275 133 206 275 64 240 
276 168 61 276 262 212 
277 160 127 277 79 65 
278 248 119 278 46 100 
279 113 118 279 279 260 
