***********************************
Experiment parameters:
Experiment results:
Permutations:
I U RANK QCV rand PATH 
1 232 123 73 47 73 
2 225 233 237 186 237 
3 20 138 68 180 68 
4 215 93 121 273 57 
5 137 209 109 176 154 
6 16 254 196 14 196 
7 160 248 251 135 22 
8 182 153 120 167 120 
9 193 98 189 267 189 
10 241 1 97 142 15 
11 168 2 235 234 114 
12 55 81 94 72 231 
13 188 224 102 245 102 
14 262 216 211 57 211 
15 31 190 1 66 141 
16 109 8 8 125 8 
17 6 206 253 207 253 
18 34 270 161 254 161 
19 154 212 108 171 108 
20 231 201 95 104 121 
21 227 271 168 5 168 
22 274 5 154 93 20 
23 13 174 229 65 125 
24 77 63 23 76 23 
25 117 177 129 15 129 
26 173 86 219 52 103 
27 113 96 173 151 173 
28 48 132 256 42 256 
29 27 6 57 185 6 
30 46 192 132 159 132 
31 257 65 65 274 65 
32 99 48 106 265 106 
33 219 278 125 100 251 
34 266 82 44 48 95 
35 170 114 205 217 109 
36 189 186 58 188 58 
37 134 109 85 107 85 
38 267 28 267 13 267 
39 76 133 151 55 150 
40 51 70 46 213 46 
41 136 12 193 199 107 
42 179 250 244 123 244 
43 107 143 217 221 10 
44 125 4 191 191 191 
45 15 252 259 153 170 
46 71 10 74 124 45 
47 59 137 260 183 260 
48 4 237 4 233 4 
49 130 24 104 204 104 
50 278 261 165 215 165 
51 11 154 268 237 268 
52 191 208 171 212 133 
53 151 87 119 37 119 
54 156 170 135 109 98 
55 270 101 222 7 222 
56 111 11 111 249 111 
57 22 240 130 219 235 
58 129 139 181 277 181 
59 275 173 209 43 209 
60 242 269 179 88 179 
61 98 188 233 130 233 
62 19 230 13 252 19 
63 42 113 24 182 24 
64 190 164 279 211 94 
65 82 34 42 268 42 
66 65 202 246 146 246 
67 244 20 158 270 158 
68 24 166 225 114 204 
69 41 267 272 260 272 
70 240 120 153 192 153 
71 146 245 245 132 245 
72 43 185 90 226 90 
73 80 51 66 34 66 
74 56 66 203 129 203 
75 212 79 146 209 146 
76 234 27 79 102 79 
77 64 238 9 184 9 
78 114 15 114 6 13 
79 108 256 234 246 234 
80 272 146 145 33 145 
81 254 111 117 269 117 
82 133 46 28 210 28 
83 112 77 177 115 177 
84 62 157 157 122 53 
85 172 110 160 240 82 
86 87 69 103 143 198 
87 122 62 140 111 140 
88 36 197 48 117 219 
89 148 17 204 152 243 
90 259 227 27 3 27 
91 187 242 37 164 37 
92 203 165 261 63 261 
93 199 112 206 131 206 
94 50 268 2 231 2 
95 90 218 241 44 241 
96 271 182 70 51 70 
97 209 7 263 49 263 
98 39 141 36 189 44 
99 263 129 100 61 100 
100 161 275 89 73 89 
101 127 118 38 62 38 
102 69 19 10 2 59 
103 23 175 86 18 86 
104 236 37 242 106 242 
105 66 203 78 92 78 
106 167 251 254 1 254 
107 198 207 54 36 54 
108 70 13 59 250 99 
109 132 239 150 154 187 
110 3 136 163 29 163 
111 5 102 131 27 131 
112 8 89 14 83 14 
113 268 54 112 258 112 
114 40 226 155 12 155 
115 155 127 21 162 21 
116 21 184 63 181 63 
117 233 71 227 272 227 
118 178 124 175 243 175 
119 158 234 240 256 240 
120 171 263 7 41 7 
121 250 244 5 119 5 
122 37 215 115 179 115 
123 131 161 61 157 61 
124 174 193 82 97 97 
125 211 61 243 60 25 
126 194 196 212 247 212 
127 269 179 269 222 269 
128 88 130 147 145 147 
129 237 231 152 165 152 
130 208 150 141 89 160 
131 35 22 15 136 171 
132 103 135 47 196 47 
133 228 16 202 82 202 
134 106 78 51 224 51 
135 28 55 55 218 55 
136 102 155 226 168 226 
137 152 249 149 4 149 
138 100 50 3 230 3 
139 45 189 275 173 275 
140 149 235 262 170 262 
141 248 259 170 241 259 
142 223 181 139 275 139 
143 96 198 45 225 17 
144 185 183 11 197 11 
145 153 214 214 84 214 
146 25 205 88 94 174 
147 89 162 162 38 162 
148 92 266 105 81 105 
149 197 68 138 149 138 
150 126 148 148 194 148 
151 115 21 127 193 127 
152 226 228 33 150 33 
153 49 276 184 96 184 
154 253 14 194 105 194 
155 47 262 213 187 213 
156 213 119 87 251 87 
157 147 199 236 59 236 
158 116 84 84 195 84 
159 235 131 77 21 77 
160 140 76 76 139 76 
161 121 25 221 244 221 
162 217 169 218 208 217 
163 159 64 101 227 101 
164 104 73 195 175 195 
165 143 99 12 110 12 
166 279 26 35 24 35 
167 163 220 6 239 118 
168 260 180 62 54 62 
169 157 221 99 172 218 
170 52 171 180 140 180 
171 273 144 248 10 248 
172 230 151 60 22 60 
173 258 30 123 17 123 
174 204 277 208 238 208 
175 26 97 128 113 26 
176 177 126 126 202 126 
177 120 260 137 266 137 
178 184 75 201 78 201 
179 138 191 270 116 270 
180 81 32 278 190 39 
181 18 200 18 216 18 
182 17 121 169 70 169 
183 201 104 69 264 69 
184 169 31 19 23 1 
185 141 88 197 261 197 
186 1 125 277 259 134 
187 93 35 20 201 278 
188 220 9 238 137 238 
189 144 106 255 95 255 
190 150 38 166 108 273 
191 202 85 75 118 75 
192 210 39 133 9 81 
193 139 115 49 67 49 
194 186 273 190 121 190 
195 207 95 230 77 230 
196 32 36 91 163 32 
197 261 116 116 271 116 
198 176 176 176 28 176 
199 166 149 223 166 223 
200 91 122 144 75 144 
201 2 43 231 198 88 
202 277 187 220 127 277 
203 57 44 187 158 164 
204 124 45 22 86 48 
205 73 47 25 98 74 
206 218 217 271 90 91 
207 196 100 224 232 224 
208 78 108 207 71 229 
209 229 49 215 19 215 
210 238 56 56 101 56 
211 101 92 92 255 92 
212 180 103 124 144 271 
213 245 94 134 134 130 
214 255 128 118 223 96 
215 123 232 26 35 110 
216 256 53 264 80 151 
217 75 160 39 161 124 
218 165 255 81 220 220 
219 247 247 98 40 135 
220 264 74 17 112 225 
221 222 41 41 236 41 
222 142 279 247 11 232 
223 145 33 228 228 228 
224 105 272 182 39 182 
225 205 58 167 155 166 
226 181 168 186 91 186 
227 60 243 16 32 16 
228 74 257 257 99 257 
229 83 140 252 53 167 
230 192 147 52 206 207 
231 252 210 276 68 205 
232 79 59 232 235 157 
233 94 60 164 128 276 
234 128 57 96 248 247 
235 97 91 266 20 31 
236 29 204 258 69 52 
237 7 258 107 257 258 
238 164 264 31 120 264 
239 12 105 110 31 193 
240 206 172 64 26 252 
241 10 253 265 253 64 
242 224 134 53 25 36 
243 14 3 183 174 183 
244 44 117 29 156 29 
245 239 23 142 178 142 
246 67 265 32 160 265 
247 38 156 40 16 40 
248 86 107 198 30 279 
249 119 158 239 74 239 
250 265 167 273 278 266 
251 276 274 43 141 43 
252 118 219 210 263 210 
253 72 246 156 169 156 
254 195 223 50 229 50 
255 200 18 200 148 200 
256 135 83 83 242 83 
257 175 178 178 50 178 
258 216 67 67 87 67 
259 68 163 136 8 136 
260 243 241 216 56 216 
261 95 40 172 58 172 
262 54 145 71 103 71 
263 9 213 185 126 185 
264 33 142 93 45 93 
265 63 211 30 138 30 
266 61 90 188 214 188 
267 53 194 274 85 274 
268 249 80 249 177 249 
269 214 42 34 205 34 
270 183 236 199 200 199 
271 251 225 192 147 192 
272 221 152 143 203 143 
273 85 195 122 276 122 
274 30 222 113 133 113 
275 162 52 250 64 250 
276 246 72 72 262 72 
277 84 29 80 79 80 
278 58 159 159 46 159 
279 110 229 174 279 128 
