***********************************
Experiment parameters:
Experiment results:
Permutations:
I U RANK QCV rand PATH 
1 251 241 1 47 204 
2 109 89 2 186 141 
3 246 25 3 180 207 
4 1 238 4 273 61 
5 7 229 5 176 225 
6 215 16 6 14 235 
7 89 147 7 135 46 
8 94 62 8 167 197 
9 122 92 9 267 232 
10 27 1 10 142 1 
11 172 2 11 234 177 
12 41 224 12 72 79 
13 255 270 13 245 20 
14 116 221 14 57 158 
15 261 157 15 66 242 
16 80 234 16 125 270 
17 77 214 17 207 149 
18 52 213 18 254 217 
19 105 176 19 171 16 
20 159 116 20 104 38 
21 17 155 21 5 10 
22 125 133 22 93 226 
23 259 179 23 65 82 
24 128 7 24 76 254 
25 195 209 25 15 257 
26 4 110 26 52 260 
27 155 272 27 151 129 
28 58 8 28 42 57 
29 29 151 29 185 267 
30 55 187 30 159 135 
31 68 256 31 274 25 
32 44 136 32 265 241 
33 6 273 33 100 175 
34 142 152 34 48 112 
35 184 159 35 217 246 
36 193 175 36 188 113 
37 112 84 37 107 7 
38 153 189 38 13 237 
39 198 235 39 55 265 
40 243 216 40 213 189 
41 86 212 41 199 178 
42 143 246 42 123 268 
43 110 260 43 221 208 
44 158 244 44 191 203 
45 84 252 45 153 34 
46 45 11 46 124 140 
47 157 19 47 183 63 
48 59 75 48 233 14 
49 266 227 49 204 279 
50 21 77 50 215 105 
51 24 266 51 237 272 
52 222 192 52 212 120 
53 10 58 53 37 51 
54 225 210 54 109 76 
55 99 28 55 7 88 
56 14 137 56 249 59 
57 11 245 57 219 33 
58 53 106 58 277 264 
59 268 196 59 43 127 
60 141 124 60 88 278 
61 132 156 61 130 117 
62 170 204 62 252 145 
63 204 250 63 182 45 
64 239 12 64 211 240 
65 148 154 65 268 274 
66 36 190 66 146 9 
67 70 261 67 270 2 
68 91 167 68 114 221 
69 275 41 69 260 219 
70 23 219 70 192 70 
71 69 207 71 132 256 
72 72 36 72 226 164 
73 236 3 73 34 234 
74 144 104 74 129 3 
75 228 90 75 209 181 
76 119 181 76 102 75 
77 81 108 77 184 205 
78 179 177 78 6 155 
79 136 247 79 246 44 
80 124 14 80 33 103 
81 190 59 81 269 6 
82 145 237 82 210 5 
83 168 100 83 115 108 
84 123 178 84 122 161 
85 65 127 85 240 261 
86 62 269 86 143 159 
87 16 22 87 111 107 
88 88 195 88 117 174 
89 220 18 89 152 119 
90 218 160 90 3 32 
91 250 122 91 164 85 
92 181 105 92 63 223 
93 61 120 93 131 133 
94 118 279 94 231 73 
95 207 123 95 44 157 
96 96 5 96 51 275 
97 35 94 97 49 49 
98 206 99 98 189 222 
99 39 6 99 61 199 
100 92 255 100 73 193 
101 256 173 101 62 245 
102 9 130 102 2 255 
103 135 134 103 18 24 
104 113 68 104 106 150 
105 278 146 105 92 104 
106 98 225 106 1 152 
107 95 208 107 36 200 
108 40 15 108 250 96 
109 211 71 109 154 277 
110 114 95 110 29 180 
111 265 20 111 27 263 
112 76 17 112 83 176 
113 245 254 113 258 23 
114 106 111 114 12 121 
115 147 201 115 162 132 
116 121 174 116 181 271 
117 235 32 117 272 160 
118 25 112 118 243 15 
119 224 240 119 256 224 
120 107 49 120 41 94 
121 8 233 121 119 87 
122 101 223 122 179 148 
123 240 141 123 157 165 
124 134 185 124 97 229 
125 156 165 125 60 40 
126 63 166 126 247 8 
127 49 278 127 222 124 
128 263 118 128 145 64 
129 196 57 129 165 196 
130 254 202 130 89 192 
131 212 230 131 136 92 
132 216 138 132 196 252 
133 66 69 133 82 162 
134 46 243 134 224 72 
135 260 126 135 218 126 
136 48 121 136 168 111 
137 234 72 137 4 137 
138 103 182 138 230 114 
139 78 186 139 173 27 
140 237 13 140 170 253 
141 57 188 141 241 188 
142 205 264 142 275 106 
143 262 232 143 225 115 
144 199 54 144 197 54 
145 188 172 145 84 30 
146 20 139 146 94 35 
147 87 91 147 38 91 
148 83 21 148 81 228 
149 71 183 149 149 183 
150 191 150 150 194 68 
151 189 81 151 193 201 
152 150 55 152 150 211 
153 102 87 153 96 231 
154 203 277 154 105 47 
155 167 51 155 187 69 
156 165 253 156 251 58 
157 253 70 157 59 216 
158 108 128 158 195 276 
159 264 199 159 21 100 
160 126 249 160 139 249 
161 47 93 161 244 42 
162 75 56 162 208 251 
163 223 66 163 227 80 
164 279 73 164 175 248 
165 22 171 165 110 266 
166 232 64 166 24 262 
167 161 271 167 239 66 
168 247 31 168 54 118 
169 104 163 169 172 99 
170 42 24 170 140 43 
171 37 218 171 10 12 
172 219 115 172 22 156 
173 12 33 173 17 215 
174 74 206 174 238 206 
175 18 101 175 113 139 
176 15 143 176 202 143 
177 186 86 177 266 125 
178 56 74 178 78 214 
179 13 217 179 116 244 
180 177 34 180 190 71 
181 28 45 181 216 28 
182 139 35 182 70 258 
183 238 23 183 264 247 
184 171 27 184 23 269 
185 154 220 185 261 102 
186 221 226 186 259 39 
187 176 37 187 201 238 
188 64 194 188 137 146 
189 226 38 189 95 93 
190 164 161 190 108 13 
191 127 200 191 118 186 
192 149 42 192 9 48 
193 100 148 193 67 77 
194 3 44 194 121 153 
195 270 129 195 77 166 
196 67 29 196 163 18 
197 146 85 197 271 122 
198 276 63 198 28 19 
199 163 184 199 166 259 
200 241 46 200 75 187 
201 152 47 201 198 202 
202 175 48 202 127 151 
203 79 39 203 158 230 
204 82 40 204 86 31 
205 30 262 205 98 74 
206 51 43 206 90 110 
207 173 257 207 232 184 
208 33 50 208 71 21 
209 26 125 209 19 52 
210 85 170 210 101 170 
211 162 26 211 255 26 
212 257 140 212 144 60 
213 133 96 213 134 185 
214 214 97 214 223 84 
215 197 82 215 35 171 
216 242 153 216 80 130 
217 2 76 217 161 198 
218 32 109 218 220 78 
219 258 267 219 40 210 
220 248 248 220 112 50 
221 202 180 221 236 83 
222 271 251 222 11 90 
223 73 211 223 228 154 
224 43 275 224 39 41 
225 178 268 225 155 167 
226 273 131 226 91 22 
227 129 162 227 32 89 
228 151 65 228 99 65 
229 200 142 229 53 29 
230 249 149 230 206 147 
231 233 79 231 68 239 
232 166 236 232 235 67 
233 244 61 233 128 11 
234 140 60 234 248 101 
235 34 102 235 20 138 
236 277 193 236 69 134 
237 60 119 237 257 136 
238 185 258 238 120 144 
239 97 107 239 31 37 
240 208 132 240 26 56 
241 130 168 241 253 218 
242 187 144 242 25 97 
243 120 114 243 174 182 
244 183 98 244 156 194 
245 230 242 245 178 17 
246 115 78 246 160 227 
247 252 231 247 16 169 
248 169 265 248 30 233 
249 131 67 249 74 212 
250 267 80 250 278 173 
251 117 113 251 141 163 
252 5 215 252 263 142 
253 231 169 253 169 116 
254 274 259 254 229 98 
255 160 205 255 148 250 
256 50 52 256 242 86 
257 93 191 257 50 191 
258 111 4 258 87 4 
259 174 53 259 8 95 
260 194 135 260 56 131 
261 269 9 261 58 81 
262 213 203 262 103 213 
263 19 164 263 126 36 
264 192 145 264 45 236 
265 272 239 265 138 220 
266 31 117 266 214 190 
267 209 228 267 85 109 
268 180 263 268 177 243 
269 210 274 269 205 55 
270 182 197 270 200 62 
271 38 10 271 147 273 
272 227 158 272 203 123 
273 138 198 273 276 168 
274 137 88 274 133 209 
275 217 222 275 64 195 
276 201 276 276 262 128 
277 54 30 277 79 172 
278 90 83 278 46 53 
279 229 103 279 279 179 
