***********************************
Experiment parameters:
Experiment results:
Permutations:
I U RANK QCV rand PATH 
1 263 135 83 47 83 
2 27 99 156 186 156 
3 60 87 51 180 51 
4 175 195 154 273 154 
5 133 218 61 176 61 
6 229 252 197 14 197 
7 275 175 118 135 118 
8 78 138 68 167 68 
9 180 186 166 267 166 
10 46 2 237 142 45 
11 266 206 233 234 57 
12 131 161 262 72 27 
13 244 173 119 245 119 
14 203 214 243 57 243 
15 9 4 4 66 175 
16 40 202 111 125 111 
17 112 229 186 207 186 
18 130 278 178 254 178 
19 89 5 101 171 101 
20 171 165 50 104 50 
21 177 268 169 5 262 
22 18 132 255 93 151 
23 234 144 58 65 58 
24 134 7 157 76 140 
25 226 11 259 15 259 
26 148 233 225 52 225 
27 139 101 148 151 148 
28 138 102 175 42 4 
29 140 1 235 185 12 
30 63 190 135 159 135 
31 220 248 248 274 248 
32 272 139 256 265 256 
33 228 189 104 100 181 
34 191 129 139 48 139 
35 17 77 71 217 7 
36 125 194 108 188 108 
37 185 177 57 107 168 
38 161 215 244 13 104 
39 51 136 137 55 199 
40 61 104 138 213 138 
41 39 154 56 199 29 
42 262 247 158 123 158 
43 146 13 94 221 266 
44 83 35 54 191 54 
45 28 239 17 153 17 
46 197 12 168 124 47 
47 13 261 123 183 123 
48 117 264 269 233 269 
49 57 273 193 204 193 
50 12 60 211 215 211 
51 154 167 38 237 38 
52 70 225 132 212 149 
53 145 39 258 37 258 
54 216 108 194 109 194 
55 108 131 131 7 131 
56 6 10 92 249 92 
57 92 226 277 219 277 
58 54 36 217 277 217 
59 127 192 98 43 98 
60 102 196 114 88 114 
61 164 3 164 130 164 
62 243 212 212 252 212 
63 213 223 127 182 127 
64 103 109 109 211 42 
65 192 117 271 268 271 
66 68 145 241 146 241 
67 260 169 116 270 116 
68 149 137 76 114 67 
69 252 81 236 260 236 
70 279 68 147 192 147 
71 45 141 141 132 141 
72 15 120 48 226 48 
73 84 86 34 34 34 
74 250 34 86 129 86 
75 221 30 274 209 274 
76 155 269 30 102 30 
77 201 170 75 184 75 
78 168 73 78 6 63 
79 19 216 185 246 185 
80 205 274 33 33 33 
81 34 70 9 269 9 
82 212 88 88 210 88 
83 36 75 265 115 265 
84 222 143 12 122 69 
85 176 275 205 240 210 
86 2 69 253 143 189 
87 8 63 177 111 177 
88 210 149 267 117 155 
89 188 98 149 152 113 
90 174 33 55 3 55 
91 208 80 250 164 250 
92 209 211 22 63 22 
93 124 66 174 131 94 
94 74 224 239 231 239 
95 128 166 40 44 40 
96 204 209 215 51 215 
97 66 125 142 49 142 
98 268 18 189 189 13 
99 56 111 172 61 172 
100 265 20 62 73 62 
101 62 121 201 62 201 
102 82 155 143 2 226 
103 38 134 130 18 56 
104 256 95 95 106 95 
105 114 265 260 92 260 
106 72 249 192 1 192 
107 248 201 216 36 216 
108 225 277 272 250 272 
109 80 72 195 154 132 
110 231 128 85 29 85 
111 73 119 240 27 240 
112 95 126 124 83 124 
113 247 180 214 258 214 
114 107 105 184 12 184 
115 49 44 242 162 242 
116 116 181 122 181 122 
117 85 55 279 272 279 
118 101 237 210 243 89 
119 33 210 15 256 15 
120 110 142 103 41 103 
121 258 203 268 119 234 
122 215 22 231 179 231 
123 65 156 99 157 99 
124 257 71 47 97 246 
125 259 153 115 60 136 
126 261 23 25 247 25 
127 196 114 196 222 196 
128 189 130 106 145 106 
129 271 262 49 165 49 
130 69 76 43 89 78 
131 30 162 232 136 134 
132 186 255 247 196 247 
133 195 164 3 82 3 
134 173 260 74 224 74 
135 104 19 19 218 19 
136 118 184 105 168 105 
137 111 240 112 4 112 
138 211 187 202 230 202 
139 190 185 218 173 157 
140 137 251 245 170 245 
141 239 16 59 241 59 
142 181 217 36 275 36 
143 169 176 13 225 275 
144 21 92 173 197 173 
145 170 222 170 84 170 
146 184 199 18 94 76 
147 132 188 188 38 188 
148 223 256 219 81 219 
149 167 51 87 149 87 
150 87 250 80 194 80 
151 276 150 153 193 153 
152 245 146 208 150 208 
153 237 158 161 96 102 
154 238 24 96 105 96 
155 142 258 65 187 65 
156 264 103 39 251 39 
157 183 147 97 59 97 
158 240 59 16 195 16 
159 251 112 100 21 100 
160 37 37 37 139 37 
161 224 116 199 244 143 
162 160 159 190 208 268 
163 274 64 133 227 252 
164 7 160 5 175 109 
165 52 107 264 110 79 
166 267 27 273 24 115 
167 11 28 45 239 176 
168 200 198 2 54 251 
169 59 266 224 172 121 
170 172 193 159 140 43 
171 230 113 121 10 218 
172 179 17 72 22 263 
173 64 32 77 17 167 
174 47 96 134 238 207 
175 277 270 252 113 198 
176 26 227 227 202 227 
177 42 200 26 266 26 
178 218 78 129 78 129 
179 120 279 35 116 35 
180 136 205 27 190 82 
181 135 221 31 216 220 
182 4 157 229 70 162 
183 105 89 70 264 165 
184 202 29 246 23 230 
185 193 94 180 261 28 
186 3 207 52 259 72 
187 55 56 234 201 264 
188 194 179 91 137 91 
189 246 90 113 95 229 
190 153 38 163 108 183 
191 178 79 140 118 160 
192 163 234 151 9 93 
193 233 231 60 67 60 
194 232 40 79 121 133 
195 58 41 183 77 224 
196 269 230 32 163 130 
197 71 152 152 271 152 
198 10 123 261 28 261 
199 249 9 181 166 70 
200 90 244 207 75 18 
201 157 45 275 198 73 
202 255 246 89 127 169 
203 143 43 42 158 237 
204 77 46 69 86 137 
205 159 49 107 98 190 
206 156 47 46 90 32 
207 273 6 249 232 187 
208 165 50 251 71 233 
209 100 26 167 19 31 
210 44 110 110 101 110 
211 147 276 276 255 276 
212 67 82 266 144 244 
213 151 163 165 134 180 
214 41 52 29 223 232 
215 32 232 155 35 195 
216 99 15 176 80 46 
217 98 122 67 161 255 
218 91 57 7 220 77 
219 206 84 160 40 253 
220 23 235 73 112 159 
221 166 21 21 236 21 
222 123 253 257 11 254 
223 214 208 117 228 117 
224 150 236 209 39 209 
225 270 58 63 155 235 
226 31 174 270 91 270 
227 93 183 182 32 182 
228 76 238 238 99 238 
229 48 42 136 53 161 
230 126 148 226 206 41 
231 43 83 82 68 71 
232 35 151 66 235 84 
233 53 115 93 128 52 
234 254 254 84 248 5 
235 199 61 254 20 257 
236 113 62 126 69 206 
237 162 257 162 257 205 
238 235 263 198 120 267 
239 24 53 220 31 163 
240 106 245 191 26 191 
241 144 171 187 253 174 
242 187 133 41 25 1 
243 96 259 10 174 10 
244 242 220 179 156 179 
245 207 272 102 178 107 
246 119 93 230 160 66 
247 122 242 44 16 44 
248 75 267 53 30 2 
249 5 67 263 74 126 
250 253 106 206 278 273 
251 94 118 1 141 249 
252 109 191 171 263 171 
253 198 241 125 169 125 
254 278 172 6 229 6 
255 158 127 221 148 221 
256 86 31 200 242 200 
257 79 14 14 50 14 
258 14 213 213 87 213 
259 88 228 228 8 228 
260 227 124 23 56 23 
261 115 65 145 58 145 
262 1 178 278 103 278 
263 22 48 120 126 120 
264 81 140 204 45 204 
265 182 243 64 138 64 
266 50 182 150 214 150 
267 16 219 20 85 20 
268 241 74 11 177 11 
269 141 271 146 205 146 
270 97 97 81 200 81 
271 129 25 24 147 24 
272 20 168 203 203 203 
273 25 197 90 276 90 
274 121 91 223 133 223 
275 152 204 28 64 53 
276 217 8 8 262 8 
277 219 100 222 79 222 
278 236 85 128 46 128 
279 29 54 144 279 144 
