***********************************
Experiment parameters:
Experiment results:
Permutations:
I U RANK QCV rand PATH 
1 236 241 1 47 274 
2 51 219 2 186 141 
3 178 157 3 180 73 
4 20 92 4 273 53 
5 254 222 5 176 56 
6 126 23 6 14 112 
7 60 268 7 135 147 
8 24 31 8 167 1 
9 65 274 9 267 57 
10 61 122 10 142 222 
11 95 177 11 234 76 
12 13 82 12 72 152 
13 227 251 13 245 48 
14 34 56 14 57 217 
15 8 3 15 66 212 
16 146 257 16 125 260 
17 49 218 17 207 142 
18 222 94 18 254 135 
19 52 4 19 171 106 
20 94 267 20 104 151 
21 209 13 21 5 10 
22 10 238 22 93 105 
23 35 145 23 65 27 
24 256 204 24 76 134 
25 18 55 25 15 104 
26 203 86 26 52 23 
27 21 211 27 151 4 
28 40 7 28 42 129 
29 46 183 29 185 71 
30 141 182 30 159 165 
31 169 178 31 274 2 
32 39 120 32 265 166 
33 191 171 33 100 62 
34 41 83 34 48 226 
35 151 75 35 217 138 
36 279 15 36 188 254 
37 63 208 37 107 225 
38 103 2 38 13 157 
39 28 100 39 55 109 
40 11 176 40 213 47 
41 47 213 41 199 65 
42 44 248 42 123 114 
43 2 134 43 221 86 
44 154 6 44 191 265 
45 180 255 45 153 238 
46 68 12 46 124 192 
47 15 47 47 183 229 
48 190 194 48 233 117 
49 159 16 49 204 29 
50 220 102 50 215 144 
51 165 63 51 237 18 
52 176 230 52 212 184 
53 31 242 53 37 111 
54 158 167 54 109 7 
55 33 95 55 7 77 
56 117 87 56 249 190 
57 155 181 57 219 3 
58 107 264 58 277 160 
59 173 185 59 43 168 
60 186 69 60 88 232 
61 136 215 61 130 261 
62 172 216 62 252 68 
63 108 223 63 182 113 
64 132 192 64 211 103 
65 237 159 65 268 200 
66 149 60 66 146 199 
67 122 168 67 270 80 
68 90 275 68 114 270 
69 83 130 69 260 176 
70 248 172 70 192 130 
71 5 73 71 132 178 
72 121 11 72 226 193 
73 243 143 73 34 87 
74 174 163 74 129 247 
75 235 265 75 209 6 
76 175 186 76 102 58 
77 19 113 77 184 221 
78 12 197 78 6 216 
79 253 234 79 246 20 
80 135 139 80 33 194 
81 221 249 81 269 173 
82 162 189 82 210 172 
83 252 104 83 115 143 
84 197 201 84 122 170 
85 104 212 85 240 51 
86 258 70 86 143 100 
87 167 65 87 111 242 
88 171 71 88 117 228 
89 1 214 89 152 128 
90 271 84 90 3 94 
91 43 161 91 164 258 
92 76 61 92 63 102 
93 81 112 93 131 32 
94 131 271 94 231 208 
95 229 115 95 44 15 
96 91 229 96 51 189 
97 80 169 97 49 224 
98 263 226 98 189 136 
99 143 155 99 61 163 
100 125 266 100 73 35 
101 147 107 101 62 230 
102 53 121 102 2 177 
103 111 114 103 18 38 
104 133 256 104 106 256 
105 67 99 105 92 49 
106 255 105 106 1 214 
107 93 193 107 36 54 
108 264 217 108 250 162 
109 88 273 109 154 218 
110 274 237 110 29 231 
111 204 48 111 27 59 
112 166 89 112 83 8 
113 232 165 113 258 187 
114 127 259 114 12 272 
115 156 206 115 162 236 
116 118 162 116 181 16 
117 54 190 117 272 122 
118 195 116 118 243 33 
119 214 225 119 256 84 
120 219 224 120 41 219 
121 200 244 121 119 83 
122 225 9 122 179 61 
123 192 135 123 157 17 
124 58 228 124 97 25 
125 96 199 125 60 169 
126 59 184 126 247 88 
127 208 232 127 222 69 
128 161 118 128 145 202 
129 231 205 129 165 137 
130 273 109 130 89 188 
131 145 276 131 136 153 
132 265 128 132 196 39 
133 29 262 133 82 241 
134 77 246 134 224 257 
135 56 220 135 218 220 
136 184 272 136 168 259 
137 115 22 137 4 95 
138 16 52 138 230 99 
139 123 174 139 173 266 
140 198 66 140 170 11 
141 137 253 141 241 253 
142 140 198 142 275 264 
143 75 236 143 225 41 
144 246 233 144 197 19 
145 179 93 145 84 91 
146 57 126 146 94 81 
147 272 149 147 38 149 
148 7 279 148 81 116 
149 130 24 149 149 28 
150 259 258 150 194 133 
151 230 108 151 193 206 
152 207 133 152 150 101 
153 71 152 153 96 79 
154 124 18 154 105 235 
155 206 111 155 187 5 
156 152 96 156 251 66 
157 106 127 157 59 85 
158 102 90 158 195 43 
159 233 247 159 21 74 
160 188 250 160 139 250 
161 6 25 161 244 263 
162 37 269 162 208 126 
163 101 142 163 227 40 
164 234 150 164 175 110 
165 89 97 165 110 269 
166 201 26 166 24 158 
167 129 27 167 239 156 
168 177 29 168 54 185 
169 99 20 169 172 50 
170 267 129 170 140 26 
171 148 30 171 10 97 
172 128 278 172 22 34 
173 116 187 173 17 37 
174 163 164 174 238 63 
175 25 166 175 113 164 
176 14 196 176 202 196 
177 42 140 177 266 14 
178 170 76 178 78 46 
179 250 141 179 116 186 
180 120 33 180 190 211 
181 86 124 181 216 22 
182 70 34 182 70 64 
183 168 85 183 264 267 
184 139 32 184 23 70 
185 150 88 185 261 245 
186 194 35 186 259 175 
187 268 36 187 201 203 
188 249 195 188 137 124 
189 79 37 189 95 154 
190 261 38 190 108 204 
191 187 154 191 118 118 
192 4 39 192 9 146 
193 62 144 193 67 9 
194 238 40 194 121 255 
195 97 41 195 77 248 
196 260 67 196 163 131 
197 138 101 197 271 161 
198 74 21 198 28 21 
199 202 19 199 166 249 
200 199 175 200 75 30 
201 50 44 201 198 191 
202 3 46 202 127 36 
203 240 45 203 158 182 
204 239 110 204 86 120 
205 211 146 205 98 279 
206 27 148 206 90 227 
207 134 49 207 232 243 
208 269 50 208 71 92 
209 196 14 209 19 78 
210 193 160 210 101 198 
211 66 252 211 255 252 
212 112 239 212 144 234 
213 210 153 213 134 132 
214 245 277 214 223 108 
215 266 240 215 35 205 
216 17 54 216 80 207 
217 183 235 217 161 210 
218 277 79 218 220 197 
219 9 158 219 40 277 
220 228 245 220 112 171 
221 64 125 221 236 42 
222 241 254 222 11 278 
223 69 117 223 228 159 
224 185 260 224 39 127 
225 26 57 225 155 44 
226 182 170 226 91 273 
227 181 137 227 32 262 
228 36 179 228 99 179 
229 157 188 229 53 150 
230 30 136 230 206 98 
231 109 80 231 68 45 
232 82 151 232 235 201 
233 218 209 233 128 180 
234 275 98 234 248 181 
235 213 210 235 20 275 
236 85 62 236 69 148 
237 276 263 237 257 240 
238 270 64 238 120 244 
239 278 103 239 31 121 
240 45 17 240 26 123 
241 55 138 241 253 13 
242 22 132 242 25 67 
243 98 243 243 174 233 
244 257 173 244 156 195 
245 92 53 245 178 75 
246 78 270 246 160 276 
247 242 91 247 16 72 
248 251 180 248 30 12 
249 114 68 249 74 239 
250 226 81 250 278 167 
251 72 8 251 141 183 
252 32 207 252 263 213 
253 215 261 253 169 215 
254 164 1 254 229 155 
255 224 221 255 148 223 
256 223 78 256 242 140 
257 100 28 257 50 119 
258 216 119 258 87 24 
259 113 42 259 8 237 
260 189 123 260 56 174 
261 212 72 261 58 60 
262 153 106 262 103 139 
263 142 5 263 126 115 
264 144 131 264 45 271 
265 262 227 265 138 96 
266 244 156 266 214 246 
267 105 203 267 85 209 
268 119 59 268 177 93 
269 48 200 269 205 52 
270 23 43 270 200 31 
271 73 51 271 147 82 
272 205 147 272 203 268 
273 38 191 273 276 107 
274 87 77 274 133 55 
275 84 202 275 64 89 
276 217 10 276 262 90 
277 160 74 277 79 251 
278 247 231 278 46 125 
279 110 58 279 279 145 
