***********************************
Experiment parameters:
Experiment results:
Permutations:
I U RANK QCV rand PATH 
1 178 275 172 47 250 
2 172 260 111 186 111 
3 35 134 40 180 40 
4 226 191 139 273 73 
5 187 200 173 176 173 
6 1 14 249 14 249 
7 222 147 256 135 256 
8 173 16 154 167 154 
9 80 227 257 267 257 
10 156 1 102 142 112 
11 202 161 13 234 19 
12 186 81 66 72 66 
13 75 10 11 245 11 
14 158 201 231 57 231 
15 230 3 109 66 109 
16 148 110 25 125 25 
17 40 233 36 207 36 
18 248 263 53 254 53 
19 180 187 51 171 51 
20 133 68 233 104 233 
21 199 149 201 5 201 
22 241 148 73 93 84 
23 174 242 97 65 97 
24 93 6 150 76 150 
25 50 135 133 15 133 
26 81 137 6 52 81 
27 44 238 228 151 228 
28 265 7 60 42 60 
29 237 131 1 185 210 
30 207 180 98 159 98 
31 34 218 174 274 174 
32 46 126 63 265 63 
33 51 166 8 100 8 
34 28 225 253 48 253 
35 58 9 52 217 278 
36 65 172 169 188 169 
37 73 83 259 107 157 
38 13 101 198 13 198 
39 183 155 146 55 33 
40 269 18 190 213 190 
41 115 150 162 199 204 
42 47 51 276 123 276 
43 135 145 271 221 200 
44 82 234 38 191 38 
45 253 8 80 153 80 
46 209 146 220 124 124 
47 259 177 177 183 177 
48 213 97 263 233 263 
49 70 24 191 204 191 
50 232 138 195 215 195 
51 84 163 43 237 43 
52 97 251 86 212 86 
53 218 246 144 37 144 
54 185 100 117 109 117 
55 7 205 221 7 221 
56 263 31 213 249 213 
57 26 241 79 219 79 
58 167 56 138 277 120 
59 149 193 170 43 170 
60 43 115 151 88 151 
61 88 71 34 130 34 
62 208 209 12 252 6 
63 175 221 30 182 30 
64 20 178 62 211 41 
65 143 15 114 268 114 
66 267 186 132 146 132 
67 274 57 274 270 274 
68 257 204 184 114 224 
69 103 190 270 260 270 
70 210 154 16 192 16 
71 12 164 164 132 164 
72 205 144 265 226 265 
73 255 258 61 34 61 
74 59 61 258 129 258 
75 166 45 242 209 242 
76 106 219 45 102 45 
77 243 65 194 184 194 
78 119 108 71 6 127 
79 37 244 237 246 28 
80 145 156 76 33 76 
81 231 213 85 269 85 
82 110 198 101 210 101 
83 196 92 65 115 65 
84 268 124 178 122 17 
85 54 122 7 240 185 
86 22 222 240 143 254 
87 55 253 24 111 24 
88 272 70 64 117 52 
89 120 17 200 152 247 
90 211 53 219 3 219 
91 4 182 208 164 208 
92 256 195 140 63 140 
93 18 117 112 131 12 
94 79 267 168 231 168 
95 192 152 227 44 227 
96 108 199 18 51 18 
97 105 243 90 49 90 
98 78 128 124 189 275 
99 200 85 110 61 110 
100 29 255 72 73 72 
101 195 259 267 62 267 
102 124 19 44 2 108 
103 91 127 77 18 50 
104 270 208 236 106 236 
105 194 188 160 92 160 
106 99 257 100 1 100 
107 32 206 87 36 87 
108 66 272 166 250 166 
109 98 228 19 154 193 
110 266 77 192 29 192 
111 39 11 262 27 262 
112 86 88 14 83 14 
113 198 175 105 258 105 
114 144 59 250 12 5 
115 60 261 181 162 181 
116 217 239 206 181 206 
117 223 143 141 272 141 
118 117 162 185 243 7 
119 76 256 3 256 3 
120 64 189 273 41 273 
121 262 249 46 119 46 
122 104 140 217 179 217 
123 239 111 91 157 91 
124 95 20 119 97 64 
125 132 91 165 60 165 
126 154 276 207 247 207 
127 206 151 115 222 115 
128 184 125 68 145 68 
129 168 232 88 165 88 
130 31 75 278 89 31 
131 107 107 58 136 196 
132 140 13 180 196 180 
133 191 132 171 82 171 
134 236 202 2 224 2 
135 151 21 21 218 21 
136 69 118 118 168 118 
137 141 82 205 4 205 
138 250 121 214 230 214 
139 17 176 266 173 147 
140 19 116 127 170 93 
141 170 235 210 241 20 
142 130 120 56 275 56 
143 83 220 128 225 119 
144 212 99 188 197 188 
145 204 2 202 84 202 
146 150 112 193 94 222 
147 177 203 203 38 203 
148 273 268 255 81 255 
149 123 40 134 149 134 
150 193 264 264 194 264 
151 181 29 269 193 269 
152 157 123 130 150 130 
153 137 86 29 96 78 
154 14 12 239 105 239 
155 16 273 246 187 246 
156 279 183 116 251 116 
157 63 89 199 59 199 
158 197 55 252 195 252 
159 111 194 212 21 212 
160 85 245 245 139 245 
161 67 27 230 244 9 
162 48 72 251 208 47 
163 71 102 272 227 272 
164 100 73 225 175 107 
165 77 98 42 110 153 
166 49 28 216 24 75 
167 3 211 247 239 184 
168 109 105 175 54 74 
169 152 165 113 172 189 
170 5 168 241 140 226 
171 10 129 209 10 163 
172 57 254 244 22 225 
173 261 109 163 17 42 
174 169 185 78 238 211 
175 127 96 222 113 126 
176 227 103 103 202 103 
177 277 197 22 266 22 
178 134 74 187 78 57 
179 201 76 234 116 234 
180 216 271 179 190 209 
181 92 95 69 216 69 
182 171 35 94 70 94 
183 164 84 176 264 54 
184 225 26 48 23 237 
185 153 87 81 261 244 
186 276 36 161 259 113 
187 42 37 248 201 172 
188 242 160 135 137 135 
189 159 277 93 95 159 
190 113 39 145 108 13 
191 87 216 149 118 241 
192 21 64 211 9 187 
193 246 217 197 67 197 
194 162 41 70 121 70 
195 114 42 147 77 266 
196 94 33 20 163 128 
197 24 236 182 271 182 
198 38 229 229 28 229 
199 189 210 137 166 137 
200 219 43 57 75 216 
201 2 66 84 198 26 
202 146 46 126 127 139 
203 278 44 27 158 62 
204 220 47 107 86 131 
205 160 49 235 98 149 
206 62 48 108 90 102 
207 41 133 31 232 175 
208 30 50 153 71 49 
209 68 22 5 19 138 
210 258 4 4 101 4 
211 25 104 104 255 104 
212 112 224 122 144 161 
213 129 169 28 134 152 
214 74 52 158 223 146 
215 176 184 26 35 178 
216 254 54 96 80 48 
217 27 237 129 161 129 
218 101 78 254 220 122 
219 240 248 47 40 251 
220 275 278 75 112 37 
221 61 5 59 236 59 
222 244 226 148 11 27 
223 163 114 123 228 123 
224 118 174 218 39 218 
225 33 94 157 155 96 
226 52 142 215 91 215 
227 179 171 260 32 260 
228 9 167 167 99 167 
229 126 250 275 53 176 
230 165 153 226 206 29 
231 122 79 224 68 44 
232 102 60 83 235 230 
233 155 159 120 128 58 
234 224 58 204 248 71 
235 247 274 9 20 145 
236 245 63 155 69 83 
237 128 62 50 257 240 
238 251 240 131 120 235 
239 125 106 41 31 158 
240 89 93 189 26 271 
241 96 158 125 253 1 
242 23 173 142 25 220 
243 121 214 121 174 121 
244 72 223 92 156 92 
245 136 266 159 178 259 
246 53 119 39 160 248 
247 15 181 261 16 261 
248 252 247 33 30 155 
249 56 67 37 74 39 
250 142 80 54 278 142 
251 36 113 17 141 148 
252 138 215 196 263 179 
253 203 90 49 169 125 
254 214 25 99 229 99 
255 264 30 82 148 82 
256 229 32 32 242 32 
257 8 23 23 50 23 
258 11 136 136 87 136 
259 228 279 152 8 77 
260 182 139 277 56 277 
261 271 269 186 58 186 
262 90 141 143 103 143 
263 233 265 183 126 183 
264 238 170 268 45 268 
265 188 196 106 138 106 
266 139 34 243 214 243 
267 131 207 238 85 238 
268 161 262 223 177 223 
269 147 130 15 205 15 
270 221 270 89 200 89 
271 235 230 67 147 67 
272 215 157 74 203 162 
273 116 179 35 276 35 
274 260 69 95 133 95 
275 6 231 232 64 232 
276 249 252 55 262 55 
277 234 212 10 79 10 
278 190 192 279 46 279 
279 45 38 156 279 156 
